3.2104,-0.42038,0.80427,0.44375,-0.57352,5.1764,-19.079,14.889,0.46939,-0.82552,0.08055,-10.188,83.405,-3.372,-7.0009,9.3691,-0.094047,-0.86471,-0.49897,0.44828,-34.044,6.7113,-16.271,12
-0.8117,-1.3343,1.301,0.50654,-0.427,-6.9821,-19.269,-2.1687,0.46939,-0.82552,0.08055,-25.103,7.774,-17.613,-13.429,4.3022,1.2151,-0.86471,-0.49897,0.44828,-33.005,2.9227,-12.964,12
-3.8506,-0.90187,2.4978,0.74516,-0.23443,-2.1333,-17.67,-8.5506,0.47681,-0.8349,0.12574,-17.23,3.6585,-3.2995,-21.189,-7.0933,-3.3338,-0.86471,-0.49897,0.44828,-14.846,-30.428,-8.6569,12
-5.4563,-1.4267,0.85054,0.96703,-0.071167,5.1246,-7.5795,-10.421,0.47681,-0.8349,0.12574,14.622,7.0097,5.9867,-20.82,-18.847,-10.713,-0.83725,-0.53799,0.42672,-4.095,-32.48,14.683,12
-13.504,-3.6042,-2.577,0.9168,-0.12977,6.4343,-13.993,-5.2603,0.47681,-0.8349,0.12574,39.262,-3.5119,14.979,-20.686,-18.872,-15.183,-0.83725,-0.53799,0.42672,14.413,5.0007,151.5,12
-21.949,2.5173,-11.058,0.78702,-0.38514,3.4021,-19.252,-0.47026,0.45826,-0.82364,0.15324,52.841,-9.1523,31.647,-20.759,-18.871,-13.069,-0.83725,-0.53799,0.42672,13.221,11.478,253.58,12
-21.929,4.0215,-13.975,1.147,-0.092098,-1.1953,-19.226,4.0996,0.45826,-0.82364,0.15324,67.051,-37.551,27.317,-20.857,-18.841,-9.14,-0.83725,-0.53799,0.42672,-1.9804,35.355,266.75,12
-22.085,10.803,-5.4382,0.94192,-0.37677,3.0355,-19.098,12.003,0.45826,-0.82364,0.15324,81.634,1.3855,34.573,-19.113,-18.76,-4.9797,-0.94902,-0.29774,0.42888,-23.21,-22.93,224.67,12
-21.961,5.1103,-10.772,1.235,-0.083726,-2.9795,-11.756,6.622,0.45826,-0.82364,0.15324,45.955,-12.019,32.534,-12.047,-15.519,-0.94264,-0.94902,-0.29774,0.42888,-38.913,-67.234,188.7,12
-21.844,-1.2095,-13.014,0.72423,-0.43956,-0.4753,-10.371,10.466,0.41187,-0.82176,0.25344,21.386,-44.618,15.17,-2.7497,-8.937,2.3032,-0.94902,-0.29774,0.42888,-43.956,-104.75,152.88,12
-21.759,-4.4551,-7.5589,1.5447,-0.28885,5.4853,-7.4025,1.3306,0.41187,-0.82176,0.25344,-18.874,-88.068,-2.6379,8.5777,-5.7766,3.3362,-0.91569,-0.11294,0.56897,-29.934,-120.85,117.22,12
-12.069,-0.065481,-4.5112,1.9634,0.16745,11.584,-10.42,-14.249,0.41187,-0.82176,0.25344,-55.074,-66.972,-11.36,18.263,-1.0543,2.5723,-0.91569,-0.11294,0.56897,-2.9802,-82.58,69.358,12
-2.4961,4.0989,-4.3048,0.31397,-0.19676,4.9572,-0.78931,8.1976,0.46011,-0.8349,0.18664,-17.835,72.105,-13.207,18.838,3.1301,2.0107,-0.91569,-0.11294,0.56897,13.296,-16.91,10.182,12
2.1548,3.3735,-1.8648,0.26374,-0.49817,-11.699,2.1288,13.875,0.46011,-0.8349,0.18664,13.607,45.552,-2.315,15.519,1.7412,1.1183,-0.91569,-0.11294,0.56897,24.275,21.788,-47.386,12
5.2851,1.4039,1.2632,0.44793,-0.28885,-2.5221,2.2904,8.2455,0.46011,-0.8349,0.18664,44.779,-42.833,-0.46726,9.6656,0.028035,0.80349,-0.87255,-0.059548,0.68103,36.434,34.817,-93.482,12
7.9859,1.713,1.3331,0.41026,-0.47724,0.59714,0.77635,4.3677,0.44156,-0.803,0.22986,74.542,1.8234,0.22253,4.1288,-0.76705,-0.70502,-0.87255,-0.059548,0.68103,41.147,21.319,-131.88,12
7.2393,1.1669,1.6629,0.44793,-0.39351,-1.5737,0.4384,2.2562,0.44156,-0.803,0.22986,95.535,42.898,4.4424,1.357,-2.3179,-2.793,-0.87255,-0.059548,0.68103,40.499,10.409,-152.72,12
2.8447,0.69196,2.336,0.66143,-0.16327,-2.273,-1.547,0.74367,0.44156,-0.803,0.22986,109.52,46.244,13.653,-0.026302,-2.9846,-3.4617,-0.87843,-0.17043,0.63578,39.765,26.789,-166.98,12
0.30259,-0.98831,2.1637,0.64469,-0.19257,0.53175,-4.2681,-0.072669,0.44156,-0.803,0.22986,114.48,59.589,16.739,-4.5757,-2.7655,-2.5549,-0.87843,-0.17043,0.63578,30.901,38.073,-172.69,12
-1.0469,-2.2008,0.85456,1.1219,0.23025,-4.8185,-2.9725,-3.1864,0.37662,-0.71482,0.45972,103.67,71.624,22.174,-8.1651,-2.3006,-2.0629,-0.87843,-0.17043,0.63578,21.131,12.555,-157.1,12
-2.8521,-2.3451,0.34683,1.4275,0.36002,-0.82405,-5.5717,-17.568,0.37662,-0.71482,0.45972,63.318,-43.569,19.371,-7.0307,-0.126,-2.6,-0.87843,-0.17043,0.63578,11.128,-18.271,-128.11,12
-2.5673,-1.4328,-0.69738,1.3145,0.23443,7.3175,-3.8035,-17.971,0.37662,-0.71482,0.45972,21.441,-24.435,7.3191,-5.5078,1.4411,-1.8863,-0.85098,-0.31211,0.60345,1.9054,-24.897,-92.132,12
-0.7518,-0.79363,-0.17669,1.0173,0.1214,-1.6718,1.4076,-12.707,0.31725,-0.6454,0.56974,-28.256,11.292,9.2545,-5.9345,2.4035,-0.65066,-0.85098,-0.31211,0.60345,-0.37843,-19.89,-47.462,12
1.1536,-0.10222,0.26448,0.91261,0.11722,19.53,-11.354,-18.602,0.31725,-0.6454,0.56974,-231.28,-167.41,-64.407,-5.2057,4.0052,0.52318,-0.85098,-0.31211,0.60345,1.7989,-17.598,-15.673,12
2.9047,0.21972,0.12504,0.90005,0.18838,-7.9905,-4.3721,-7.5068,0.31725,-0.6454,0.56974,-123.07,271.14,-13.237,-4.5764,4.6034,1.3448,-0.80784,-0.36756,0.65733,6.665,-15.727,12.926,12
2.3777,0.81187,-0.021668,0.67818,-0.24699,-8.87,-19.144,14.267,0.31725,-0.6454,0.56974,20.851,53.553,-39.192,-5.0671,2.8761,2.6126,-0.80784,-0.36756,0.65733,11.915,-11.359,37.536,12
-0.39638,0.62721,-0.49092,0.60701,-0.26792,-12.926,-19.231,7.5446,0.30612,-0.73921,0.46758,-61.279,-57.185,-21.146,-8.1692,-3.7677,3.2283,-0.80784,-0.36756,0.65733,20.856,2.986,65.369,12
-2.7588,0.062532,-0.93121,0.74516,-0.14652,5.5442,-2.3702,-13.261,0.30612,-0.73921,0.46758,-16.861,-26.437,2.4775,-14.322,-14.714,-1.3503,-0.80784,-0.36756,0.65733,27.241,31.134,73.519,12
-4.8572,-1.077,-1.2022,0.76609,-0.03349,5.3851,-9.496,-17.921,0.30612,-0.73921,0.46758,72.308,-25.677,14.539,-21.017,-18.851,-5.1405,-0.83922,-0.28337,0.65302,24.081,56.217,37.826,12
-9.4647,-0.50141,3.3022,0.95029,0.10047,0.28077,-17.902,-4.1111,0.34694,-0.75422,0.44401,122.24,14.557,40.7,-20.874,-18.829,-8.931,-0.83922,-0.28337,0.65302,31.751,69.167,51.929,12
-21.965,5.3277,5.869,1.0298,0.19257,-1.0195,-19.214,3.3208,0.34694,-0.75422,0.44401,153.05,12.414,42.702,-20.897,-18.788,-6.8248,-0.83922,-0.28337,0.65302,7.3241,32.227,53.976,12
-21.576,-13.633,-17.89,0.64887,-0.31816,-6.6498,-19.199,11.734,0.34694,-0.75422,0.44401,168.63,-13.246,52.748,-21.117,-18.762,-1.1881,-0.9098,-0.20534,0.57543,-41.073,-13.957,33.253,12
-21.921,3.1071,-4.3519,0.96285,-0.3056,-6.1907,6.0399,-6.9057,0.34694,-0.75422,0.44401,179.31,-118.86,45.799,-14.1,-18.688,0.2427,-0.9098,-0.20534,0.57543,-52.311,-96.491,8.2219,12
-22.004,7.2558,-7.1786,0.86238,-0.23443,19.594,-19.14,-18.938,0.34694,-0.75422,0.44401,68.275,-41.784,-13.502,-2.9806,-11.146,2.401,-0.9098,-0.20534,0.57543,-38.563,-86.093,9.1149,12
-21.729,-6.4671,-11.382,0.35583,-0.56096,-13.659,-3.4285,-10.173,0.34694,-0.75422,0.44401,5.4617,235.17,4.4654,4.368,-1.3482,4.1826,-0.9098,-0.20534,0.57543,-23.614,-45.397,-7.9605,12
-19.347,-6.4112,-6.5138,0.84144,-0.52329,-1.6231,-2.9846,-15.29,0.34694,-0.75422,0.44401,-40.788,-26.932,-0.21363,8.5328,6.4675,4.7505,-0.81961,-0.24641,0.67888,-16.517,0.010241,-15.493,12
-6.3576,-4.8497,-1.1838,2.4574,-0.016745,2.2417,-0.99605,-10.496,0.22449,-0.50281,0.73281,-69.497,-39.305,-17.986,8.5278,9.6486,4.8574,-0.81961,-0.24641,0.67888,-15.472,32.73,-9.301,12
6.5502,2.2892,2.8797,0.15071,-0.51073,-0.67795,-3.3864,-8.9365,0.22449,-0.50281,0.73281,-87.534,-28.849,-12.391,4.7581,7.6418,4.1842,-0.81961,-0.24641,0.67888,-7.9073,35.124,-16.394,12
6.5783,4.4169,3.2712,0.16327,-0.54003,-3.9429,-4.6946,-5.1075,0.22449,-0.50281,0.73281,-103.63,-45.019,-5.2694,4.4395,4.3656,1.562,-0.8549,-0.3039,0.65086,8.5255,8.7455,-42.516,12
9.2686,5.2552,-0.084931,0.19257,-0.65725,-1.1771,-4.6235,-2.9409,0.31354,-0.64916,0.56582,-121.33,-74.016,1.0023,4.5385,1.9806,-0.94264,-0.8549,-0.3039,0.65086,19.266,5.6222,-71.873,12
5.7774,3.0498,-1.2203,0.20094,-0.49398,-0.0071567,-5.3972,-4.072,0.31354,-0.64916,0.56582,-134.99,-31.861,5.0386,3.023,-0.61229,-2.2285,-0.8549,-0.3039,0.65086,23.038,23.704,-92.917,12
-1.5578,1.6297,1.1256,0.3977,-0.33909,0.65105,-6.9615,-3.0811,0.31354,-0.64916,0.56582,-141.07,5.4474,3.1998,-0.2033,-2.4574,-2.7375,-0.8549,-0.3039,0.65086,24.045,52.573,-90.659,12
-4.1294,-0.095923,0.41242,0.34746,-0.38514,0.20474,-7.0382,-0.84986,0.31354,-0.64916,0.56582,-146.73,38.531,-0.76966,-4.9013,-2.7139,-1.3857,-0.85882,-0.33676,0.61853,19.926,53.669,-75.95,12
-6.1003,-1.5523,-1.3713,0.42282,-0.25536,-0.18885,-6.8432,1.8226,0.34508,-0.83865,0.31631,-147.12,41.655,-5.8436,-7.4866,-1.2237,-1.3737,-0.85882,-0.33676,0.61853,11.508,19.703,-50.869,12
-6.5515,-1.717,-1.5229,0.58189,-0.25118,-2.4173,-1.3,-4.2558,0.34508,-0.83865,0.31631,-141.54,21.599,-11.238,-6.3561,1.5336,-0.64207,-0.85882,-0.33676,0.61853,-2.2419,-8.7454,-23.784,12
-2.7594,-0.91881,0.2331,0.58189,-0.36002,2.2873,-7.1899,23.58,0.34508,-0.83865,0.31631,-92.235,-92.839,-18.15,-5.5157,3.075,0.4975,-0.85098,-0.37577,0.57328,-13.173,-6.7415,2.331,12
1.356,-0.62709,1.4383,1.0466,0.24699,15.499,-18.342,15.259,0.36735,-0.90807,0.043222,-17.383,107.15,-46.323,-5.8281,5.7834,1.3413,-0.85098,-0.37577,0.57328,-17.998,-4.5176,20.263,12
4.8625,0.81335,2.3153,0.97122,0.23443,6.01,-19.103,12.511,0.36735,-0.90807,0.043222,-27.311,116.42,19.873,-5.4679,7.5308,1.0849,-0.85098,-0.37577,0.57328,-19.784,-3.5097,28.52,12
4.5677,0.40064,-0.14289,0.46049,-0.55259,-8.7344,-19.255,3.2207,0.36735,-0.90807,0.043222,-24.514,-11.314,-7.1888,-5.7601,7.3688,0.87886,-0.85098,-0.37577,0.57328,-19.343,4.7063,33.862,12
0.92216,-0.14847,-0.39231,0.49817,-0.39351,-3.8527,-19.245,-11.657,0.36735,-0.90807,0.043222,-43.274,-12.595,-19.644,-11.549,2.7902,0.024929,-0.85686,-0.37577,0.56897,-15.537,26.198,45.276,12
-3.9318,-1.3912,0.84321,0.34746,-0.34746,-0.89948,-1.9051,-13.281,0.39147,-0.89493,0.013752,-6.6298,8.8736,-13.665,-21.172,-5.4112,-3.1247,-0.85686,-0.37577,0.56897,-7.8303,24.87,47.248,12
-6.0105,-0.98935,1.0057,0.4898,-0.38932,4.2145,-3.1419,-9.24,0.39147,-0.89493,0.013752,29.237,4.6618,-11.887,-20.885,-18.812,-8.2427,-0.85686,-0.37577,0.56897,-13.206,-10.047,52.905,12
-12.368,2.2204,-0.063323,0.58189,-0.29304,5.0782,-14.272,-6.4545,0.39147,-0.89493,0.013752,59.868,11.511,2.0064,-20.847,-18.798,-8.8358,-0.88431,-0.32444,0.53664,-12.435,-4.7614,164.78,12
-21.83,0.0953,-7.1177,0.69492,-0.25536,1.9359,-18.28,-4.2801,0.39703,-0.8743,0.082515,80.901,20.292,10.877,-20.888,-18.808,-7.805,-0.88431,-0.32444,0.53664,-19.97,-22.09,221.12,12
-21.796,-3.1421,-12.641,0.89168,-0.29723,4.4963,-19.229,1.8335,0.39703,-0.8743,0.082515,70.634,1.1285,16.181,-20.955,-18.786,-5.5747,-0.88431,-0.32444,0.53664,-28.142,-13.519,253.36,12
-21.959,3.0154,-7.3391,0.97959,-0.20513,1.9066,-19.216,5.1208,0.39703,-0.8743,0.082515,55.202,-33.213,19.142,-21.027,-18.775,-3.5221,-0.88431,-0.32444,0.53664,-38.779,-35.887,238.21,12
-21.893,1.1914,-6.6928,0.82889,-0.38095,2.8064,-19.143,9.4563,0.35436,-0.87617,0.222,73.933,-54.317,32.542,-18.656,-18.649,0.077956,-0.93529,-0.098563,0.57112,-49.917,-72.441,219.58,12
-21.81,-1.9048,-10.119,0.82889,-0.29304,1.6143,-14.962,10.758,0.35436,-0.87617,0.222,71.277,-24.199,30.851,-10.699,-12.236,1.3882,-0.93529,-0.098563,0.57112,-58.392,-112.12,181.54,12
-21.828,-1.5406,-5.1387,0.54003,-0.46049,-2.5927,-6.6781,4.4631,0.35436,-0.87617,0.222,63.021,-70.905,23.258,0.22541,-8.6496,2.0363,-0.93529,-0.098563,0.57112,-51.737,-128.81,134.19,12
-21.837,-0.071813,-6.5749,0.38514,-0.61957,-1.2875,-6.7906,-0.84199,0.35436,-0.87617,0.222,29.69,-136.99,9.1456,10.543,-4.5925,1.7495,-0.76863,0.028747,0.7931,-35.624,-97.439,93.403,12
-15.927,1.3825,-7.7072,1.3522,-0.23862,19.52,-1.9225,-8.0884,0.35622,-0.8424,0.2554,11.188,-151.49,-23.961,15.905,0.05138,2.138,-0.76863,0.028747,0.7931,-17.411,-35.506,61.74,12
-8.2384,0.30205,-6.1202,1.6954,0.12559,8.7055,-2.7964,5.5097,0.35622,-0.8424,0.2554,9.4068,60.823,-24.75,14.345,2.3671,1.7121,-0.76863,0.028747,0.7931,-5.1304,7.6051,29.424,12
0.094903,-0.70474,-2.1582,-0.012559,-0.49398,-7.3652,-1.3543,11.109,0.35622,-0.8424,0.2554,27.653,93.668,-19.239,12.098,2.2799,0.98899,-0.76863,0.028747,0.7931,8.0094,10.992,-18.0,12
4.0266,1.7018,3.5426,0.11303,-0.48142,-6.0975,-1.0631,7.5525,0.42486,-0.78799,0.31631,50.782,4.2628,-14.045,10.448,1.9608,-0.92279,-0.73137,0.041068,0.85776,18.945,9.4326,-72.279,12
5.5813,1.7426,1.02,0.12977,-0.45631,-1.9333,-1.6837,1.9277,0.42486,-0.78799,0.31631,65.411,-0.83759,-14.287,8.8349,0.55653,-2.3472,-0.73137,0.041068,0.85776,23.032,23.118,-115.29,12
8.7259,0.57169,2.062,0.32234,-0.38514,-3.5886,-1.2866,0.056035,0.42486,-0.78799,0.31631,70.461,24.8,-8.1507,6.4326,-0.22345,-3.3445,-0.73137,0.041068,0.85776,21.87,50.598,-145.19,12
5.4174,-0.16223,1.438,0.31816,-0.50654,-3.9832,-1.7135,-1.0526,0.42486,-0.78799,0.31631,69.133,31.969,0.029256,2.7787,-1.7604,-3.0359,-0.78627,-0.024641,0.79095,19.034,72.168,-168.93,12
2.2898,-1.3564,0.55161,0.48561,-0.35165,-2.2207,-3.1062,-1.7088,0.41187,-0.70169,0.44204,67.776,42.075,3.1299,-3.9205,-2.6477,-1.7678,-0.78627,-0.024641,0.79095,14.637,45.365,-185.72,12
-0.32852,-0.24055,0.49414,0.65725,-0.22606,-3.8168,-1.8516,-4.9641,0.41187,-0.70169,0.44204,53.065,30.479,6.1375,-5.5389,-1.6449,-2.4885,-0.78627,-0.024641,0.79095,4.9877,-21.873,-185.96,12
-1.6085,0.12101,0.43194,1.0466,0.16327,-1.0564,-3.3779,-11.054,0.41187,-0.70169,0.44204,27.4,0.092972,7.2433,-2.0021,-0.79665,-2.6648,-0.78627,-0.024641,0.79095,-8.8906,-45.249,-178.06,12
-2.9016,0.12996,0.26433,1.1512,0.20931,2.1663,-4.7299,-12.59,0.3692,-0.65478,0.53242,0.24248,8.4379,3.9512,-2.3786,-1.13,-1.0044,-0.8,-0.20123,0.74569,-18.033,-25.899,-157.86,12
-2.5983,0.11501,0.04193,1.1889,0.17582,-0.97542,-3.2386,-10.984,0.3692,-0.65478,0.53242,-34.181,23.461,2.1806,-5.946,-1.3801,-0.0065033,-0.8,-0.20123,0.74569,-18.447,-31.453,-132.91,12
-0.64157,-0.74975,0.59568,1.2057,0.37258,9.3991,-6.3431,-18.473,0.3692,-0.65478,0.53242,-66.59,-38.417,-12.57,-5.2147,-0.73266,0.7342,-0.8,-0.20123,0.74569,-14.501,-49.695,-101.96,12
2.9508,-1.0768,0.53466,0.7954,0.083726,19.631,-19.302,-15.342,0.3692,-0.65478,0.53242,-163.14,129.15,-61.232,-2.4975,0.18853,0.85318,-0.69608,-0.35524,0.80819,-7.6553,-29.439,-65.924,12
4.8452,-0.84652,0.60802,0.58189,-0.55259,-21.38,1.0186,2.8475,0.40074,-0.7167,0.4165,-115.28,150.51,-26.328,-3.4142,2.3237,1.3662,-0.69608,-0.35524,0.80819,1.268,19.084,-32.295,12
2.3958,0.41311,-0.53124,0.7033,-0.25118,18.35,-16.702,5.0672,0.40074,-0.7167,0.4165,-73.556,-14.494,-63.175,-8.1541,2.915,2.4999,-0.69608,-0.35524,0.80819,8.7034,44.488,-7.13,12
-1.6882,0.064079,-0.015285,0.67399,-0.28885,-21.527,-19.341,4.5052,0.40074,-0.7167,0.4165,-20.788,145.53,43.116,-13.644,0.36362,3.3619,-0.69608,-0.35524,0.80819,10.134,25.938,8.6076,12
-1.6444,-0.61059,-1.1918,0.72004,-0.41863,11.697,-6.078,-8.7911,0.37106,-0.78987,0.34774,-86.102,-30.882,-18.027,-16.608,-7.4624,1.7623,-0.70784,-0.36345,0.75862,8.0499,-2.9102,7.4103,12
-1.741,0.68746,0.21977,0.7326,-0.46468,6.6696,-3.9373,-14.526,0.37106,-0.78987,0.34774,8.7265,-16.234,-8.093,-21.156,-18.756,-0.55236,-0.70784,-0.36345,0.75862,0.7113,17.27,-14.599,12
-9.2078,0.28981,1.205,0.84982,-0.39351,0.13093,-11.933,-11.085,0.37106,-0.78987,0.34774,53.214,5.8899,19.223,-21.085,-18.776,-2.5742,-0.70784,-0.36345,0.75862,5.4454,41.852,-1.7537,12
-21.876,0.86674,0.54116,0.86656,-0.31816,1.088,-18.312,-5.4255,0.35622,-0.78612,0.37328,93.013,-7.5356,22.313,-20.963,-18.79,-5.9812,-0.74118,-0.34086,0.73276,24.625,20.85,58.768,12
-21.648,-10.551,-13.023,0.7619,-0.76609,-1.4273,-19.285,-1.8119,0.35622,-0.78612,0.37328,126.1,-13.738,32.68,-21.045,-18.763,-3.2506,-0.74118,-0.34086,0.73276,14.089,26.485,103.63,12
-22.035,9.3459,-10.159,0.97959,-0.49398,-2.7566,-19.206,6.158,0.35622,-0.78612,0.37328,145.71,-19.806,40.863,-20.213,-18.733,-1.3325,-0.74118,-0.34086,0.73276,-0.59483,12.33,89.034,12
-21.957,5.428,-0.11148,1.1512,-0.37258,-4.1295,-17.071,7.7301,0.35622,-0.78612,0.37328,156.11,6.6957,48.903,-11.664,-18.165,0.52926,-0.74118,-0.34086,0.73276,-9.5226,-18.685,63.895,12
-21.784,-4.2295,-9.9491,0.87075,-0.47305,-9.4152,-3.6675,-4.3713,0.30241,-0.65854,0.58153,150.44,-118.75,27.472,-6.6965,-10.39,2.0118,-0.78235,-0.26489,0.73922,-10.368,-13.5,37.112,12
-21.682,-5.2819,-5.6122,2.2062,-0.3977,19.519,-12.414,-18.655,0.30241,-0.65854,0.58153,63.643,-127.98,-27.554,-1.7531,-4.5704,2.959,-0.78235,-0.26489,0.73922,-7.117,-11.523,2.139,12
-18.653,-2.1944,-4.2607,1.4778,-0.44793,-4.6545,-2.7742,-11.081,0.30241,-0.65854,0.58153,17.877,235.78,5.7983,3.8403,0.18926,2.9261,-0.78235,-0.26489,0.73922,-2.9684,8.3705,-18.916,12
-10.23,0.38863,-2.6282,0.56515,-0.67399,-9.6687,0.60209,-8.1082,0.2449,-0.53659,0.70334,-16.946,104.76,-0.70864,5.9092,4.4687,2.8693,-0.7902,-0.25257,0.74569,0.15215,33.169,-22.35,12
-4.313,1.0037,-0.64651,0.53166,-0.68237,-4.1303,0.68971,-8.2568,0.2449,-0.53659,0.70334,-42.983,2.9986,-11.292,5.5228,5.2416,3.1579,-0.7902,-0.25257,0.74569,3.6156,38.405,-21.611,12
1.0736,-0.14697,1.6289,0.53585,-0.59027,-4.1162,-2.6255,-7.0995,0.2449,-0.53659,0.70334,-64.642,-45.409,-5.3238,5.4998,3.0067,1.6712,-0.7902,-0.25257,0.74569,13.21,28.367,-35.76,12
5.1309,2.0422,1.9206,0.62376,-0.56934,-3.0727,-2.9622,-5.1268,0.2449,-0.53659,0.70334,-79.031,-87.1,-1.0116,5.9755,0.6892,-0.080123,-0.7902,-0.25257,0.74569,26.65,25.903,-69.04,12
7.3468,2.8603,1.1101,0.68237,-0.60283,2.1549,-2.869,-4.7261,0.28386,-0.61914,0.61493,-95.871,-116.11,0.76968,5.6136,-0.34007,-1.0066,-0.82353,-0.28542,0.67672,36.454,36.734,-101.44,12
6.5418,1.6987,-0.69975,0.77865,-0.46886,5.9657,-4.4948,-6.9047,0.28386,-0.61914,0.61493,-106.13,-73.067,-0.17699,2.3285,-1.6075,-1.747,-0.82353,-0.28542,0.67672,41.305,55.073,-113.8,12
0.70134,0.79165,0.32388,1.0717,-0.25536,5.7606,-6.3741,-2.7611,0.28386,-0.61914,0.61493,-119.34,-14.036,-5.2651,-1.6191,-2.6847,-2.4676,-0.82353,-0.28542,0.67672,42.523,51.254,-113.38,12
-3.9834,0.1797,0.2688,1.1722,-0.17582,3.6138,-5.1971,1.0784,0.37106,-0.75797,0.37917,-128.05,27.703,-9.693,-2.3309,-2.1525,-3.2535,-0.85294,-0.33265,0.6056,37.363,37.919,-109.02,12
-5.8138,-1.2285,-2.1527,1.1889,-0.23025,2.2167,-3.9464,1.3978,0.37106,-0.75797,0.37917,-128.13,34.309,-18.848,-3.4777,-0.68847,-2.8469,-0.85294,-0.33265,0.6056,27.088,33.737,-101.96,12
-6.7595,-0.41086,-2.037,1.214,-0.19257,2.3129,-0.55325,0.12047,0.37106,-0.75797,0.37917,-119.52,65.415,-23.083,-4.7015,1.459,-2.1041,-0.85294,-0.33265,0.6056,16.27,29.131,-83.359,12
-2.5781,0.11648,-0.084254,1.235,-0.15908,1.936,-14.564,17.812,0.39147,-0.84803,0.16503,-128.69,-14.309,-24.267,-4.3823,3.8645,-1.5464,-0.85294,-0.33265,0.6056,5.2883,26.142,-66.582,12
2.1472,0.72147,1.7176,1.0926,-0.25536,-18.39,5.8675,2.5886,0.39147,-0.84803,0.16503,-17.093,86.409,-1.8209,-4.4521,5.7017,-0.8295,-0.85098,-0.4271,0.54526,-1.0007,25.604,-54.067,12
4.2913,1.0895,1.4033,1.0256,-0.10466,1.635,-19.017,23.055,0.39147,-0.84803,0.16503,-30.467,135.53,4.7374,-4.4679,5.986,-0.39862,-0.85098,-0.4271,0.54526,-3.9299,19.934,-43.238,12
2.8021,0.3009,-0.015024,0.95029,-0.48142,-2.9341,-19.189,9.855,0.39147,-0.84803,0.16503,-34.101,22.359,-12.529,-5.7807,4.7079,0.78748,-0.85098,-0.4271,0.54526,-7.1563,20.454,-30.673,12
-0.23387,0.58237,-0.89496,1.0759,-0.28467,0.88258,-19.354,-9.6672,0.42301,-0.85178,0.1277,-43.226,-13.146,-21.226,-10.97,-1.7276,2.2365,-0.85294,-0.45996,0.48922,-4.4921,35.534,-26.438,12
-2.6392,0.64643,-0.61551,1.1345,-0.33909,2.983,-15.367,-11.968,0.42301,-0.85178,0.1277,-29.992,4.7036,-5.0749,-21.169,-14.967,-0.71711,-0.85294,-0.45996,0.48922,-1.454,34.134,-54.522,12
-5.9006,0.58367,0.37885,1.1596,-0.28467,6.8714,-13.615,-5.0495,0.42301,-0.85178,0.1277,-4.6761,-1.6046,5.4487,-21.016,-18.789,-4.8665,-0.85294,-0.45996,0.48922,-3.0343,1.7742,-43.4,12
-15.28,1.3647,0.77545,1.0968,-0.2763,5.5562,-17.602,-0.76202,0.43785,-0.85553,0.074656,15.618,-21.808,14.913,-20.892,-18.813,-8.3365,-0.85294,-0.45996,0.48922,7.1854,-17.546,67.467,12
-21.95,2.532,-10.498,1.3019,-0.11303,3.3885,-19.174,6.4085,0.43785,-0.85553,0.074656,27.326,-39.172,15.718,-20.511,-18.76,-5.0318,-0.85294,-0.49281,0.4569,7.7874,6.7513,120.3,12
-21.819,-3.0101,-13.734,1.3103,-0.19676,4.121,-19.095,8.3156,0.43785,-0.85553,0.074656,30.49,-8.0113,24.579,-21.059,-18.788,-2.7623,-0.85294,-0.49281,0.4569,-4.8088,3.8557,108.53,12
-21.983,4.7161,-7.7334,1.1889,-0.26374,-0.068818,-14.653,4.9958,0.43785,-0.85553,0.074656,3.4868,-15.264,22.161,-11.312,-18.644,0.63032,-0.85294,-0.49281,0.4569,-6.8123,-52.862,97.143,12
-21.86,0.064416,-8.0995,0.75772,-0.66562,3.7715,-17.249,4.8003,0.4026,-0.87992,0.092338,-24.082,-41.961,2.4885,-2.4497,-6.6014,3.8574,-0.8902,-0.37782,0.49353,0.97804,-63.775,84.412,12
-21.826,-1.6266,-11.694,1.1261,-0.84982,9.6023,-11.439,-6.3093,0.4026,-0.87992,0.092338,-37.988,-79.253,-15.331,5.3096,3.6446,5.4635,-0.8902,-0.37782,0.49353,10.386,-56.556,53.481,12
-17.695,-2.118,-8.9275,2.9555,0.7033,10.408,-8.5842,14.852,0.4026,-0.87992,0.092338,-19.828,52.675,-31.01,9.6505,9.3055,5.5486,-0.8902,-0.37782,0.49353,14.689,-21.181,20.0,12
-1.5666,-0.45989,-3.0519,0.58608,-0.50235,-13.005,0.67053,19.528,0.43414,-0.87805,0.037328,24.037,65.631,-19.03,8.0744,9.7793,4.9265,-0.8902,-0.37782,0.49353,19.722,15.24,-17.086,12
3.5753,1.5379,0.28578,0.69911,-0.49398,-6.7011,0.42852,19.09,0.43414,-0.87805,0.037328,83.599,-19.919,-12.873,4.9972,7.579,2.8998,-0.89412,-0.3039,0.58621,27.453,16.35,-61.708,12
7.2837,0.46319,2.3785,0.58608,-0.53166,-7.3305,1.361,17.286,0.43414,-0.87805,0.037328,140.72,7.9506,2.5896,3.6406,3.641,0.098716,-0.89412,-0.3039,0.58621,30.495,15.429,-96.295,12
9.4549,1.498,3.0927,0.9168,-0.24699,-1.419,-3.6367,10.585,0.43414,-0.87805,0.037328,189.77,29.295,16.114,1.3091,-0.14257,-1.2571,-0.89412,-0.3039,0.58621,33.791,21.822,-125.17,12
8.1933,0.93872,2.2003,0.65306,-0.54422,4.8863,-9.2778,5.8871,0.45083,-0.80675,0.2554,221.75,75.214,20.931,0.1081,-3.0957,-2.5715,-0.84902,-0.37372,0.56466,34.155,40.297,-146.65,12
0.69045,0.83085,2.4537,1.0047,-0.23862,5.9128,-13.964,-5.337,0.45083,-0.80675,0.2554,213.53,110.71,24.204,-2.0276,-4.2334,-3.3367,-0.84902,-0.37372,0.56466,30.797,63.533,-149.48,12
0.68872,-0.092671,-0.14518,1.0382,-0.23443,3.6859,-15.061,-18.925,0.45083,-0.80675,0.2554,165.53,29.354,23.813,-5.8895,-3.1995,-2.9516,-0.84902,-0.37372,0.56466,22.123,57.926,-138.04,12
-1.2674,0.23848,0.13725,1.3229,-0.050235,3.3914,-6.6606,-18.539,0.28942,-0.57411,0.66208,96.16,-72.521,13.665,-7.5371,-2.1538,-2.3785,-0.84902,-0.37372,0.56466,9.9452,7.0842,-116.48,12
-3.2513,-0.062128,-0.068749,1.7373,0.35165,19.441,-3.1326,-18.212,0.28942,-0.57411,0.66208,-42.219,-344.53,-24.715,-5.551,0.0069827,-2.3017,-0.84902,-0.37372,0.56466,-3.3451,-47.261,-83.349,12
-2.2348,-0.8855,-0.55338,1.6661,0.20094,-2.8245,-19.037,22.999,0.28942,-0.57411,0.66208,-127.25,333.75,-0.2153,-3.4224,2.4626,-0.74145,-0.84902,-0.37372,0.56466,-11.441,-66.921,-42.881,12
-0.5214,-0.69777,-0.44175,1.5154,0.11303,-19.998,-19.55,-19.344,0.35622,-0.59662,0.60904,-112.48,-28.6,0.80398,-2.3302,2.3788,0.87936,-0.84902,-0.37372,0.56466,-10.893,-65.958,-18.692,12
1.1211,1.519,-0.27382,1.461,0.23443,12.65,-4.9526,-2.194,0.35622,-0.59662,0.60904,-97.635,-49.299,-42.72,-1.8783,-3.5421,1.7916,-0.7451,-0.58727,0.58621,2.805,-60.612,-14.861,12
0.17334,1.9391,-0.80443,1.1512,-0.19257,-1.3036,-19.036,-6.5377,0.35622,-0.59662,0.60904,-38.574,6.4408,-7.8066,1.0909,-13.638,-0.81733,-0.7451,-0.58727,0.58621,27.092,-37.691,-21.464,12
-2.5862,2.0348,-0.006341,1.2015,-0.054422,3.3874,-12.68,-8.6314,0.35622,-0.59662,0.60904,-6.1569,-19.021,-11.375,1.2241,-18.643,-4.255,-0.7451,-0.58727,0.58621,51.2,57.117,-26.623,12
-7.0405,0.003352,-0.30496,1.168,-0.066981,4.1102,-12.332,-7.4297,0.41929,-0.6773,0.49116,29.083,-10.383,5.2942,-8.0867,-18.712,-4.2064,-0.76078,-0.54209,0.61422,51.102,137.16,10.12,12
-17.336,-7.4258,-2.0262,1.3731,0.0083726,3.0527,-14.797,-6.4698,0.41929,-0.6773,0.49116,68.476,-5.6389,21.919,-14.223,-18.743,-5.3122,-0.76078,-0.54209,0.61422,17.405,88.75,53.973,12
-21.904,3.2685,-16.432,1.4568,0.041863,2.2182,-16.745,-6.1484,0.41929,-0.6773,0.49116,108.63,-12.646,37.348,-14.024,-18.716,-1.6442,-0.76078,-0.54209,0.61422,-29.121,-3.6135,81.403,12
-21.994,7.2541,-16.094,1.4526,-0.36002,-0.55597,-19.302,-3.4707,0.37477,-0.58537,0.55992,148.48,3.4693,50.531,-9.5783,-18.678,-0.82975,-0.76078,-0.54209,0.61422,-54.134,-81.288,74.82,12
-22.07,10.589,-12.321,1.2643,-0.33072,-4.0191,-19.203,7.458,0.37477,-0.58537,0.55992,177.42,15.84,60.795,-2.9001,-18.578,4.1961,-0.81765,-0.47639,0.54741,-39.573,-97.344,44.586,12
-21.955,5.3334,-14.888,1.1094,-0.37677,-4.228,-18.565,-16.877,0.37477,-0.58537,0.55992,136.71,-66.138,57.956,1.9323,-16.366,4.3796,-0.81765,-0.47639,0.54741,-28.816,-26.979,13.773,12
-21.909,2.0361,-13.396,1.1596,-0.53585,17.943,-19.368,-18.956,0.37477,-0.58537,0.55992,65.259,-144.69,8.7997,-4.061,-8.1226,3.7397,-0.81765,-0.47639,0.54741,-22.124,31.807,0.6835,12
-21.923,0.71682,-10.778,1.1387,-0.44793,1.676,-3.6011,-14.57,0.37662,-0.41651,0.71906,-11.704,175.53,17.094,-5.3647,-1.1679,4.2124,-0.77451,-0.48871,0.57328,-20.863,-3.6822,-7.9617,12
-15.27,0.87663,-5.9632,1.0591,-0.32234,-5.7479,-0.1658,-9.6491,0.37662,-0.41651,0.71906,-72.313,74.852,-2.3326,-1.5841,4.3236,4.362,-0.77451,-0.48871,0.57328,-21.08,-25.388,-0.88974,12
-5.7571,0.98468,0.82546,2.9388,0.64469,0.24732,-6.1085,-6.8863,0.37662,-0.41651,0.71906,-111.92,-17.963,-11.868,-0.072002,8.3262,3.6246,-0.77451,-0.48871,0.57328,-14.761,-39.794,16.709,12
1.4,-0.3037,1.4674,0.75353,-0.4898,2.5589,-8.0023,-5.1766,0.26902,-0.5272,0.69941,-139.58,-45.577,-16.377,3.9975,7.6354,1.538,-0.77451,-0.48871,0.57328,-1.1926,-29.49,26.264,12
5.2836,0.46866,0.84218,0.56515,-0.5191,3.6374,-7.075,-3.5361,0.26902,-0.5272,0.69941,-154.63,-41.573,-8.0356,6.1454,4.0414,-0.86043,-0.77647,-0.50103,0.61207,14.988,8.69,12.848,12
7.2356,2.3635,1.1917,0.60701,-0.56096,4.9936,-6.9453,-1.464,0.26902,-0.5272,0.69941,-160.85,-50.135,-11.289,5.016,0.31693,-3.3071,-0.77647,-0.50103,0.61207,27.425,49.534,-10.055,12
7.8798,2.4748,-1.2194,0.7326,-0.46468,6.2239,-6.1787,1.9304,0.26902,-0.5272,0.69941,-159.99,-33.263,-10.032,2.9939,-1.4265,-3.6547,-0.77647,-0.50103,0.61207,28.363,71.513,-25.419,12
2.2467,0.79616,-0.60203,0.75772,-0.44793,4.2012,-4.8709,3.0068,0.26902,-0.5272,0.69941,-150.42,-23.083,-16.241,0.64115,-1.7844,-3.4434,-0.82157,-0.4846,0.53879,19.21,71.781,-25.965,12
-2.6106,-0.27618,0.76462,0.90005,-0.27211,4.5467,-2.2121,5.5182,0.26902,-0.5272,0.69941,-137.02,-8.1711,-23.44,-1.6314,-1.8368,-3.6752,-0.82157,-0.4846,0.53879,2.9824,46.889,-26.763,12
-4.4533,-0.062573,-0.21616,0.99215,-0.2135,-0.83081,2.2977,7.992,0.26902,-0.5272,0.69941,-116.11,10.152,-22.599,-3.2325,-2.039,-2.904,-0.82157,-0.4846,0.53879,-13.938,6.5802,-27.42,12
-4.6834,0.33134,-0.44386,1.0173,-0.26792,-5.2863,4.7418,10.809,0.43599,-0.84803,0.15128,-90.603,19.989,-12.385,-3.219,-0.79436,-2.4356,-0.82157,-0.4846,0.53879,-26.842,-27.116,-16.15,12
-1.7892,0.06601,0.70068,1.5657,0.31816,-4.3852,-1.3891,-6.2383,0.43599,-0.84803,0.15128,-69.221,-115.64,-3.0869,-2.5368,0.37435,-1.5646,-0.84314,-0.52567,0.51078,-34.658,-36.684,-0.68733,12
3.0913,0.48334,1.2224,1.662,0.2763,5.8027,-19.353,-11.535,0.43599,-0.84803,0.15128,20.349,178.88,-10.421,-2.2351,2.5067,-0.333,-0.84314,-0.52567,0.51078,-37.299,-31.469,10.038,12
4.9421,0.36927,0.3385,1.574,0.57352,-18.047,-19.167,17.997,0.47495,-0.83114,0.033399,5.9985,100.31,40.724,-3.7014,3.841,0.098299,-0.84314,-0.52567,0.51078,-36.644,-19.839,12.101,12
2.364,-0.016434,-0.033058,1.1261,0.10884,8.2003,-19.127,8.0423,0.47495,-0.83114,0.033399,-11.145,-0.98947,-7.5594,-4.5168,5.5338,0.38086,-0.80588,-0.55236,0.51293,-36.216,-12.973,9.5137,12
-1.3226,-0.53799,-0.048419,0.95447,-0.32234,-7.6289,-19.323,-2.6258,0.47495,-0.83114,0.033399,-55.92,13.954,-7.2462,-6.6946,4.1776,0.76096,-0.80588,-0.55236,0.51293,-33.85,8.1638,2.1294,12
-4.1861,-0.79441,-0.50308,1.1345,-0.0041863,4.1134,1.1183,-8.9655,0.47495,-0.83114,0.033399,-33.865,12.449,-2.3332,-11.42,-0.82395,0.60464,-0.80588,-0.55236,0.51293,-24.309,28.712,-20.629,12
-7.0609,-2.0041,0.41963,0.92517,-0.19676,-2.844,-0.6805,-11.615,0.49351,-0.83114,-0.037328,3.7235,15.559,-15.814,-20.219,-9.09,-2.9962,-0.80588,-0.55236,0.51293,-14.712,54.841,-29.724,12
-7.3444,-4.4961,-4.1941,1.1094,-0.28048,3.4538,-13.115,-8.5483,0.49351,-0.83114,-0.037328,18.633,5.5017,-13.415,-20.945,-18.806,-7.5549,-0.81765,-0.58727,0.4375,-12.245,32.221,15.678,12
-11.176,-1.2896,-5.4529,1.1219,-0.18838,6.1743,-14.248,-3.9631,0.49351,-0.83114,-0.037328,33.733,18.011,0.73254,-20.839,-18.858,-10.755,-0.81765,-0.58727,0.4375,-29.699,-79.452,155.8,12
-18.049,4.987,-8.667,1.1303,-0.18838,3.6023,-16.079,-6.8721,0.52134,-0.79737,0.015717,56.858,22.184,12.061,-20.822,-18.85,-10.974,-0.81765,-0.58727,0.4375,-50.228,-67.646,263.21,12
-21.85,-0.43281,-11.902,1.1596,-0.36002,4.485,-15.583,-3.8176,0.52134,-0.79737,0.015717,59.184,12.619,24.808,-20.878,-18.805,-7.4506,-0.88235,-0.44559,0.45905,-68.126,-26.258,318.76,12
-21.855,0.82756,-8.6518,1.2015,-0.27211,3.872,-18.082,-0.27163,0.52134,-0.79737,0.015717,50.192,-16.282,23.69,-20.449,-18.771,-4.0948,-0.88235,-0.44559,0.45905,-64.955,-68.206,337.65,12
-21.929,-0.52401,-10.942,1.394,-0.31397,1.2907,-19.23,2.6972,0.52134,-0.79737,0.015717,69.948,-27.672,27.016,-11.826,-18.692,-1.2367,-0.88235,-0.44559,0.45905,-49.265,-97.017,321.65,12
-21.761,-4.9004,-9.4937,1.2601,-0.34746,2.7449,-19.164,8.3922,0.46568,-0.82739,0.13752,88.508,-25.289,28.064,-1.5543,-15.411,0.94822,-0.88235,-0.44559,0.45905,-34.035,-100.04,252.31,12
-21.726,-6.6124,-4.932,1.0131,-0.40607,1.8585,-11.054,8.4659,0.46568,-0.82739,0.13752,61.231,-36.209,34.78,6.4562,-6.5436,2.6416,-0.88627,-0.14784,0.62284,-26.544,-69.143,173.45,12
-21.869,1.038,-7.4855,1.9885,-0.46049,4.3254,-7.0381,5.0976,0.46568,-0.82739,0.13752,35.887,-39.441,19.157,9.3027,-1.2368,6.3236,-0.88627,-0.14784,0.62284,-26.321,-46.832,99.942,12
-19.206,0.69003,-7.4011,1.5992,-0.32234,9.5434,-6.0374,-3.7377,0.40631,-0.83114,0.20825,5.2232,-110.88,-5.6335,11.052,-0.45262,5.7378,-0.88627,-0.14784,0.62284,-9.113,-49.538,46.161,12
-11.253,1.0386,-6.0223,0.65725,-0.36421,17.508,-7.1394,2.891,0.40631,-0.83114,0.20825,-5.1509,-12.242,-20.842,13.519,1.4321,4.207,-0.81961,-0.073922,0.75,14.15,-39.187,-2.5742,12
-4.9619,0.11286,-4.1267,0.50235,-0.66143,-3.0493,-2.7246,10.708,0.40631,-0.83114,0.20825,3.8442,114.64,-19.838,13.114,3.2412,2.1204,-0.81961,-0.073922,0.75,29.766,-3.6645,-46.299,12
2.5682,1.3885,0.082859,0.74097,-0.18001,-7.1472,-1.0608,10.75,0.44341,-0.80675,0.2279,33.191,53.613,-11.301,9.1779,2.6818,0.17575,-0.81961,-0.073922,0.75,39.771,27.395,-88.287,12
8.5821,3.2198,4.7845,0.80795,-0.15908,-1.8288,-0.44015,6.4805,0.44341,-0.80675,0.2279,59.929,4.9053,-12.07,5.8188,-0.13913,-1.9132,-0.81961,-0.073922,0.75,46.159,37.819,-128.34,12
12.42,2.2196,1.5682,0.62794,-0.33909,-0.90373,-1.8345,2.6909,0.44341,-0.80675,0.2279,77.384,22.529,-10.287,3.0093,-2.1958,-3.5785,-0.81765,-0.084189,0.69612,47.79,39.279,-162.25,12
6.9491,1.0294,-0.033668,0.84982,-0.39351,-2.7234,-1.9182,1.2519,0.44341,-0.80675,0.2279,85.897,34.187,-5.2344,0.34499,-3.7492,-3.9166,-0.81765,-0.084189,0.69612,44.115,30.936,-183.54,12
2.434,-0.48732,0.6614,0.93354,-0.30979,-2.258,-2.3023,0.46647,0.4397,-0.72983,0.37132,88.6,33.609,0.9222,-0.73823,-4.3926,-3.2613,-0.81765,-0.084189,0.69612,37.939,23.669,-190.45,12
-0.70787,-0.96991,1.3338,1.168,-0.13396,-3.4455,-3.9262,-1.5328,0.4397,-0.72983,0.37132,88.463,38.198,5.4967,-1.8708,-3.6509,-3.0888,-0.84314,-0.20534,0.65302,28.823,27.71,-176.6,12
-2.711,-0.3084,0.85645,1.3145,0.029304,-5.6939,-3.9613,-7.0258,0.4397,-0.72983,0.37132,75.691,-2.9587,10.06,-4.4349,-2.1545,-2.4515,-0.84314,-0.20534,0.65302,18.155,20.217,-156.16,12
-2.7243,-0.65471,0.12002,1.2015,-0.07954,-2.8347,-3.2717,-14.296,0.40816,-0.63227,0.53438,44.133,-55.12,9.0481,-6.2215,-0.87325,-1.3249,-0.84314,-0.20534,0.65302,9.2417,-9.4,-132.21,12
-2.1341,-0.36613,0.13547,1.0926,-0.037677,3.5601,-3.1548,-14.487,0.40816,-0.63227,0.53438,9.584,-29.637,5.4438,-5.4827,0.83146,0.14574,-0.84314,-0.20534,0.65302,4.8759,-33.055,-106.43,12
-0.12421,0.15014,0.013512,0.67818,-0.40188,-0.8993,-2.164,-10.461,0.40816,-0.63227,0.53438,-26.258,29.437,2.8282,-3.658,3.7701,0.011422,-0.82941,-0.34086,0.6681,4.2876,-20.072,-79.136,12
3.0292,0.55788,0.77653,1.0466,0.25536,19.419,-0.83486,-18.139,0.40816,-0.63227,0.53438,-110.16,-217.98,-34.289,-4.17,6.7409,0.087044,-0.82941,-0.34086,0.6681,4.7923,12.445,-57.429,12
4.3098,0.16521,0.92013,0.84563,0.041863,-19.845,-19.138,22.845,0.46382,-0.63977,0.45972,-144.42,288.78,12.41,-7.3345,7.8387,0.8711,-0.82941,-0.34086,0.6681,8.5018,24.323,-45.561,12
2.788,-0.008415,0.59924,0.87912,-0.47305,2.5252,-13.973,-0.22546,0.46382,-0.63977,0.45972,-83.989,-27.05,-58.367,-10.02,6.0034,0.34184,-0.78824,-0.40452,0.63793,11.633,-3.6945,-31.138,12
-0.91427,0.25894,-1.5556,0.88331,-0.050235,-21.365,-19.178,18.817,0.46382,-0.63977,0.45972,-34.263,35.755,22.983,-10.444,0.74871,0.87077,-0.78824,-0.40452,0.63793,14.496,-22.557,-8.8708,12
-4.3937,-1.5282,-1.0639,0.85819,-0.29304,16.501,-4.3816,-12.419,0.43785,-0.71295,0.40275,-83.643,-31.824,-15.758,-13.684,-10.118,1.1816,-0.78824,-0.40452,0.63793,22.509,-11.178,11.753,12
-4.9025,-1.3417,-1.0365,0.87493,-0.20513,6.9669,-3.6159,-14.069,0.43785,-0.71295,0.40275,20.003,-33.778,-16.945,-18.611,-18.744,-2.3747,-0.78824,-0.40452,0.63793,35.68,13.257,0.22002,12
-5.685,0.91875,0.41953,0.71586,-0.23862,-0.82214,-13.386,-10.907,0.43785,-0.71295,0.40275,68.273,6.6567,22.666,-21.065,-18.792,-3.2313,-0.77255,-0.3614,0.68534,34.44,14.943,58.662,12
-16.618,4.1085,4.854,0.87075,-0.029304,3.6655,-18.766,-5.2766,0.43785,-0.71295,0.40275,108.02,-9.5206,21.456,-17.586,-18.762,-7.1985,-0.77255,-0.3614,0.68534,28.125,-6.1355,104.23,12
-21.806,0.93013,-8.7584,0.72841,-0.10466,-1.7182,-19.352,-5.4535,0.43228,-0.68293,0.42043,150.32,-0.76927,37.405,-16.246,-18.689,-1.8928,-0.77255,-0.3614,0.68534,-2.0858,24.81,119.57,12
-21.814,-2.7153,-16.95,0.82889,-0.28048,-2.5136,-19.228,4.9197,0.43228,-0.68293,0.42043,173.5,26.705,46.912,-13.26,-18.704,-1.4456,-0.82157,-0.25257,0.69181,-34.613,-14.263,81.761,12
-21.911,3.1478,-6.3904,1.0717,-0.26374,-13.587,-12.984,-6.3476,0.43228,-0.68293,0.42043,141.85,6.4715,49.191,-7.8906,-18.618,1.2254,-0.82157,-0.25257,0.69181,-52.293,-58.733,45.39,12
-21.921,3.1311,-8.7708,2.9178,0.48142,14.298,-14.97,-18.824,0.33766,-0.51782,0.68762,82.518,-153.85,11.144,-1.9093,-10.2,2.0421,-0.82157,-0.25257,0.69181,-50.538,-62.766,6.8371,12
-21.809,-4.507,-7.4688,0.3977,-0.34746,19.391,1.0771,-18.033,0.33766,-0.51782,0.68762,9.4823,238.99,-9.2173,4.332,-1.8611,2.8861,-0.82157,-0.25257,0.69181,-42.807,-25.805,-28.035,12
-18.495,-5.0412,-4.2748,0.53585,-0.38095,-17.774,-2.0729,-15.208,0.33766,-0.51782,0.68762,-62.95,139.53,4.4813,7.5026,5.152,3.1951,-0.7549,-0.29569,0.74353,-39.028,28.977,-45.114,12
-8.8395,-3.4813,-2.1238,0.48142,-0.31397,-1.5172,-5.1988,-9.9834,0.23933,-0.53283,0.71709,-101.61,-71.461,-6.344,6.062,6.9993,3.9333,-0.7549,-0.29569,0.74353,-33.129,62.324,-43.885,12
1.8671,0.58516,1.9369,0.36421,-0.3977,3.7035,-7.662,-9.7627,0.23933,-0.53283,0.71709,-139.09,-113.1,-8.7856,3.6135,4.4507,3.0663,-0.7549,-0.29569,0.74353,-19.333,41.553,-56.398,12
5.8193,3.9822,3.5584,0.42282,-0.37258,7.5808,-9.2609,-6.2831,0.23933,-0.53283,0.71709,-166.13,-81.825,-3.7956,4.8054,1.2141,0.41487,-0.79412,-0.3963,0.66164,-1.8925,8.2329,-86.041,12
9.0629,6.9542,0.51009,0.48561,-0.3977,6.1495,-9.2521,-1.4428,0.23933,-0.53283,0.71709,-176.94,-34.744,-4.4831,5.5267,-1.2381,-0.81191,-0.79412,-0.3963,0.66164,11.806,13.617,-114.7,12
7.4014,3.1609,-3.6418,0.51073,-0.43119,4.9754,-9.1918,1.611,0.38404,-0.75985,0.41257,-177.99,-7.5779,-5.5996,4.0206,-2.7111,-1.1147,-0.79412,-0.3963,0.66164,20.012,44.257,-127.84,12
-0.40527,2.0815,-0.47582,0.64887,-0.36002,5.0042,-8.0431,3.6062,0.38404,-0.75985,0.41257,-172.34,-12.405,-13.601,1.4048,-3.8421,-1.2129,-0.79412,-0.3963,0.66164,23.802,82.168,-125.98,12
-5.0831,0.11668,0.42103,1.0884,0.025118,3.2497,-3.3221,8.3872,0.38404,-0.75985,0.41257,-159.25,5.2622,-22.553,-2.2775,-4.1271,-1.7064,-0.79608,-0.49281,0.59698,22.019,101.35,-115.37,12
-6.1509,-1.0417,-0.96744,1.1261,0.03349,-0.18594,6.5008,14.438,0.43414,-0.86304,0.066798,-126.36,23.832,-23.974,-4.8344,-1.7926,-1.2563,-0.79608,-0.49281,0.59698,15.079,89.605,-98.789,12
-4.4668,-1.9111,-1.2352,0.9461,-0.029304,-2.172,11.597,-5.5981,0.43414,-0.86304,0.066798,-75.211,9.376,-14.03,-6.5247,1.4169,-0.31457,-0.79608,-0.49281,0.59698,3.3759,68.291,-82.204,12
-0.75308,-0.72984,1.5238,1.0298,0.2763,19.684,-4.8471,5.392,0.43414,-0.86304,0.066798,-61.331,-31.864,-43.476,-8.0848,4.3837,0.36502,-0.8098,-0.57084,0.43966,-5.2231,34.244,-65.429,12
4.7514,0.30775,2.2593,0.66143,-0.32234,-6.3651,-19.067,22.993,0.43414,-0.86304,0.066798,-21.993,186.46,23.106,-7.6711,6.6482,-0.17801,-0.8098,-0.57084,0.43966,-9.8214,5.2968,-60.899,12
7.5919,1.2153,1.2146,0.65725,-0.16745,-0.93979,-19.247,1.0595,0.47124,-0.85178,0.0019646,8.1903,-7.6048,-2.2523,-7.4258,6.9189,-0.11239,-0.8098,-0.57084,0.43966,-11.94,-9.0618,-65.13,12
2.2313,-0.45403,1.1697,0.56934,-0.20513,-0.15249,-19.286,-1.8825,0.47124,-0.85178,0.0019646,-6.6057,2.4514,-14.467,-7.9597,1.3355,0.54594,-0.8098,-0.57084,0.43966,-7.2368,-5.5471,-71.93,12
-4.8276,-1.5503,0.70258,0.67399,-0.30979,-0.26129,-17.616,-10.071,0.47124,-0.85178,0.0019646,5.9746,14.436,-6.6131,-13.413,-12.115,0.46715,-0.78627,-0.64476,0.41595,18.545,5.3513,-99.683,12
-10.459,-1.2737,1.7591,0.66981,-0.25955,3.7674,-13.817,-5.4448,0.47681,-0.8349,0.0078585,24.062,10.218,4.1785,-21.043,-18.78,-3.9598,-0.78627,-0.64476,0.41595,43.593,-3.3527,-128.34,12
-18.698,-0.47138,0.15758,0.59027,-0.37258,7.8635,-16.11,0.85646,0.47681,-0.8349,0.0078585,26.513,-29.99,12.757,-20.862,-18.807,-9.6799,-0.78627,-0.64476,0.41595,60.844,16.144,-30.714,12
-21.673,-8.7949,-12.886,0.82051,-0.15908,5.0623,-19.204,2.33,0.47681,-0.8349,0.0078585,47.354,-39.923,28.024,-17.47,-18.764,-3.4174,-0.71569,-0.69815,0.45259,35.254,78.358,67.07,12
-21.921,3.1071,-16.468,0.96285,-0.050235,6.5369,-19.148,8.0142,0.43414,-0.85553,0.041257,65.18,-16.615,35.515,-21.181,-18.73,0.95931,-0.71569,-0.69815,0.45259,-16.061,27.616,95.793,12
-22.059,11.529,-10.341,0.92936,-0.22187,0.40265,-16.05,7.889,0.43414,-0.85553,0.041257,50.952,1.1419,34.467,-12.82,-18.611,1.8715,-0.71569,-0.69815,0.45259,-38.415,-89.274,72.327,12
-21.993,6.7011,-12.302,0.80377,-0.33909,-2.9278,-13.804,8.718,0.43414,-0.85553,0.041257,34.88,-40.716,22.653,-2.8348,-12.706,3.3959,-0.71569,-0.69815,0.45259,-27.0,-96.789,58.19,12
-21.813,-1.246,-13.375,0.74935,-0.59445,2.7151,-12.147,0.18023,0.43414,-0.85553,0.041257,-6.0096,-121.04,1.7635,1.6828,-4.3498,4.0221,-0.76078,-0.63244,0.47198,-4.0552,-46.452,51.286,12
-21.82,-2.9519,-9.4551,2.5285,0.55678,19.603,-17.88,-15.74,0.40074,-0.87054,0.056974,-47.809,-45.944,-30.908,-0.035542,1.9221,4.2107,-0.76078,-0.63244,0.47198,12.476,8.8689,46.37,12
-11.513,1.4141,-4.4411,0.012559,-0.37677,-0.3788,-2.1566,14.045,0.40074,-0.87054,0.056974,-9.0361,209.82,-23.707,-3.1559,5.3508,4.08,-0.76078,-0.63244,0.47198,19.948,2.0307,41.534,12
0.95419,4.8157,-2.8403,0.17582,-0.41863,-16.13,-1.7026,14.889,0.40074,-0.87054,0.056974,32.952,45.175,-9.3359,-0.99824,6.6672,1.7188,-0.76667,-0.56674,0.5194,19.451,-29.739,21.986,12
5.9907,1.9789,1.0307,0.44793,-0.16327,-1.809,-0.11075,6.7472,0.42486,-0.85553,0.1336,77.186,-37.286,-9.6846,2.363,7.9159,-0.40629,-0.76667,-0.56674,0.5194,15.588,-39.052,-5.7959,12
12.024,0.82235,3.5266,0.32653,-0.37258,-4.0255,0.3664,4.9572,0.42486,-0.85553,0.1336,113.29,24.372,-3.8082,2.6718,6.9595,-1.0479,-0.76667,-0.56674,0.5194,9.7888,-26.506,-27.337,12
14.857,-0.41693,0.99406,0.27211,-0.64469,-6.1257,-0.17236,2.5655,0.42486,-0.85553,0.1336,140.55,40.98,8.1789,2.1976,4.2068,-2.3209,-0.76667,-0.56674,0.5194,7.7234,-17.607,-46.962,12
8.0058,-0.79728,0.86509,0.38095,-0.5484,-4.9996,-3.529,-0.42436,0.42486,-0.85553,0.1336,157.18,26.869,19.532,1.4732,2.3611,-2.8924,-0.73529,-0.55852,0.59914,9.8019,-7.2462,-61.464,12
0.70376,-0.33947,2.3273,0.49817,-0.44793,-3.6467,-4.4137,-2.7572,0.38961,-0.75235,0.40079,156.14,26.145,23.888,1.0455,0.85532,-3.4677,-0.73529,-0.55852,0.59914,12.454,6.6468,-66.965,12
-3.7206,-0.83938,0.41919,0.72841,-0.23443,-5.5817,-5.7631,-13.938,0.38961,-0.75235,0.40079,136.06,-9.067,31.424,-0.94666,1.856,-3.3968,-0.73529,-0.55852,0.59914,13.841,19.644,-54.432,12
-5.6488,-0.89238,-1.2593,1.0508,0.13815,4.0653,-7.77,-18.587,0.38961,-0.75235,0.40079,92.01,-68.81,19.627,-2.606,2.3109,-2.9053,-0.71765,-0.59959,0.6056,12.391,18.234,-33.509,12
-4.351,-1.1356,-0.89168,1.2475,0.29304,4.2677,-2.2627,-18.352,0.35436,-0.59662,0.59725,36.734,-5.505,8.9885,-4.4132,1.6124,-2.7631,-0.71765,-0.59959,0.6056,10.253,1.9544,-12.089,12
-1.9658,-0.6978,1.1477,0.90842,0.046049,7.5374,-0.53866,-18.222,0.35436,-0.59662,0.59725,-25.826,20.075,0.46007,-4.0672,1.8496,-3.0429,-0.71765,-0.59959,0.6056,8.9059,-7.0744,9.2741,12
-0.39654,-0.37526,0.76623,0.84982,0.071167,19.507,-10.047,-18.536,0.35436,-0.59662,0.59725,-184.37,0.37581,-45.667,-4.0209,2.2495,-2.0542,-0.71765,-0.59959,0.6056,5.5682,0.2667,32.239,12
-0.32972,-0.18064,-0.44784,0.7619,0.083726,-21.315,-19.168,22.839,0.35436,-0.59662,0.59725,-181.55,293.38,-7.3836,-5.2847,2.6394,-1.0555,-0.71176,-0.59754,0.61853,4.2144,8.5173,57.4,12
-0.27344,0.54045,-1.7935,0.54003,-0.19257,14.229,-19.367,-18.868,0.32653,-0.67542,0.5442,-61.846,-143.97,-62.403,-6.8063,0.36091,0.090962,-0.71176,-0.59754,0.61853,3.404,-0.71263,77.332,12
-1.1134,1.6289,-2.3902,0.49817,-0.20513,-21.489,-19.335,3.1621,0.32653,-0.67542,0.5442,-62.083,19.703,5.6622,-8.5158,-6.2904,1.9563,-0.71176,-0.59754,0.61853,7.6996,-19.984,96.383,12
-2.2974,1.2343,-0.47838,0.64887,-0.062794,11.573,-7.9687,-7.7619,0.32653,-0.67542,0.5442,-49.042,-15.289,-13.873,-7.345,-18.64,0.04719,-0.75294,-0.51745,0.61638,23.939,-11.804,113.95,12
-2.7407,-0.34118,0.064031,0.69911,-0.066981,-0.72338,-12.341,-15.291,0.35622,-0.75797,0.40864,37.726,-29.368,-0.027948,-9.2879,-18.692,-2.1742,-0.75294,-0.51745,0.61638,33.814,42.064,120.47,12
-4.2179,-0.21791,0.40144,0.58608,-0.17582,1.7795,-14.935,-5.3539,0.35622,-0.75797,0.40864,92.066,-9.1775,23.792,-14.357,-18.705,-2.5394,-0.75294,-0.51745,0.61638,17.071,55.382,110.62,12
-17.999,1.9541,6.7969,0.57771,-0.041863,-1.1448,-19.269,-2.1207,0.35622,-0.75797,0.40864,140.27,-10.394,35.394,-11.154,-18.74,-2.9578,-0.75294,-0.51745,0.61638,-5.2976,44.745,113.53,12
-21.821,-0.86824,-16.815,0.68655,-0.2428,-7.0051,-19.29,2.6529,0.31354,-0.64728,0.59528,168.65,-14.531,52.184,-14.089,-18.662,1.8378,-0.81961,-0.36756,0.59052,-38.495,-7.5212,80.533,12
-22.018,7.9908,-16.049,0.62794,-0.27211,-2.8676,-19.214,7.2919,0.31354,-0.64728,0.59528,172.45,-33.101,57.777,-9.2022,-18.644,2.6199,-0.81961,-0.36756,0.59052,-62.949,-83.097,30.258,12
-22.105,12.344,-2.9522,0.75353,-0.10466,9.8741,-15.456,-18.862,0.31354,-0.64728,0.59528,84.091,-184.69,12.864,-2.2927,-18.544,2.6041,-0.81961,-0.36756,0.59052,-66.183,-101.22,-6.4487,12
-21.892,2.6797,-15.117,0.70748,-0.3977,19.404,0.77011,-18.038,0.31354,-0.64728,0.59528,33.641,37.829,-8.2661,3.1325,-6.5523,3.7661,-0.79412,-0.3963,0.66595,-60.401,-61.6,-31.639,12
-19.756,-6.1193,-12.877,2.5034,0.63632,-9.6701,-1.8004,-13.708,0.36178,-0.4728,0.70334,-46.129,77.342,3.3238,5.8286,3.0569,4.6945,-0.79412,-0.3963,0.66595,-55.417,-12.052,-44.67,12
-12.641,-5.835,-1.8725,0.020931,-0.48561,7.7905,-2.9376,-9.6002,0.36178,-0.4728,0.70334,-97.733,-25.445,-15.396,6.4283,8.758,5.8025,-0.79412,-0.3963,0.66595,-50.064,20.578,-43.084,12
1.4576,-1.6704,-0.19244,0.11722,-0.46468,5.6023,-4.5702,-4.5475,0.36178,-0.4728,0.70334,-124.19,-12.703,-29.857,4.0401,9.588,5.8023,-0.79412,-0.3963,0.66595,-39.153,16.443,-46.435,12
5.2168,3.3012,2.3708,-0.012559,-0.59027,2.2344,-6.1888,0.92124,0.35065,-0.60976,0.57367,-130.61,2.407,-26.705,3.8347,7.633,3.2983,-0.75098,-0.52361,0.62284,-20.782,-13.544,-68.511,12
6.808,6.5685,2.4859,0.096285,-0.53585,-3.3793,-4.6392,5.3905,0.35065,-0.60976,0.57367,-118.87,-17.894,-26.881,5.2011,3.5976,0.76321,-0.75098,-0.52361,0.62284,-1.6005,-16.427,-101.67,12
7.7836,4.7571,-0.24555,0.17582,-0.41444,0.10558,-2.9446,4.5517,0.35065,-0.60976,0.57367,-99.98,-69.642,-24.721,5.6641,0.78268,-0.7317,-0.75098,-0.52361,0.62284,14.173,16.93,-125.88,12
2.9873,2.1504,-0.9433,0.38095,-0.15071,0.53646,-2.4828,3.2041,0.35065,-0.60976,0.57367,-81.052,-60.841,-23.889,3.1388,-1.0893,-1.9295,-0.6902,-0.59959,0.60345,24.777,71.931,-132.35,12
-1.8232,-1.262,-0.87148,0.54003,-0.096285,0.64186,-1.629,5.4146,0.46197,-0.72983,0.36346,-65.517,-32.739,-18.276,-1.315,-2.5565,-2.6487,-0.6902,-0.59959,0.60345,28.995,98.769,-130.37,12
-4.3506,-1.6613,0.16627,0.53585,-0.19257,-4.6638,-0.06022,0.90868,0.46197,-0.72983,0.36346,-57.439,-8.5999,-10.742,-4.9268,-3.0509,-3.09,-0.6902,-0.59959,0.60345,25.411,81.495,-119.08,12
-5.2698,-0.65133,-0.74283,0.66143,-0.1214,1.8658,-7.105,-16.441,0.46197,-0.72983,0.36346,-60.826,-162.51,-12.166,-5.5491,-1.3857,-2.5693,-0.6902,-0.59959,0.60345,13.769,48.399,-100.93,12
-3.4354,0.55973,0.18722,0.96703,0.2135,1.7477,3.896,13.358,0.53989,-0.75985,0.15324,-64.051,170.92,-31.02,-5.2212,0.26951,-2.049,-0.6902,-0.59959,0.60345,-1.3074,30.841,-75.064,12
-0.61841,0.61751,2.2766,0.82889,0.096285,19.156,-19.07,9.8005,0.53989,-0.75985,0.15324,-42.723,130.89,-19.935,-5.1166,1.7131,-1.6852,-0.6902,-0.59959,0.60345,-13.603,22.127,-51.396,12
3.2263,0.80689,1.3253,0.43956,-0.29723,11.33,-18.976,22.196,0.53989,-0.75985,0.15324,-24.293,110.33,-2.4934,-5.9235,3.8085,-2.1533,-0.6902,-0.59959,0.60345,-20.16,12.703,-38.436,12
2.5872,0.43552,-0.5608,0.38095,-0.29304,-2.6675,-19.177,9.9936,0.53989,-0.75422,0.20432,-29.076,30.199,-11.553,-6.6691,3.6476,-1.2447,-0.67255,-0.76386,0.46552,-23.054,-7.4083,-37.932,12
-2.2348,0.126,-0.69392,0.38932,-0.29723,-4.0585,-19.325,-5.7881,0.53989,-0.75422,0.20432,-58.665,-12.624,-18.037,-7.3248,-1.3472,0.27639,-0.67255,-0.76386,0.46552,-17.088,-21.236,-53.559,12
-5.5312,-0.71302,-0.89575,0.3977,-0.33909,2.9028,-2.6376,-9.3008,0.53989,-0.75422,0.20432,-43.108,-1.0368,-13.125,-8.5756,-11.905,-0.51192,-0.67255,-0.76386,0.46552,-0.026962,-2.6962,-70.01,12
-8.1976,0.78696,-2.045,0.59864,-0.16745,5.5296,-0.25475,-12.603,0.53989,-0.75422,0.20432,-11.127,-3.9254,-14.168,-13.111,-18.761,-5.0526,-0.6098,-0.80903,0.43966,18.939,26.748,-64.871,12
-11.992,0.60337,-6.672,0.72423,-0.10884,6.4528,-8.7764,-6.3535,0.58256,-0.74859,0.13163,19.817,13.196,13.325,-20.908,-18.828,-8.7851,-0.6098,-0.80903,0.43966,23.917,21.881,34.195,12
-19.724,1.3728,-13.571,0.71167,-0.13815,8.7052,-14.427,-2.0718,0.58256,-0.74859,0.13163,41.053,-2.4289,27.486,-12.642,-18.757,-7.667,-0.6098,-0.80903,0.43966,2.8254,-4.7167,130.07,12
-22.062,10.15,-15.823,0.59027,-0.36002,3.0084,-19.228,-0.025065,0.58256,-0.74859,0.13163,60.863,-16.205,35.02,-16.725,-18.739,-2.9161,-0.6098,-0.80903,0.43966,-32.701,15.339,194.5,12
-22.129,14.047,-12.662,0.54422,-0.48561,-1.3225,-19.2,5.6934,0.52134,-0.76923,0.19646,59.183,-33.986,24.842,-10.477,-18.679,-0.88186,-0.70588,-0.71458,0.41595,-44.481,-67.481,194.73,12
-21.958,6.4852,-14.922,0.66562,-0.37677,-1.6371,-19.188,8.9409,0.52134,-0.76923,0.19646,76.714,4.9209,42.139,-2.527,-18.632,-0.22328,-0.70588,-0.71458,0.41595,-24.744,-86.604,171.49,12
-21.814,-1.7469,-16.82,0.56515,-0.31816,-1.282,-13.521,7.259,0.52134,-0.76923,0.19646,53.111,-22.182,40.718,1.0,-15.166,0.38753,-0.70588,-0.71458,0.41595,-0.78828,-60.875,118.64,12
-21.845,-0.65932,-8.4383,0.63213,-0.63213,4.7622,-8.6091,7.4088,0.52134,-0.76923,0.19646,31.06,-58.476,23.629,3.0077,-6.9195,2.0499,-0.76078,-0.59754,0.52586,9.8773,0.29471,75.646,12
-21.911,3.1409,-5.6963,2.4322,0.16745,6.4208,-2.7266,1.5945,0.45269,-0.78987,0.24951,1.8354,-71.211,5.0044,0.41546,-0.58321,3.6792,-0.76078,-0.59754,0.52586,7.5859,22.504,62.021,12
-15.883,7.7936,-8.3723,-0.087912,-0.59864,16.224,-9.5689,-2.4308,0.45269,-0.78987,0.24951,-29.694,-93.648,-9.0036,-0.8652,4.0117,4.1693,-0.76078,-0.59754,0.52586,6.4801,-16.264,49.751,12
-8.9277,4.9705,-6.9842,0.13396,-0.52329,9.5239,-1.2632,10.313,0.45269,-0.78987,0.24951,-1.4812,106.8,-22.828,3.1402,6.6943,2.4285,-0.76078,-0.59754,0.52586,11.473,-55.6,23.168,12
0.35758,1.8178,-5.668,-0.19676,-0.47724,-8.2725,-2.0222,14.608,0.48237,-0.78799,0.23772,38.625,77.045,-11.933,6.9357,7.3536,1.3573,-0.77647,-0.53593,0.58621,17.482,-47.099,-10.01,12
7.4365,-0.61322,2.0922,0.054422,-0.3349,2.1677,-1.8129,7.8164,0.48237,-0.78799,0.23772,70.692,17.458,-9.8135,7.2892,6.894,0.39678,-0.77647,-0.53593,0.58621,21.326,-3.8436,-36.358,12
12.896,-0.85187,2.1233,0.18001,-0.38932,-1.8261,-2.5876,4.6024,0.48237,-0.78799,0.23772,92.371,42.196,-4.4339,4.1169,3.4794,-0.055194,-0.77647,-0.53593,0.58621,23.437,27.68,-57.931,12
12.746,0.08708,-0.0026891,0.15071,-0.56934,-3.2017,-3.9768,0.34206,0.48237,-0.78799,0.23772,102.24,34.023,3.5313,1.1626,0.32141,-0.85893,-0.75686,-0.54415,0.58405,25.054,27.8,-80.643,12
5.7839,1.7152,1.9438,0.29723,-0.42282,-2.6199,-3.8081,-4.5708,0.44898,-0.67542,0.42829,101.03,25.045,7.6856,0.3239,-2.5129,-2.2923,-0.75686,-0.54415,0.58405,27.051,12.149,-101.02,12
1.7086,0.93164,2.4838,0.55678,-0.24699,-3.2049,-3.5133,-10.739,0.44898,-0.67542,0.42829,88.702,4.6176,9.5795,0.3005,-3.359,-2.8971,-0.75686,-0.54415,0.58405,24.915,13.909,-108.67,12
-1.3559,0.62171,1.1191,0.80795,0.054422,-1.6828,-2.0142,-18.253,0.44898,-0.67542,0.42829,51.528,-17.579,9.2463,-0.3182,-2.7381,-2.814,-0.75686,-0.54415,0.58405,17.846,25.156,-98.09,12
-3.3471,0.68823,0.55668,0.84144,0.087912,1.7897,-0.57125,-17.521,0.42301,-0.58537,0.56582,7.0816,18.828,10.637,-1.8053,-1.9285,-1.8464,-0.69608,-0.6345,0.57974,9.8254,31.012,-83.146,12
-3.3646,-0.45485,-0.30409,0.70748,0.016745,2.1023,-2.3546,-17.638,0.42301,-0.58537,0.56582,-42.899,21.53,3.9616,-3.947,-0.61229,-1.2285,-0.69608,-0.6345,0.57974,5.5388,15.283,-63.219,12
-1.9974,-1.1413,1.0236,0.51073,-0.17164,5.475,-0.49894,-15.241,0.42301,-0.58537,0.56582,-83.301,55.145,-3.0701,-3.7455,1.6497,-1.0321,-0.69608,-0.6345,0.57974,5.5322,-3.3295,-37.04,12
1.1549,-1.1784,0.80974,0.36002,-0.25536,19.505,-10.938,-18.591,0.39703,-0.65854,0.50491,-170.84,21.525,-33.451,-4.1399,2.9003,1.0304,-0.69412,-0.66119,0.56466,10.565,-2.7163,-6.9817,12
1.8907,-0.091065,-1.124,0.33072,-0.18838,-10.355,-19.078,22.932,0.39703,-0.65854,0.50491,-145.1,227.51,-37.035,-4.6674,2.6835,2.3529,-0.69412,-0.66119,0.56466,21.234,4.9263,23.841,12
-1.868,-0.034846,-1.4137,0.38514,-0.20931,13.922,-19.214,-3.5715,0.39703,-0.65854,0.50491,-81.353,-72.764,-62.003,-4.9042,1.0678,2.7826,-0.69412,-0.66119,0.56466,35.758,21.064,55.017,12
-4.0339,-1.3357,-0.76232,0.3977,-0.20513,-8.1292,-19.303,-0.5881,0.39703,-0.65854,0.50491,-64.295,-9.2653,-28.924,-5.5749,-1.314,2.601,-0.69412,-0.66119,0.56466,45.221,33.738,79.628,12
-2.9936,-2.8438,-1.4454,0.49398,-0.19676,10.18,-19.199,-0.13942,0.37291,-0.76173,0.3831,-78.621,-37.562,-20.707,-5.0234,-5.8195,2.0528,-0.7451,-0.5729,0.56681,50.277,36.657,86.199,12
-3.044,-2.3458,-1.8006,0.44375,-0.23443,5.5625,-3.8209,-9.8125,0.37291,-0.76173,0.3831,-27.371,-1.1942,-2.1823,-8.18,-17.146,0.38227,-0.7451,-0.5729,0.56681,58.933,58.441,59.078,12
-5.1583,0.8436,0.38119,0.2428,-0.38095,-3.236,-8.3343,-15.605,0.37291,-0.76173,0.3831,30.224,4.2849,-2.6675,-10.79,-18.698,-1.7682,-0.7451,-0.5729,0.56681,48.001,42.509,-2.3532,12
-13.592,2.3198,2.914,0.34746,-0.32234,1.9922,-15.886,-6.4619,0.4026,-0.78424,0.35363,68.918,-0.68918,13.203,-15.182,-18.73,-5.0094,-0.82353,-0.46817,0.56681,8.2029,12.386,12.676,12
-20.249,4.3482,-8.6087,0.30979,-0.3349,2.7131,-19.268,-2.0404,0.4026,-0.78424,0.35363,105.71,-8.58,20.338,-11.457,-18.702,-2.1955,-0.82353,-0.46817,0.56681,-19.942,-19.357,77.051,12
-21.652,-10.334,-17.593,0.23025,-0.62376,-0.59852,-19.273,-0.55296,0.4026,-0.78424,0.35363,145.99,-22.928,37.425,-11.611,-18.621,3.9023,-0.82353,-0.46817,0.56681,-43.567,-83.781,108.27,12
-21.979,6.0406,-11.898,1.4192,-0.13396,-2.1461,-19.188,4.9775,0.4026,-0.78424,0.35363,166.91,-27.908,49.899,-6.4291,-18.612,4.8403,-0.82353,-0.46817,0.56681,-48.091,-123.29,91.607,12
-22.01,7.5509,-7.4046,2.3527,0.61957,-8.2073,-15.788,5.316,0.37848,-0.65854,0.55992,186.02,-9.0161,56.976,0.022202,-18.615,1.4651,-0.77647,-0.43943,0.6681,-44.53,-72.362,69.508,12
-21.901,0.60973,-13.177,0.16327,-0.67818,1.2724,-19.424,-16.677,0.37848,-0.65854,0.55992,136.98,-204.49,24.702,-2.8981,-11.685,1.4991,-0.77647,-0.43943,0.6681,-35.967,-41.932,35.801,12
-21.745,-5.6977,-10.565,0.43537,-0.47305,19.525,-10.869,-18.588,0.37848,-0.65854,0.55992,95.821,-8.2977,-17.129,0.91266,-2.9211,3.8852,-0.77647,-0.43943,0.6681,-35.415,-22.648,-13.478,12
-15.505,-5.0718,-8.3196,0.52747,-0.28467,-19.522,-1.1433,-7.3982,0.3692,-0.45028,0.70727,38.186,166.04,14.748,1.2396,3.8141,4.4095,-0.71961,-0.45585,0.69612,-37.975,8.6377,-27.2,12
-7.2606,-2.1195,-1.3697,0.41026,-0.25536,-3.9986,0.36805,-10.72,0.3692,-0.45028,0.70727,-14.59,-3.1569,11.002,0.41439,9.2377,4.7744,-0.71961,-0.45585,0.69612,-37.997,6.4124,-13.82,12
0.76844,0.97219,0.51908,0.10466,-0.63213,2.0902,2.1461,-6.1843,0.3692,-0.45028,0.70727,-51.88,-21.316,-3.5111,0.2068,9.8981,3.8074,-0.71961,-0.45585,0.69612,-30.289,-12.74,2.4097,12
3.1416,3.0216,1.9877,0.34746,-0.3977,0.71678,-0.84848,-3.6603,0.3692,-0.45028,0.70727,-68.396,14.629,-0.50997,2.6917,7.026,1.6013,-0.71961,-0.45585,0.69612,-15.333,-25.245,1.0288,12
4.0374,5.2016,3.0681,0.55678,-0.29723,-0.98603,-3.9266,-3.5499,0.3692,-0.45028,0.70727,-78.861,-5.8169,-0.67342,4.3995,3.3025,0.24846,-0.71373,-0.51745,0.67888,3.2059,-2.5674,-17.6,12
7.0974,3.7175,-0.0022706,0.9168,-0.083726,3.1164,-5.0666,-5.6701,0.3692,-0.45028,0.70727,-87.951,-63.341,-4.534,2.8431,1.577,-1.2961,-0.71373,-0.51745,0.67888,19.03,35.896,-39.329,12
5.4834,1.5868,-1.6782,1.0884,0.062794,4.7948,-3.8215,-3.9348,0.3692,-0.45028,0.70727,-96.954,-73.526,-5.2622,0.99287,0.34788,-2.2118,-0.71373,-0.51745,0.67888,25.041,62.444,-46.333,12
0.39343,-0.98487,0.90084,1.147,0.16745,4.1202,-3.9026,-4.1227,0.39332,-0.6379,0.55599,-108.97,-47.167,-7.7385,-1.3819,-0.46117,-3.1168,-0.73922,-0.52567,0.61853,21.826,64.134,-43.887,12
-3.1454,-1.3134,0.9239,0.98796,0.012559,2.6582,-4.906,-6.4375,0.39332,-0.6379,0.55599,-124.14,-42.795,-7.7676,-3.129,-0.87075,-3.0748,-0.73922,-0.52567,0.61853,14.038,39.345,-44.156,12
-4.8948,-0.71455,-0.10641,0.88749,0.012559,3.1799,-5.5441,-4.9017,0.39332,-0.6379,0.55599,-135.11,-17.181,-8.8142,-2.8387,-0.65825,-2.8246,-0.73922,-0.52567,0.61853,3.5193,10.82,-39.749,12
-4.6881,0.56898,-0.98037,0.79958,-0.058608,-2.5978,-2.9367,-4.5582,0.45083,-0.77674,0.28684,-140.63,24.159,-5.5098,-2.197,1.1784,-2.1598,-0.73922,-0.52567,0.61853,-9.283,5.2679,-26.953,12
-4.1917,0.49362,-0.018732,0.64887,-0.16745,-4.9651,0.81285,-3.8632,0.45083,-0.77674,0.28684,-136.39,22.648,-2.4049,-2.3327,2.4859,-1.407,-0.75098,-0.55441,0.59267,-20.593,5.3633,-10.574,12
-0.83082,0.6319,0.62529,0.75772,-0.20094,18.048,-4.415,23.845,0.45083,-0.77674,0.28684,-103.95,-163.55,-36.834,-3.052,4.0306,-0.94431,-0.75098,-0.55441,0.59267,-26.588,-1.6995,3.0953,12
1.4088,0.26469,1.2028,0.64469,-0.2763,19.832,-19.069,7.9845,0.45083,-0.77674,0.28684,27.751,62.842,-58.615,-3.5233,6.3167,-0.33,-0.75098,-0.55441,0.59267,-28.132,-12.511,9.3098,12
1.1662,-0.22908,-0.16799,0.95447,0.025118,1.342,-19.086,16.132,0.47866,-0.81614,0.11788,-85.715,94.986,-0.82285,-2.8827,7.3265,-0.35243,-0.74706,-0.58111,0.57543,-26.738,-16.677,11.545,12
0.38564,-0.59514,-0.70619,0.7033,-0.48142,-20.552,-19.388,-4.1437,0.47866,-0.81614,0.11788,-58.168,6.8202,-22.57,-2.7732,6.3134,-0.6635,-0.74706,-0.58111,0.57543,-25.715,-4.2198,6.0261,12
-0.6183,-0.90309,-1.2181,0.43119,-0.28048,-0.82513,-6.5514,-13.555,0.47866,-0.81614,0.11788,-51.107,3.8138,-23.258,-9.4092,2.0263,-2.3674,-0.74706,-0.58111,0.57543,-26.313,-10.089,-18.837,12
-1.9357,-1.7006,-0.56358,0.4898,-0.23862,9.3481,-1.6408,-7.6448,0.50835,-0.81989,0.072692,-3.3931,-4.5532,-25.283,-20.548,-9.622,-2.1998,-0.74706,-0.58111,0.57543,-37.727,-74.349,-67.881,12
-4.0056,-3.2567,-1.5668,0.28467,-0.75353,4.5953,-7.6876,-8.3593,0.50835,-0.81989,0.072692,30.751,2.4448,-14.204,-21.097,-18.735,-2.5097,-0.69804,-0.64887,0.55388,-49.465,-117.03,-100.9,12
-11.861,-3.4396,-6.2885,0.48561,-0.15908,3.3457,-16.169,-5.0667,0.50835,-0.81989,0.072692,50.44,12.89,9.3962,-21.038,-18.765,-4.4799,-0.69804,-0.64887,0.55388,-22.488,-76.419,12.589,12
-21.878,2.4629,-12.61,2.2062,0.0083726,4.3633,-18.271,-2.3491,0.50835,-0.81989,0.072692,59.517,-7.7511,25.727,-19.69,-18.708,2.2313,-0.69804,-0.64887,0.55388,-12.83,27.601,188.28,12
-21.961,4.6103,-16.322,1.5657,0.096285,5.6797,-19.209,2.8463,0.50093,-0.80675,0.12967,51.058,-49.868,30.935,-21.384,-18.67,8.0144,-0.67255,-0.61807,0.61207,-30.379,-3.7987,243.11,12
-22.093,12.247,-14.487,0.79121,-0.11722,2.7491,-19.17,5.7356,0.50093,-0.80675,0.12967,74.891,-66.437,42.745,-14.162,-18.624,5.6105,-0.67255,-0.61807,0.61207,-30.252,-98.841,212.66,12
-21.888,0.97841,-10.638,0.86238,-0.28467,3.9414,-19.141,9.697,0.50093,-0.80675,0.12967,94.162,14.288,50.211,-4.1618,-18.591,3.9246,-0.67255,-0.61807,0.61207,-7.1808,-89.716,168.26,12
-21.789,-2.485,-13.697,0.60701,-0.41026,0.44225,-11.703,4.9714,0.41929,-0.82739,0.22593,69.668,-15.376,42.339,-0.80989,-12.618,3.2024,-0.67255,-0.61807,0.61207,15.639,-15.954,108.05,12
-21.731,-5.3486,-9.0919,0.46886,-0.3977,2.4673,-6.2397,3.7544,0.41929,-0.82739,0.22593,50.994,-53.17,21.013,0.94448,-5.553,3.7015,-0.70196,-0.49692,0.7069,25.956,46.194,71.898,12
-20.334,-0.44943,-8.7247,0.55678,-0.40188,8.8427,-3.1746,-3.6016,0.41929,-0.82739,0.22593,15.305,-160.34,-4.7633,-0.25902,-0.30265,2.7349,-0.70196,-0.49692,0.7069,28.766,39.946,66.963,12
-15.712,2.7631,-7.1724,0.19257,-0.71586,19.573,-11.528,-7.2661,0.43228,-0.7955,0.20432,-16.695,-6.0716,-21.106,2.5253,3.6693,0.93347,-0.70196,-0.49692,0.7069,32.656,-19.878,59.336,12
-8.3526,2.9816,-7.5211,0.69074,-0.28467,0.27219,-3.3697,9.5634,0.43228,-0.7955,0.20432,-8.6479,112.01,-24.612,9.9057,5.9715,-1.8473,-0.74902,-0.38604,0.72414,38.455,-32.411,27.808,12
-2.0093,0.9701,-2.0495,0.63213,-0.35165,-7.6603,-1.6332,11.925,0.43228,-0.7955,0.20432,13.27,31.06,-15.15,12.302,6.9795,-3.0469,-0.74902,-0.38604,0.72414,39.095,13.609,-15.6,12
4.4923,-0.37373,2.4716,0.77028,-0.10466,0.91541,-0.98063,6.8872,0.43228,-0.7955,0.20432,35.687,-29.348,-16.293,7.5662,6.1175,-3.2462,-0.74902,-0.38604,0.72414,36.763,49.692,-57.523,12
9.5513,-1.3034,2.5143,1.034,0.14233,0.54511,-1.584,4.9679,0.46753,-0.7636,0.2613,53.68,-0.16982,-14.348,3.6501,3.1428,-2.7179,-0.74902,-0.38604,0.72414,31.357,47.762,-92.63,12
11.801,-1.1742,0.93643,0.95866,0.18838,0.39291,-2.0935,3.5243,0.46753,-0.7636,0.2613,66.794,24.837,-12.262,0.92656,0.65231,-2.7695,-0.79216,-0.34908,0.70474,24.976,37.994,-113.96,12
10.517,-0.58454,0.28423,0.74935,0.037677,1.0888,-2.3218,2.4781,0.46753,-0.7636,0.2613,76.476,34.832,-10.103,-1.0404,-0.99654,-2.654,-0.79216,-0.34908,0.70474,18.696,20.439,-133.4,12
4.7429,1.2409,1.8696,0.55678,-0.10047,0.99647,-3.8927,-0.16384,0.46011,-0.69981,0.42633,84.98,41.352,-10.771,-1.6943,-1.3075,-2.7529,-0.79216,-0.34908,0.70474,12.099,7.0605,-134.85,12
-0.41302,2.974,2.1835,0.48142,-0.17164,-2.1008,-4.0286,-1.8683,0.46011,-0.69981,0.42633,85.062,44.837,-7.4887,-1.0189,-1.6482,-1.822,-0.77059,-0.46612,0.65086,7.3279,14.659,-123.83,12
-2.9429,3.2062,-0.33249,0.57352,-0.0041863,-3.524,-4.3155,-9.7718,0.46011,-0.69981,0.42633,62.477,16.806,-6.7567,-1.7658,-2.0745,-0.44747,-0.77059,-0.46612,0.65086,7.7107,34.979,-105.97,12
-4.4263,1.6201,-0.78051,0.55259,-0.092098,0.97912,-4.254,-14.505,0.46011,-0.69981,0.42633,32.38,5.5478,-8.351,-2.7922,-0.9461,-0.6098,-0.77059,-0.46612,0.65086,12.341,49.189,-77.862,12
-3.4346,-0.4915,-0.7495,0.32653,-0.25955,0.61192,-3.5941,-14.851,0.44527,-0.57411,0.55403,-2.6393,26.632,-8.2943,-4.477,1.7233,-0.67425,-0.77059,-0.46612,0.65086,18.647,51.419,-48.156,12
-0.059691,-1.0558,0.4734,0.40188,-0.075353,-5.3505,-2.6281,-17.268,0.44527,-0.57411,0.55403,-48.823,1.5892,-9.1404,-5.555,3.6661,-0.38961,-0.77647,-0.52977,0.57974,21.888,34.382,-24.455,12
4.0775,-1.3487,1.5734,0.35583,-0.10466,19.454,-4.4999,-18.312,0.44527,-0.57411,0.55403,-97.587,-176.82,-26.294,-3.9786,5.1756,-0.43914,-0.77647,-0.52977,0.57974,23.505,16.574,-6.9159,12
3.6778,-0.55553,0.64474,0.27211,-0.17164,6.7169,-18.987,23.107,0.52134,-0.61914,0.42829,-142.89,289.32,-38.564,-3.0382,5.9031,-0.69443,-0.77647,-0.52977,0.57974,24.375,13.778,4.6818,12
-0.69725,0.51919,-1.1006,-0.12977,-0.67399,-13.22,9.535,6.9696,0.52134,-0.61914,0.42829,-88.756,32.814,-25.826,-4.4647,3.3438,-0.62448,-0.78039,-0.50513,0.57328,24.364,12.75,10.829,12
-2.2116,-0.028082,-1.4236,1.1763,0.1214,-8.1262,-19.238,6.9152,0.52134,-0.61914,0.42829,-31.159,69.302,9.7426,-6.1393,-3.1298,0.020594,-0.78039,-0.50513,0.57328,29.689,6.5787,16.051,12
-2.2337,0.069352,-0.077969,2.3736,1.0005,5.2726,-19.23,-4.2109,0.52134,-0.61914,0.42829,-92.236,-42.197,-24.14,-12.903,-17.308,7.2075,-0.78039,-0.50513,0.57328,73.432,36.211,46.594,12
-3.0391,-0.57038,-0.54607,-0.15489,-0.56934,5.9101,0.19887,-9.8164,0.46753,-0.70732,0.37917,-17.744,-20.006,-4.207,-14.861,-18.707,1.2625,-0.78039,-0.50513,0.57328,74.319,17.133,45.358,12
-5.3906,-1.6826,2.2591,0.15071,-0.62794,-1.9748,-7.648,-14.308,0.46753,-0.70732,0.37917,37.359,-8.2635,0.20126,-16.132,-18.717,-0.68584,-0.82157,-0.40862,0.58405,42.89,51.989,51.24,12
-19.207,-3.2775,2.484,0.427,-0.29723,3.4254,-14.632,-5.7703,0.46753,-0.70732,0.37917,73.609,-3.3049,13.279,-17.632,-18.734,-3.3533,-0.82157,-0.40862,0.58405,8.3166,23.756,78.99,12
-21.691,-6.3411,-15.865,0.45631,-0.61957,3.1892,-19.271,-2.39,0.48052,-0.69606,0.39882,110.27,6.9707,24.709,-13.982,-18.69,-1.0387,-0.82157,-0.40862,0.58405,-27.709,-59.942,94.269,12
-22.093,11.229,-15.716,0.75353,-0.012559,-2.9939,-19.26,0.73623,0.48052,-0.69606,0.39882,142.38,11.604,37.296,-10.03,-18.664,-1.4332,-0.87647,-0.32238,0.60991,-44.557,-75.095,68.452,12
-22.174,15.772,-7.4963,0.75772,-0.29304,-4.5287,-19.233,5.4514,0.48052,-0.69606,0.39882,152.27,18.294,44.824,-4.6698,-18.661,-0.12056,-0.87647,-0.32238,0.60991,-52.327,-80.08,34.05,12
-21.939,4.0316,-12.974,0.7954,-0.3056,-9.8269,-9.5083,0.65548,0.39147,-0.5591,0.62279,146.1,19.823,45.653,-2.1297,-14.13,0.0331,-0.87647,-0.32238,0.60991,-48.66,-36.521,1.5581,12
-21.74,-3.8926,-12.277,0.96285,-0.30141,6.8621,-18.527,-19.056,0.39147,-0.5591,0.62279,86.07,-105.45,19.102,-2.0662,-5.792,1.8042,-0.87647,-0.32238,0.60991,-41.36,-6.699,-39.749,12
-21.804,-2.7289,-4.4667,1.168,-0.096285,19.446,-2.6177,-18.207,0.39147,-0.5591,0.62279,43.447,126.72,-10.217,0.8449,0.14455,2.4551,-0.8,-0.3655,0.6875,-41.204,8.8564,-63.007,12
-10.994,-0.29443,-2.7633,1.0968,-0.075353,-13.825,0.59825,-11.463,0.39147,-0.5591,0.62279,-20.175,150.48,16.648,0.87068,4.4516,3.1601,-0.8,-0.3655,0.6875,-43.59,21.583,-63.181,12
-2.4762,0.57616,-1.506,0.74935,-0.20931,-3.0347,0.1325,-11.503,0.27458,-0.4878,0.7446,-59.566,-17.019,5.9791,0.43095,5.6508,3.0846,-0.8,-0.3655,0.6875,-45.205,3.7124,-55.093,12
3.7582,-0.030576,0.75514,0.59027,-0.28467,4.0151,-3.997,-8.6076,0.27458,-0.4878,0.7446,-86.26,-72.532,-0.72409,1.6927,4.0058,1.5753,-0.78627,-0.4846,0.625,-42.61,-24.049,-51.875,12
6.1263,2.2732,2.0362,0.50654,-0.23443,4.8839,-4.7244,-5.1145,0.27458,-0.4878,0.7446,-106.92,-63.334,-3.866,3.0558,0.5263,-0.36952,-0.78627,-0.4846,0.625,-33.189,-33.483,-60.257,12
7.0645,3.3404,1.3112,0.56934,-0.17582,4.5592,-5.6413,-1.7573,0.33952,-0.62101,0.56189,-125.19,-45.354,-2.526,3.5446,-1.7059,-1.5853,-0.78627,-0.4846,0.625,-20.568,-10.12,-70.707,12
4.9147,1.7383,-0.23302,0.60283,-0.21769,4.735,-5.9991,-1.888,0.33952,-0.62101,0.56189,-130.95,-36.305,-3.3672,1.55,-2.6611,-2.1122,-0.78627,-0.4846,0.625,-11.235,25.495,-75.209,12
0.61258,0.68396,-0.10686,0.7954,-0.0083726,2.4234,-6.5237,0.1043,0.33952,-0.62101,0.56189,-129.81,-28.06,-5.0597,-2.1111,-2.488,-1.8015,-0.71373,-0.58522,0.61207,-1.4456,52.927,-62.652,12
-2.6909,-0.30179,0.21494,0.63213,-0.10466,2.6216,-5.7093,1.3449,0.33952,-0.62101,0.56189,-130.79,-37.958,-8.5486,-6.3746,-0.49348,-0.34759,-0.71373,-0.58522,0.61207,2.609,27.502,-42.1,12
-4.9613,-0.92609,-1.2412,0.44793,-0.23443,2.1523,-2.9892,3.0596,0.40074,-0.78987,0.30059,-125.5,-22.048,-10.545,-4.3543,2.0579,-1.2096,-0.71373,-0.58522,0.61207,-1.328,10.826,-25.767,12
-4.4063,-0.39419,-1.3513,0.39351,-0.25536,-2.7431,1.6026,3.8235,0.40074,-0.78987,0.30059,-114.25,2.6104,-6.3991,-4.7161,3.8725,0.24571,-0.7098,-0.61396,0.54526,-7.3262,21.417,-7.2199,12
-2.075,-0.79392,0.5496,0.39351,0.012559,-3.7066,-4.2532,-5.5206,0.40074,-0.78987,0.30059,-108.91,-75.792,2.0703,-5.005,6.9551,1.5144,-0.7098,-0.61396,0.54526,-13.719,10.514,3.2306,12
3.1718,-0.51055,1.7014,0.17582,-0.41863,19.527,-3.206,-9.7046,0.46197,-0.85553,0.037328,-65.081,279.37,-32.805,-4.694,8.8252,1.5246,-0.7098,-0.61396,0.54526,-17.517,7.7527,13.652,12
5.254,-0.075236,0.65639,0.37258,-0.41026,2.88,-19.11,13.792,0.46197,-0.85553,0.037328,-20.207,237.45,29.776,-4.4595,9.0563,1.6299,-0.7098,-0.61396,0.54526,-21.233,13.149,23.271,12
1.4836,-0.44321,0.34959,3.1523,1.1052,6.4419,-19.13,9.7537,0.46197,-0.85553,0.037328,-6.0829,16.758,-25.876,-5.4661,7.4572,1.7166,-0.7549,-0.6345,0.49353,-21.173,37.084,39.278,12
-2.1342,-0.86642,-0.34114,0.087912,-0.44375,-4.2884,-19.31,-3.248,0.4731,-0.8349,0.1002,-53.526,-19.648,-26.872,-13.768,1.7201,1.0131,-0.7549,-0.6345,0.49353,-19.063,50.633,53.264,12
-4.0687,-0.60622,-0.012454,0.18838,-0.38514,4.4953,-7.9061,-10.413,0.4731,-0.8349,0.1002,-31.184,-2.0735,-13.497,-21.128,-12.14,-3.0341,-0.7549,-0.6345,0.49353,-8.9546,38.117,64.061,12
-7.455,0.020758,0.57029,0.25955,-0.29723,5.3285,-4.3497,-8.2371,0.4731,-0.8349,0.1002,1.3216,-1.1141,-7.9518,-20.864,-18.849,-9.9008,-0.82157,-0.59754,0.41379,-7.115,24.591,110.8,12
-13.202,0.023789,-1.44,0.25118,-0.26374,5.0687,-14.062,-6.1732,0.4731,-0.8349,0.1002,18.282,0.9181,16.364,-20.808,-18.828,-10.785,-0.82157,-0.59754,0.41379,-26.821,-7.0593,229.14,12
-21.851,0.134,-9.9985,0.56934,-0.14652,5.8982,-19.206,0.20285,0.48609,-0.83865,0.072692,21.482,-18.747,24.0,-20.774,-18.839,-10.921,-0.82157,-0.59754,0.41379,-30.399,-5.8228,294.76,12
-21.875,0.83601,-16.588,0.71167,-0.058608,4.6102,-19.186,7.1389,0.48609,-0.83865,0.072692,22.612,-43.896,16.437,-20.931,-18.794,-6.3563,-0.82157,-0.59754,0.41379,-31.781,-0.33896,279.15,12
-22.012,7.1645,-10.176,0.64887,-0.32653,5.4211,-19.161,8.6587,0.48609,-0.83865,0.072692,35.228,-21.637,29.093,-13.662,-18.714,-0.37319,-0.9451,-0.35113,0.37931,-31.129,-42.862,238.07,12
-22.002,7.1705,-9.7547,0.8247,-0.23025,-1.3786,-11.397,6.8643,0.41373,-0.85178,0.090373,26.34,-10.172,24.539,-2.7307,-16.159,3.0775,-0.9451,-0.35113,0.37931,-19.769,-73.82,184.46,12
-21.826,-1.644,-16.011,0.74935,-0.57352,0.099642,-10.75,1.2552,0.41373,-0.85178,0.090373,8.7796,-42.84,8.1893,8.1094,-7.7174,5.26,-0.9451,-0.35113,0.37931,0.96938,-82.595,108.07,12
-21.776,-3.1252,-8.2497,0.92098,-0.22187,8.7434,-9.1615,-6.2456,0.41373,-0.85178,0.090373,-14.865,-89.209,-9.9217,16.637,-0.92578,5.4225,-0.94706,-0.14168,0.51509,21.382,-52.078,22.248,12
-12.03,0.99005,-4.9741,0.81214,-0.066981,17.57,-4.8597,3.141,0.41373,-0.85178,0.090373,-13.695,16.834,-24.858,15.215,4.6829,5.2862,-0.94706,-0.14168,0.51509,31.345,-7.3743,-52.729,12
-1.9588,5.0096,-5.9491,0.76609,0.020931,-4.8399,-0.078663,14.906,0.43414,-0.85553,0.047151,4.9903,134.81,-21.939,9.1856,5.2506,4.0646,-0.94706,-0.14168,0.51509,37.009,-15.469,-112.46,12
1.4351,1.9812,1.2941,0.15071,-0.35165,-9.2665,3.1724,14.274,0.43414,-0.85553,0.047151,48.699,44.1,-10.794,8.2127,1.8562,-0.37594,-0.94706,-0.14168,0.51509,41.194,-27.782,-159.91,12
6.7123,-0.26378,3.7973,0.13815,-0.2763,-2.5188,1.3742,9.6998,0.43414,-0.85553,0.047151,95.638,7.484,-5.0179,5.3183,-0.28514,-2.5143,-0.89216,-0.17659,0.59914,43.99,0.43197,-185.05,12
9.3317,-0.93016,1.3373,0.23443,-0.24699,-2.4439,-0.81278,6.8412,0.44527,-0.81238,0.21022,132.52,37.574,5.0547,1.4019,-2.0937,-3.3651,-0.89216,-0.17659,0.59914,44.189,20.375,-205.1,12
7.6825,0.21951,0.88291,0.29304,-0.25536,-2.0236,-3.9009,4.9618,0.44527,-0.81238,0.21022,158.75,38.963,15.339,-1.2223,-4.172,-3.1982,-0.89216,-0.17659,0.59914,43.321,41.3,-218.68,12
3.055,1.2891,1.4213,0.20931,-0.18001,2.241,-8.8808,3.995,0.44527,-0.81238,0.21022,173.81,35.326,18.681,-3.8067,-5.1274,-3.7355,-0.87451,-0.34086,0.56034,41.773,48.033,-218.42,12
-0.39982,0.79883,1.5351,1.8713,0.49398,0.5547,-11.254,1.3595,0.44527,-0.81238,0.21022,167.82,55.57,13.837,-3.874,-4.8658,-3.5766,-0.87451,-0.34086,0.56034,36.831,38.558,-209.04,12
-1.1707,-0.55372,0.66595,0.44793,0.10047,-1.587,-12.127,-13.685,0.3525,-0.6454,0.5501,143.47,-4.7375,13.051,-5.0895,-4.0135,-2.3465,-0.87451,-0.34086,0.56034,30.849,32.859,-185.99,12
-3.1476,-0.70172,-0.65263,-0.020931,-0.21769,1.8649,-6.0567,-18.545,0.3525,-0.6454,0.5501,83.737,-68.727,0.59984,-6.0626,-2.029,-1.9035,-0.87451,-0.34086,0.56034,22.335,7.3241,-152.7,12
-0.87334,-0.77739,0.098456,0.092098,-0.31816,19.416,-0.50775,-18.102,0.3525,-0.6454,0.5501,-13.99,-151.6,-27.064,-5.0651,0.47347,-1.6534,-0.87451,-0.34086,0.56034,11.325,-16.513,-115.49,12
0.97385,-0.71269,1.5359,0.20513,-0.18001,18.697,-18.916,23.22,0.46568,-0.53096,0.57957,-140.99,333.89,-65.743,-3.5971,1.5671,-1.2862,-0.87451,-0.34086,0.56034,3.8573,-27.192,-83.766,12
3.2165,-0.72623,1.0925,0.16327,-0.23862,-21.857,15.669,6.5441,0.46568,-0.53096,0.57957,-130.83,80.941,-1.3675,-2.349,2.3286,-0.14399,-0.87451,-0.34086,0.56034,0.31848,-22.012,-59.34,12
2.345,-0.080014,0.24543,0.062794,-0.34746,-2.9042,-19.149,11.857,0.46568,-0.53096,0.57957,-108.45,12.644,-7.0483,-2.9002,0.31901,0.90137,-0.71961,-0.61396,0.55603,4.6393,-20.807,-43.381,12
0.46472,1.5117,-1.2113,0.3349,-0.11722,-5.5807,-15.428,-5.1293,0.42857,-0.66792,0.46365,-77.564,15.822,-1.7815,-2.8285,-5.8875,1.2473,-0.71961,-0.61396,0.55603,15.944,-21.43,-39.9,12
-2.0151,0.75685,-1.9424,0.53166,0.0041863,3.9239,-10.615,-10.064,0.42857,-0.66792,0.46365,-30.076,-9.9745,-14.306,-0.4854,-17.819,-2.8805,-0.71961,-0.61396,0.55603,27.09,-1.9545,-41.316,12
-5.4971,0.61472,-0.30257,0.66143,0.096285,4.351,-12.846,-9.3801,0.42857,-0.66792,0.46365,11.983,-9.4776,-2.3094,-3.3283,-18.705,-5.4873,-0.70588,-0.61191,0.57543,41.249,67.433,-3.0985,12
-11.302,1.4604,-1.7844,0.77446,0.23862,3.6633,-13.799,-6.6533,0.42857,-0.66792,0.46365,54.938,-1.4668,9.8827,-11.664,-18.7,-2.9767,-0.70588,-0.61191,0.57543,25.262,102.52,4.8952,12
-20.216,2.2252,-7.3787,0.86238,0.15908,3.1657,-17.096,-5.6252,0.43785,-0.67917,0.46562,93.714,-6.6252,23.012,-14.914,-18.713,-1.3002,-0.70588,-0.61191,0.57543,-9.63,60.336,52.995,12
-21.779,-3.4516,-17.026,0.78284,-0.087912,-0.57081,-19.296,-2.908,0.43785,-0.67917,0.46562,130.37,-14.698,40.685,-15.917,-18.715,-0.51909,-0.70588,-0.61191,0.57543,-38.334,-27.317,79.29,12
-22.022,7.1528,-16.093,0.72004,-0.10884,-1.5089,-19.244,3.3352,0.43785,-0.67917,0.46562,162.83,-19.426,53.792,-13.788,-18.672,0.81641,-0.7902,-0.58932,0.49353,-45.593,-106.9,81.385,12
-22.051,8.0871,-11.567,0.6112,-0.10047,-7.5811,-18.156,-0.75445,0.38776,-0.54409,0.64637,161.83,41.134,62.874,6.1699,-18.555,3.5202,-0.7902,-0.58932,0.49353,-28.726,-161.62,-2.2074,12
-21.903,2.2017,-15.812,0.58608,-0.075353,-0.60502,-15.615,-18.974,0.38776,-0.54409,0.64637,102.42,-177.17,39.694,10.354,-11.692,3.7591,-0.7902,-0.58932,0.49353,-19.853,-10.45,-12.206,12
-21.831,-1.8655,-12.052,0.48142,-0.15489,19.437,-0.55728,-18.104,0.38776,-0.54409,0.64637,50.703,-0.69052,6.6407,-4.291,-4.694,2.5986,-0.71961,-0.58932,0.59052,-23.68,55.65,-12.221,12
-15.349,-2.2641,-10.151,0.35583,-0.12559,-8.9284,-3.3529,-12.517,0.38776,-0.54409,0.64637,-29.01,111.12,16.352,-7.1421,1.7084,3.8354,-0.71961,-0.58932,0.59052,-30.602,-8.1127,-7.0291,12
-9.078,-1.1515,-2.0089,0.096285,-0.37677,2.7523,-2.1449,-8.5485,0.34879,-0.43715,0.70727,-77.154,-6.9349,2.6225,-0.854,7.4399,2.9866,-0.71961,-0.58932,0.59052,-35.167,-51.716,1.9799,12
-0.38618,2.6425,2.0273,0.050235,-0.25118,5.0854,-6.8866,-5.4914,0.34879,-0.43715,0.70727,-112.07,-16.31,-12.747,0.50785,9.725,1.4967,-0.71961,-0.58932,0.59052,-28.638,-63.064,17.025,12
3.0932,2.412,2.3013,0.0083726,-0.26374,3.7529,-6.2416,-2.3787,0.34879,-0.43715,0.70727,-134.41,9.0506,-14.141,3.152,7.893,0.3009,-0.6902,-0.65092,0.59914,-15.173,-45.176,22.531,12
4.5829,2.1705,0.66902,0.28467,-0.12559,2.4371,-5.271,-1.3538,0.36178,-0.61351,0.59136,-143.22,-3.8889,-15.423,2.6478,4.7549,-1.5123,-0.6902,-0.65092,0.59914,-0.90898,-1.1314,12.99,12
5.706,1.0645,0.26423,0.28885,-0.12977,5.4522,-5.2364,-1.8531,0.36178,-0.61351,0.59136,-143.28,-18.934,-19.456,1.1138,3.2811,-2.888,-0.6902,-0.65092,0.59914,5.5674,36.098,3.7215,12
3.1414,0.00090809,-1.9999,0.03349,-0.33909,4.3893,-4.7077,-0.47274,0.36178,-0.61351,0.59136,-139.61,-4.292,-21.407,-1.4919,1.6019,-1.8053,-0.68824,-0.62628,0.57759,5.7871,58.068,4.9502,12
1.0188,-0.43313,-1.1232,-0.054422,-0.30979,3.6161,-4.9951,0.49474,0.36178,-0.61351,0.59136,-135.74,9.6143,-24.077,-4.7497,1.661,-0.89611,-0.68824,-0.62628,0.57759,1.3852,48.754,12.898,12
-1.8797,0.046714,-0.49053,-0.083726,-0.33909,1.9804,-3.948,1.2391,0.36178,-0.61351,0.59136,-132.05,13.798,-26.79,-6.0114,1.9706,-0.94314,-0.68824,-0.62628,0.57759,-7.8276,7.1891,21.432,12
-3.318,0.24196,-0.24138,-0.15908,-0.24699,0.39791,-0.89922,2.1569,0.36178,-0.61351,0.59136,-124.33,11.886,-25.193,-4.5628,1.4361,-1.3865,-0.68824,-0.62628,0.57759,-17.43,-19.448,34.142,12
-1.6266,0.5243,0.48929,1.5447,0.52747,-1.4859,2.8448,5.2732,0.36178,-0.61351,0.59136,-107.82,17.959,-21.977,-3.9689,0.33517,-0.48324,-0.73333,-0.61807,0.54526,-23.064,-26.282,52.87,12
1.6825,0.72408,0.99148,0.95447,0.25955,2.4741,-7.1926,4.4984,0.46753,-0.83677,0.086444,-72.537,-116.16,-24.949,-3.8064,-0.20385,-0.38519,-0.73333,-0.61807,0.54526,-23.201,-22.072,74.486,12
3.6097,0.32063,0.83938,-0.53585,-0.62794,8.1509,-19.064,14.389,0.46753,-0.83677,0.086444,-12.256,94.618,-6.6174,-3.5581,-0.027201,-0.72011,-0.73333,-0.61807,0.54526,-19.932,-18.356,86.428,12
1.7664,-0.44186,1.5076,-0.22606,-0.46049,-2.4093,-19.051,20.628,0.46753,-0.83677,0.086444,-26.178,98.427,24.215,-3.569,-0.51859,-0.85926,-0.76471,-0.577,0.57112,-16.613,-9.6415,90.017,12
-1.0779,-0.64856,0.14163,-0.16327,-0.45212,-4.3878,-19.286,0.09598,0.50093,-0.82739,0.033399,-9.5726,-0.27125,0.19416,-4.3302,-2.4584,0.15833,-0.76471,-0.577,0.57112,-12.537,3.0142,89.25,12
-3.9809,-0.95436,0.54569,-0.058608,-0.29304,-0.91671,-19.357,-8.9874,0.50093,-0.82739,0.033399,-33.356,-1.8683,-7.2507,-9.7403,-10.379,0.13732,-0.76471,-0.577,0.57112,1.0892,19.152,83.224,12
-6.3311,-1.12,0.61499,-0.083726,-0.35583,4.654,-4.3413,-10.368,0.50093,-0.82739,0.033399,-12.911,8.5695,-2.8578,-17.244,-18.769,-5.9489,-0.76471,-0.577,0.57112,11.909,23.979,68.59,12
-8.2425,-1.0073,1.583,0.12977,-0.19676,4.5512,-2.9523,-10.081,0.50093,-0.82739,0.033399,17.703,8.6303,-0.44036,-20.878,-18.838,-8.7856,-0.80784,-0.48871,0.53448,7.4779,47.611,104.37,12
-15.521,-1.2267,-1.942,0.30979,-0.054422,6.2285,-8.5262,-6.0828,0.5102,-0.81426,0.011788,40.357,6.9359,14.564,-20.887,-18.832,-9.1708,-0.80784,-0.48871,0.53448,-11.525,14.506,150.53,12
-21.818,-2.0055,-16.223,0.84144,0.050235,4.0791,-17.31,-4.2935,0.5102,-0.81426,0.011788,61.412,-1.5315,22.741,-20.889,-18.801,-8.0859,-0.80784,-0.48871,0.53448,-33.685,24.717,187.53,12
-21.984,7.2834,-15.976,1.0047,0.16327,0.65759,-19.322,-1.522,0.5102,-0.81426,0.011788,74.534,-22.764,24.567,-20.954,-18.806,-5.5861,-0.90392,-0.34292,0.47198,-49.731,-0.0009667,167.96,12
-22.064,10.27,-4.6336,1.2182,0.18838,4.6294,-19.167,7.0358,0.47124,-0.8424,0.12967,83.66,-15.882,27.201,-20.508,-18.718,-1.8213,-0.90392,-0.34292,0.47198,-54.103,-6.323,148.44,12
-21.897,1.9121,-16.133,1.1596,0.10466,2.8555,-16.495,9.8705,0.47124,-0.8424,0.12967,89.557,11.581,41.239,-16.846,-13.304,2.6369,-0.90392,-0.34292,0.47198,-45.562,-13.966,136.77,12
-21.78,-1.8905,-12.528,0.80795,-0.016745,-2.4833,-8.5903,5.3269,0.47124,-0.8424,0.12967,66.953,-24.89,36.572,-13.093,-5.5407,5.9313,-0.90392,-0.34292,0.47198,-19.792,-22.25,132.68,12
-21.785,-3.7041,-5.9228,0.47305,-0.20513,0.67096,-6.4995,5.4942,0.47124,-0.8424,0.12967,44.869,-97.329,8.5896,-6.6842,2.2938,6.3751,-0.96471,-0.2115,0.47198,1.0918,-34.443,132.14,12
-18.538,1.1522,-4.4647,0.16327,-0.25536,9.0627,-3.3179,-0.10652,0.41187,-0.82739,0.23183,20.535,-97.453,1.4296,-1.1151,6.5831,7.3083,-0.96471,-0.2115,0.47198,13.724,-45.897,124.56,12
-11.467,4.6827,-8.0207,0.3349,-0.14233,19.697,-16.915,-5.3884,0.41187,-0.82739,0.23183,-10.834,-47.598,-17.922,5.1693,7.2594,5.9359,-0.96471,-0.2115,0.47198,22.494,-48.657,111.41,12
-6.1631,2.0934,-7.4221,0.40607,0.025118,-1.8793,-3.2975,11.837,0.41187,-0.82739,0.23183,8.9979,104.13,-23.155,10.528,8.4759,2.5905,-0.91765,-0.059548,0.58621,23.066,-27.372,98.93,12
0.68584,1.5664,-1.4064,0.29723,0.12559,-10.54,-1.085,12.288,0.45269,-0.80863,0.22986,40.39,-1.1378,-10.609,11.73,7.5947,1.4735,-0.91765,-0.059548,0.58621,15.624,0.45236,79.008,12
7.7853,1.1372,4.1655,0.0083726,-0.22187,2.4557,-1.8012,6.0178,0.45269,-0.80863,0.22986,67.309,-34.068,-11.395,9.7838,4.4273,-0.26822,-0.91765,-0.059548,0.58621,11.648,-2.1412,33.467,12
13.439,1.7791,3.2022,-0.092098,-0.33072,-1.2545,-2.9876,4.2131,0.45269,-0.80863,0.22986,87.444,-0.69096,-8.6684,9.0753,2.3139,-2.6135,-0.91765,-0.059548,0.58621,13.852,-15.16,-32.062,12
14.217,1.7535,-0.5264,-0.19676,-0.45212,-0.52407,-2.8525,1.8834,0.50278,-0.71295,0.35167,98.175,21.037,-5.3485,7.4774,0.60885,-5.1154,-0.90588,0.020534,0.60991,14.786,-11.536,-86.232,12
7.5146,1.0382,-0.34866,-0.0041863,-0.28048,-0.069156,-3.8575,-1.5894,0.50278,-0.71295,0.35167,101.01,33.669,-3.5112,7.042,-3.0007,-6.0667,-0.90588,0.020534,0.60991,9.705,1.0223,-124.0,12
-0.005922,-0.20895,2.7075,0.020931,-0.14233,-1.8452,-3.5986,-3.4276,0.50278,-0.71295,0.35167,97.152,39.579,-1.3287,3.3709,-5.4056,-5.5619,-0.90588,0.020534,0.60991,5.9262,18.111,-143.02,12
-2.906,-0.15477,1.4598,2.5578,1.3773,-5.2875,-3.4534,-7.7151,0.50278,-0.71295,0.35167,86.581,12.712,2.0374,-1.6618,-4.7934,-4.3438,-0.9098,-0.094456,0.62069,3.996,-13.329,-149.25,12
-4.4243,0.0040519,-0.78911,-0.23443,-0.14233,-1.0944,-4.2363,-15.712,0.44341,-0.58161,0.56385,57.828,-20.395,3.8093,-0.3285,-2.8477,-2.7674,-0.9098,-0.094456,0.62069,-1.3622,-46.453,-145.77,12
-4.6317,-0.73883,-0.44544,-0.36839,-0.24699,0.86012,-1.4611,-14.429,0.44341,-0.58161,0.56385,24.845,-4.4686,2.1452,1.6161,-2.3276,-0.76221,-0.9098,-0.094456,0.62069,-5.4504,-42.349,-138.67,12
-1.991,-0.45006,0.59107,-0.32653,-0.36421,-3.0632,-0.80698,-17.331,0.44341,-0.58161,0.56385,-21.014,-6.5789,2.5063,1.8439,-1.4299,0.011839,-0.9098,-0.094456,0.62069,-2.2995,-14.51,-128.42,12
1.3709,-0.86925,1.427,-0.25955,-0.2763,12.103,-8.4231,-18.55,0.46382,-0.56848,0.54224,-77.28,-19.227,-11.249,-0.019165,-0.56174,0.82608,-0.85294,-0.26078,0.66164,2.0448,6.9946,-115.19,12
3.8167,-0.43167,1.5296,-0.10884,-0.14233,19.596,-19.338,-18.938,0.46382,-0.56848,0.54224,-218.33,3.8347,-87.014,-1.6678,0.73016,2.0157,-0.85294,-0.26078,0.66164,8.1937,11.474,-96.702,12
2.5469,-0.074421,-0.11196,-0.029304,0.075353,-21.653,6.4922,12.587,0.46382,-0.56848,0.54224,-102.57,111.48,-40.766,-2.7091,1.2821,4.2099,-0.85294,-0.26078,0.66164,14.932,21.057,-75.363,12
-1.0622,1.0875,0.28735,0.046049,0.13396,19.983,-18.916,23.254,0.46382,-0.56848,0.54224,-18.597,36.333,-78.058,-4.5197,-0.48847,4.1527,-0.83333,-0.33265,0.6444,22.988,36.681,-47.56,12
-3.8329,0.73479,-0.5444,0.066981,0.037677,-8.2168,-19.412,-11.501,0.4898,-0.65666,0.44204,-130.92,-77.406,-40.186,-7.1949,-2.7259,2.4054,-0.83333,-0.33265,0.6444,32.613,47.695,-25.456,12
-5.1449,-0.83668,-1.2753,0.26792,-0.050235,10.941,10.657,-10.577,0.4898,-0.65666,0.44204,-40.664,-61.061,-4.3481,-17.753,-10.105,0.4739,-0.83333,-0.33265,0.6444,41.308,55.42,-24.638,12
-4.0992,-2.1123,-2.9691,0.36002,-0.037677,-3.9523,-3.9271,-15.486,0.4898,-0.65666,0.44204,61.643,51.494,21.052,-21.033,-18.796,-4.6273,-0.83333,-0.33265,0.6444,48.96,66.523,-13.765,12
-9.1862,0.21917,2.2303,0.32653,-0.025118,1.3335,-19.26,-3.2622,0.46197,-0.69043,0.40864,86.73,9.9584,27.17,-20.801,-18.857,-11.693,-0.89412,-0.32854,0.5431,58.841,31.332,88.589,12
-21.933,5.2564,3.9468,0.32234,-0.050235,1.3948,-19.28,-3.273,0.46197,-0.69043,0.40864,122.9,2.0737,24.794,-20.785,-18.875,-11.538,-0.89412,-0.32854,0.5431,11.739,6.9393,88.613,12
-21.511,-15.873,-18.06,0.38095,-0.23862,-6.7459,-19.226,4.1483,0.46197,-0.69043,0.40864,152.58,-7.3974,46.373,-21.01,-18.791,-4.0541,-0.89412,-0.32854,0.5431,-40.637,-42.204,76.505,12
-22.073,7.1724,-16.081,0.55259,-0.092098,-6.5312,-19.204,9.3078,0.46197,-0.69043,0.40864,165.79,28.25,63.357,-13.332,-18.744,-3.3538,-0.91176,-0.22177,0.57328,-58.207,-93.618,35.512,12
-22.122,13.179,-7.7191,0.71586,0.10047,-19.963,-10.585,-8.9685,0.38961,-0.56848,0.61493,112.86,-104.61,64.734,-0.73424,-16.832,-0.24787,-0.91176,-0.22177,0.57328,-46.156,-73.399,0.53289,12
-21.818,-1.545,-10.75,0.48561,-0.1214,19.566,-15.168,-18.761,0.38961,-0.56848,0.61493,60.831,-101.34,6.0017,1.3473,-7.6769,3.3141,-0.91176,-0.22177,0.57328,-32.192,-23.462,-37.232,12
-21.758,-5.0369,-11.001,0.38095,-0.16745,-15.519,-1.4229,-14.57,0.38961,-0.56848,0.61493,-3.9904,282.98,30.728,2.8259,-1.1681,5.1916,-0.91176,-0.22177,0.57328,-29.5,-5.6712,-52.158,12
-13.242,-4.5721,-6.5378,0.35583,-0.10047,2.0044,-2.0194,-13.821,0.30798,-0.46904,0.71709,-57.588,1.4933,12.248,3.5464,3.6025,6.253,-0.83922,-0.31622,0.65517,-29.402,4.1705,-47.922,12
-3.6331,-0.66841,0.58195,0.0,-0.15489,8.3225,-2.0561,-8.5821,0.30798,-0.46904,0.71709,-90.234,22.554,-6.646,2.5768,5.6821,6.2112,-0.83922,-0.31622,0.65517,-20.484,-1.7538,-32.522,12
4.4401,3.2465,4.029,-0.03349,-0.15908,8.0596,-3.3226,-5.523,0.30798,-0.46904,0.71709,-113.03,26.084,-10.987,3.1487,4.7047,3.4748,-0.83922,-0.31622,0.65517,-1.6023,-16.602,-28.386,12
6.2771,3.319,2.6566,-0.12559,-0.26792,6.1353,-5.2575,-3.9724,0.26531,-0.64353,0.6169,-127.8,36.874,-11.81,5.7618,3.8931,0.30924,-0.80784,-0.36756,0.64009,20.385,-8.215,-38.86,12
8.2402,4.1529,1.0264,0.28885,-0.058608,5.1323,-5.7191,0.36954,0.26531,-0.64353,0.6169,-130.54,2.5898,-17.04,6.0624,3.2982,-1.1788,-0.80784,-0.36756,0.64009,35.613,24.476,-57.655,12
6.7187,1.4367,-0.58649,2.9765,1.5364,5.3911,-6.2548,2.2412,0.26531,-0.64353,0.6169,-123.12,-8.4936,-23.715,3.6113,2.4647,-1.533,-0.80784,-0.36756,0.64009,41.505,57.138,-70.499,12
2.0416,-0.56503,-2.0614,-0.34328,-0.38932,3.736,-5.0174,1.2344,0.26531,-0.64353,0.6169,-118.52,-37.897,-32.604,-0.094661,2.1444,-1.5594,-0.80784,-0.36756,0.64009,36.398,67.129,-74.673,12
-2.349,-1.7407,-2.0198,-0.37677,-0.36839,4.1692,-4.6732,0.0059487,0.30983,-0.80488,0.3831,-113.58,-40.149,-40.617,-2.4783,2.2984,-2.1559,-0.82745,-0.37782,0.5819,23.707,36.73,-78.233,12
-5.1473,-1.7275,-1.0818,-0.31397,-0.3056,1.5421,-3.2978,0.91303,0.30983,-0.80488,0.3831,-112.08,-10.072,-42.679,-2.3828,2.5524,-2.7578,-0.82745,-0.37782,0.5819,9.5242,0.89835,-82.129,12
-3.3055,-0.37952,0.30269,-0.22187,-0.2763,-6.118,0.59427,0.020617,0.30983,-0.80488,0.3831,-110.22,14.13,-32.28,-1.1013,2.7513,-2.8729,-0.82745,-0.37782,0.5819,-3.7213,-13.065,-76.117,12
0.27175,0.55409,1.4288,-0.14233,-0.30979,-15.52,7.2314,7.3001,0.43043,-0.83865,0.14538,-93.066,5.1508,-20.557,-0.65358,3.0012,-1.8812,-0.80588,-0.46817,0.59052,-15.28,-1.9626,-66.351,12
1.9628,1.3564,1.68,-0.15489,-0.28467,-3.474,-6.6162,23.53,0.43043,-0.83865,0.14538,-15.703,-223.33,-18.088,-1.871,3.0767,-1.3253,-0.80588,-0.46817,0.59052,-23.067,9.288,-56.15,12
1.9209,0.4215,1.1853,0.012559,-0.12977,19.967,-18.942,20.638,0.43043,-0.83865,0.14538,55.669,89.902,-20.483,-3.8893,2.6875,-1.251,-0.80588,-0.46817,0.59052,-29.298,-3.4414,-46.761,12
-0.24931,-0.16092,0.69078,0.24699,-0.020931,4.6262,-19.17,8.7544,0.43043,-0.83865,0.14538,-47.73,54.239,-21.521,-5.0477,1.1886,-1.1385,-0.80588,-0.46817,0.59052,-35.069,-23.939,-33.314,12
-2.6377,-0.94504,0.95705,0.64469,0.23025,-0.80269,-19.242,3.5507,0.48609,-0.83865,0.086444,-48.754,0.48754,-11.44,-7.5331,-4.5671,-0.70752,-0.78235,-0.53799,0.56034,-32.212,10.42,-6.5246,12
-3.8381,-2.032,1.3855,0.7619,0.31816,1.2484,-19.346,-11.851,0.48609,-0.83865,0.086444,-38.121,-12.463,-4.885,-18.861,-13.618,-2.7746,-0.78235,-0.53799,0.56034,-27.262,74.534,21.453,12
-7.1391,-1.6319,2.5163,0.78702,0.33072,2.1753,-7.939,-7.7606,0.48609,-0.83865,0.086444,-11.146,5.4326,4.4976,-20.955,-18.816,-6.5658,-0.78235,-0.53799,0.56034,-22.299,68.166,42.916,12
-13.213,-4.4882,0.2487,0.40188,0.083726,5.9071,-14.419,-3.2973,0.49722,-0.83865,0.023576,-0.59835,-25.132,7.9112,-20.929,-18.788,-6.7831,-0.82549,-0.54004,0.44181,12.478,9.0293,98.715,12
-21.791,-2.3734,-8.6978,0.5191,0.075353,7.7347,-17.516,0.84737,0.49722,-0.83865,0.023576,8.1515,-32.742,23.108,-20.945,-18.809,-5.8988,-0.82549,-0.54004,0.44181,31.753,51.408,127.2,12
-21.85,0.59479,-16.683,0.57771,0.087912,2.982,-19.173,3.5191,0.49722,-0.83865,0.023576,20.495,-29.746,20.811,-21.168,-18.732,0.84467,-0.82549,-0.54004,0.44181,6.2144,82.842,123.48,12
-22.123,10.194,-13.24,0.6112,0.071167,2.18,-19.229,3.8729,0.44898,-0.86304,0.013752,37.661,39.99,38.241,-21.223,-18.7,4.0025,-0.82549,-0.54004,0.44181,-14.046,-4.2127,109.15,12
-21.928,3.9607,-6.8856,0.67399,0.16327,5.7342,-11.566,8.7916,0.44898,-0.86304,0.013752,3.1801,12.078,26.367,-11.901,-13.358,7.1654,-0.93922,-0.40452,0.38147,-18.137,-72.27,87.003,12
-21.85,-0.40599,-15.594,0.38932,-0.016745,4.2289,-9.8947,-3.3274,0.44898,-0.86304,0.013752,1.7971,-25.706,6.2817,-1.5252,-6.1743,5.5663,-0.93922,-0.40452,0.38147,4.712,-103.31,73.329,12
-21.776,-3.1414,-12.683,0.49398,0.075353,13.466,-12.461,-1.5926,0.44898,-0.86304,0.013752,3.465,-56.365,-13.214,9.5972,2.0341,3.4142,-0.93922,-0.40452,0.38147,35.454,-63.193,50.077,12
-7.8154,1.3777,-3.1602,0.39351,0.12559,-2.3321,2.3308,22.187,0.41744,-0.87617,0.0078585,30.825,101.16,-22.696,10.391,10.106,3.5886,-0.89804,-0.31417,0.53879,45.319,25.635,31.697,12
3.7329,4.7707,0.39779,0.25536,0.025118,-9.6168,-0.77067,12.042,0.41744,-0.87617,0.0078585,68.695,-28.944,-9.4539,4.1439,10.424,2.3962,-0.89804,-0.31417,0.53879,46.544,58.383,22.73,12
7.7317,-0.72602,3.5662,-0.2763,-0.25536,3.1827,-1.8584,7.2306,0.41744,-0.87617,0.0078585,107.99,-30.988,-13.538,0.50713,8.5923,0.2317,-0.89804,-0.31417,0.53879,45.524,10.253,0.085933,12
10.893,-3.236,3.1824,1.1136,0.38095,-2.8301,-2.2705,8.5978,0.44341,-0.82552,0.16503,134.91,20.486,-8.3864,0.56472,6.8722,-1.7814,-0.89804,-0.31417,0.53879,38.624,-33.429,-37.521,12
9.2491,-1.8506,1.3808,1.9383,1.1345,0.78833,-5.0551,4.3905,0.44341,-0.82552,0.16503,155.91,18.257,-4.5996,1.4277,4.1403,-2.9701,-0.93137,-0.24435,0.5194,29.386,-41.63,-68.31,12
4.5601,-0.22587,0.88493,-0.50654,-0.32234,2.2508,-8.3428,-0.61338,0.44341,-0.82552,0.16503,168.16,28.777,-3.651,0.74128,1.6275,-3.252,-0.93137,-0.24435,0.5194,18.83,-20.102,-85.704,12
0.44514,-0.034768,0.89161,-0.15489,-0.15071,0.30561,-9.0202,-4.9896,0.44341,-0.82552,0.16503,158.94,71.438,-3.3161,-1.2942,-0.50359,-3.3585,-0.93137,-0.24435,0.5194,12.013,-1.6151,-95.05,12
-1.5333,1.4147,-0.57794,-0.10047,-0.10884,-5.5306,-6.163,-14.322,0.43785,-0.67167,0.50098,118.97,39.361,5.3077,-2.2093,-1.5783,-2.8289,-0.88627,-0.31417,0.58405,6.6638,2.1028,-91.585,12
-2.2904,0.8834,-0.73102,0.046049,0.016745,-1.664,-4.1154,-18.472,0.43785,-0.67167,0.50098,64.352,-61.377,2.9342,-1.5862,-1.5262,-1.618,-0.88627,-0.31417,0.58405,3.24,0.83622,-76.478,12
-1.7262,0.44909,-0.17011,0.083726,0.058608,19.56,-15.613,-18.773,0.43785,-0.67167,0.50098,-173.98,-308.17,-127.2,-2.823,0.047524,-1.2476,-0.88627,-0.31417,0.58405,1.2302,-2.6517,-46.158,12
-0.23163,-0.034799,0.21792,0.10884,-0.0041863,-21.443,-8.9255,23.287,0.55659,-0.58161,0.45776,-134.16,333.82,-16.528,-1.5759,0.021886,-1.8114,-0.88627,-0.31417,0.58405,-2.0953,-12.042,-26.636,12
0.088427,0.12409,-0.19936,0.26374,0.14652,8.3505,-19.408,-19.054,0.55659,-0.58161,0.45776,-100.77,-90.552,-22.476,-3.4166,-1.9845,-0.45339,-0.8549,-0.37577,0.56897,-4.4758,-16.697,-22.666,12
0.35334,1.0201,-0.64503,0.50654,0.25955,10.711,-1.7163,-10.239,0.55659,-0.58161,0.45776,-84.638,16.259,-18.672,-5.2206,-7.2589,0.1058,-0.8549,-0.37577,0.56897,-2.5766,-24.269,-15.693,12
-1.7787,2.0648,0.82794,0.86238,0.49817,-2.5957,-19.373,-10.578,0.55659,-0.58161,0.45776,-23.418,-2.1511,-7.5909,-8.0758,-18.084,-1.4459,-0.8549,-0.37577,0.56897,4.3885,-9.9841,4.1587,12
-4.5807,2.773,1.9548,0.78702,0.45212,0.88696,-15.661,-9.6179,0.50464,-0.69418,0.37328,0.72464,-7.1632,-0.087161,-14.423,-18.773,-6.2928,-0.82941,-0.38193,0.59698,8.4867,22.817,21.602,12
-9.2663,0.18463,-0.45707,0.69074,0.49817,5.7599,-14.804,-4.1201,0.50464,-0.69418,0.37328,30.152,-12.962,11.792,-20.929,-18.788,-5.7623,-0.82941,-0.38193,0.59698,18.184,41.028,37.499,12
-19.217,-4.28,-1.322,0.55678,0.34746,6.3817,-16.564,-3.8998,0.50464,-0.69418,0.37328,67.417,-5.8118,27.137,-19.427,-18.769,-3.8551,-0.82941,-0.38193,0.59698,-0.056127,30.294,89.227,12
-21.815,-3.1797,-16.981,0.80795,0.37677,4.7331,-17.049,-2.9197,0.48794,-0.6848,0.40079,103.71,22.633,44.741,-17.683,-18.717,-1.665,-0.82941,-0.38193,0.59698,-22.315,-5.3098,81.917,12
-21.921,2.608,-16.049,0.98378,0.18838,0.88477,-19.228,2.9224,0.48794,-0.6848,0.40079,127.55,22.945,56.383,-13.455,-18.689,0.055111,-0.88824,-0.31828,0.55388,-38.795,-55.46,41.295,12
-21.932,4.6632,-5.4224,0.74097,0.083726,-2.7426,-19.182,6.5551,0.48794,-0.6848,0.40079,148.65,3.6511,50.959,-8.1002,-18.648,2.2239,-0.88824,-0.31828,0.55388,-40.315,-81.796,1.4557,12
-21.939,4.5329,-10.582,0.7326,0.096285,-3.5579,-9.3858,-2.932,0.4026,-0.5591,0.60511,149.45,-72.871,24.291,-2.4313,-13.531,2.8859,-0.88824,-0.31828,0.55388,-29.859,-77.444,-24.732,12
-21.881,1.1215,-11.804,0.51491,-0.041863,15.711,-16.446,-18.863,0.4026,-0.5591,0.60511,89.926,-84.019,10.874,2.0249,-4.9618,3.8248,-0.80196,-0.3655,0.66379,-22.239,-33.595,-42.347,12
-19.272,-1.0613,-9.106,0.45631,0.14652,4.1116,-3.0634,-11.289,0.4026,-0.5591,0.60511,23.289,245.09,5.8856,4.0951,1.8156,4.5595,-0.80196,-0.3655,0.66379,-17.663,11.05,-56.059,12
-12.489,-1.7909,-2.0875,0.28885,-0.050235,-15.092,-1.3615,-5.4586,0.4026,-0.5591,0.60511,-14.045,65.095,10.885,3.3963,6.1109,5.0868,-0.80196,-0.3655,0.66379,-14.206,33.653,-60.909,12
-2.564,0.92964,2.4521,0.1214,-0.054422,-8.2687,-0.49505,-5.9408,0.28942,-0.49531,0.71906,-41.056,-76.103,-3.3241,2.3058,7.4599,4.9876,-0.80196,-0.3655,0.66379,-5.1615,22.448,-65.31,12
3.9543,-0.23783,3.4944,-0.075353,-0.046049,-8.2198,-3.7962,-5.3658,0.28942,-0.49531,0.71906,-60.752,-131.5,3.3959,2.891,5.9698,2.9756,-0.79412,-0.42916,0.63578,9.2257,6.9512,-76.058,12
6.4106,2.7013,1.9379,2.3778,0.63213,-4.799,-4.3435,-4.6506,0.28942,-0.49531,0.71906,-71.929,-124.97,14.954,3.7431,3.8893,-0.06595,-0.79412,-0.42916,0.63578,20.267,15.903,-95.422,12
8.4482,0.8228,-1.1049,0.58189,-0.1214,-2.5727,-4.7405,-0.78359,0.46011,-0.606,0.55206,-84.174,-86.681,20.011,3.3117,1.0227,-0.73012,-0.79412,-0.42916,0.63578,26.7,48.854,-115.12,12
2.863,0.28564,-1.4585,-0.07954,-0.092098,-2.4789,-5.0083,0.1623,0.46011,-0.606,0.55206,-89.709,-13.415,24.006,-0.010726,-0.83365,-0.3646,-0.75098,-0.49692,0.60129,30.146,88.185,-116.89,12
-0.60031,0.72272,-0.14548,-0.071167,-0.14233,-0.10557,-5.0322,0.73692,0.46011,-0.606,0.55206,-89.976,-0.56813,20.853,-4.2956,-2.6626,-1.2581,-0.75098,-0.49692,0.60129,30.733,93.031,-103.56,12
-3.5305,0.2638,0.39216,-0.037677,-0.071167,5.7561,-5.0673,2.1792,0.46011,-0.606,0.55206,-86.006,24.897,14.891,-7.2285,-2.2264,-1.6426,-0.75098,-0.49692,0.60129,27.092,52.1,-80.485,12
-5.8967,-0.11694,-0.26316,-0.0083726,-0.020931,3.6597,-0.36334,0.29968,0.45455,-0.73921,0.34971,-93.566,67.908,14.179,-6.468,-1.3661,-1.61,-0.75098,-0.49692,0.60129,21.268,8.3128,-54.892,12
-4.8503,-0.41376,-0.84776,0.020931,0.016745,6.1973,-0.018431,-5.8035,0.45455,-0.73921,0.34971,-108.53,81.452,13.477,-4.4296,1.053,-1.6973,-0.75098,-0.49692,0.60129,15.446,0.65951,-27.496,12
-1.0036,-0.32635,1.3285,-0.13815,-0.31816,5.7217,1.5859,-3.7906,0.45455,-0.73921,0.34971,-116.32,109.6,14.506,-3.9398,3.9733,-1.6659,-0.75098,-0.49692,0.60129,10.427,19.312,-0.3456,12
2.9763,0.68192,1.4508,0.11303,0.37677,-1.7218,-8.4129,9.208,0.36549,-0.84428,0.22397,-120.62,-22.097,13.311,-4.3019,7.2299,-2.0135,-0.75098,-0.49692,0.60129,5.4018,37.485,15.257,12
5.1373,0.7093,0.87436,0.23862,0.029304,9.8211,-7.7026,3.9943,0.36549,-0.84428,0.22397,-34.138,59.057,12.791,-6.9977,9.8231,-2.6859,-0.80392,-0.55647,0.49353,-2.1425,37.101,23.774,12
2.9175,0.082448,-0.27679,0.96285,0.53166,-12.873,-19.167,14.996,0.36549,-0.84428,0.22397,-29.817,161.77,55.256,-7.5948,9.8454,-2.4556,-0.80392,-0.55647,0.49353,-12.735,19.119,29.879,12
1.0551,-1.2421,-0.996,0.28885,-0.29304,-19.924,-19.331,4.553,0.34694,-0.87617,0.15914,-29.775,-0.43619,-0.26593,-10.345,5.8621,-2.7902,-0.80392,-0.55647,0.49353,-21.417,12.678,48.542,12
-0.28012,-1.1457,-0.86101,0.2428,-0.020931,0.13091,-19.351,-9.3204,0.34694,-0.87617,0.15914,-55.258,-24.035,-17.269,-16.359,-5.2563,-4.6274,-0.8451,-0.52156,0.42457,-19.634,11.506,60.142,12
-1.623,-0.16507,-0.26749,0.087912,-0.24699,8.0707,-14.789,-3.6379,0.34694,-0.87617,0.15914,-32.088,8.0273,4.6019,-20.829,-18.824,-10.41,-0.8451,-0.52156,0.42457,-12.27,11.754,37.904,12
-4.894,0.25628,0.79149,0.07954,-0.1842,4.373,-12.714,-7.0503,0.34694,-0.87617,0.15914,1.3394,-0.93082,9.5063,-20.801,-18.863,-11.339,-0.8451,-0.52156,0.42457,-26.095,-42.191,146.83,12
-18.152,0.046437,1.4463,0.20931,-0.058608,1.0477,-15.971,-3.0381,0.34879,-0.89493,0.090373,27.243,-33.667,12.49,-18.711,-18.784,-8.3871,-0.8451,-0.52156,0.42457,-52.283,-75.671,239.06,12
-21.734,-6.7444,-16.986,0.66981,0.16327,4.6416,-19.227,2.0747,0.34879,-0.89493,0.090373,45.613,-57.337,19.863,-17.683,-18.73,-3.9886,-0.89608,-0.40246,0.4569,-69.811,-51.111,263.74,12
-21.829,-0.99902,-8.7952,0.59027,0.11303,5.1392,-19.189,3.9149,0.34879,-0.89493,0.090373,62.366,-28.33,27.03,-10.71,-18.694,-0.44514,-0.89608,-0.40246,0.4569,-66.933,-86.451,217.22,12
-21.882,1.6701,-3.0286,0.26374,-0.20094,4.2229,-10.508,4.6418,0.3154,-0.89681,0.16503,42.814,-26.85,22.933,-3.8146,-18.596,3.3514,-0.89608,-0.40246,0.4569,-53.126,-106.16,165.7,12
-21.81,-1.9215,-11.478,0.037677,-0.37677,4.2146,-9.5988,-3.4482,0.3154,-0.89681,0.16503,31.148,-19.027,8.6582,1.3529,-13.323,4.6776,-0.87843,-0.24435,0.62284,-32.485,-106.71,113.41,12
-21.732,-5.8327,-8.1565,-0.0041863,-0.38514,7.6908,-9.6437,-8.9261,0.3154,-0.89681,0.16503,10.49,-95.885,-18.731,6.1062,-4.3974,6.2593,-0.87843,-0.24435,0.62284,-19.676,-82.551,73.717,12
-17.202,-3.5469,-4.9403,-0.083726,-0.096285,19.699,-5.5624,6.1376,0.3154,-0.89681,0.16503,0.33487,-17.435,-41.246,9.0497,1.8439,5.3943,-0.87843,-0.24435,0.62284,-13.146,-39.909,43.096,12
-7.1664,-0.7693,-1.9534,1.3605,0.46886,-3.9014,-2.9991,11.967,0.36549,-0.87992,0.14931,13.255,147.02,-44.737,9.066,6.9283,4.8256,-0.87843,-0.24435,0.62284,-8.4634,-2.538,9.9644,12
-0.30148,1.4375,-0.61799,0.8247,0.30979,-9.2528,-0.83444,10.616,0.36549,-0.87992,0.14931,55.471,23.665,-31.938,6.754,8.7861,3.606,-0.81569,-0.21561,0.75,-2.2334,10.055,-31.192,12
3.6168,0.47397,1.6742,-0.63632,-0.45212,-3.9257,-0.41533,5.9921,0.36549,-0.87992,0.14931,89.309,-34.288,-28.716,5.9325,7.9095,1.9476,-0.81569,-0.21561,0.75,2.5594,4.595,-64.255,12
6.5515,1.7156,2.6702,-0.36421,-0.36002,-3.2329,-1.3571,2.8998,0.42486,-0.78424,0.30255,109.45,-9.1679,-26.195,4.7243,5.6331,0.31291,-0.81569,-0.21561,0.75,4.7638,9.5906,-88.809,12
