-1.1261,0.24357,0.77982,0.066981,0.07954,2.3335,-5.8626,-2.1031,0.62894,-0.71107,-0.50098,-127.45,1.2745,-17.666,3.5496,0.39218,-5.7825,-0.42353,-1.0082,0.26293,2.5317,19.782,-15.671,12
0.63554,0.04135,1.5511,0.32653,0.36839,0.57185,-6.7684,-0.60354,0.62894,-0.71107,-0.50098,-128.3,54.494,-13.419,1.7231,-0.37977,-3.9773,-0.43529,-1.0,0.25647,-12.217,17.06,-30.379,12
1.0733,-1.1389,0.82381,0.48142,0.46468,-4.6485,-6.3227,5.3561,0.62894,-0.71107,-0.50098,-121.39,60.113,-15.201,-0.034552,-1.0716,-1.1577,-0.43529,-1.0,0.25647,-23.788,8.942,-37.027,12
-0.23729,-1.7719,0.18789,0.59445,0.56515,-7.4491,-3.3774,6.8191,0.69573,-0.51782,-0.6169,-95.713,14.902,-16.561,-0.3782,-1.2165,1.3454,-0.43529,-1.0,0.25647,-22.392,4.9324,-37.32,12
-1.3782,-1.2896,0.30499,0.41444,0.3977,-4.9461,2.2847,7.6794,0.69573,-0.51782,-0.6169,-66.72,-36.764,-8.2547,-0.82883,-0.64491,1.5094,-0.43529,-1.0,0.25647,-12.999,10.73,-28.887,12
-1.247,-1.2886,0.33666,0.17164,0.18001,-2.2474,4.4094,9.2605,0.69573,-0.51782,-0.6169,-33.539,-46.454,-1.1735,-0.73338,0.10411,0.41146,-0.39412,-1.0246,0.20474,-4.3033,18.506,-23.015,12
-1.2599,-0.64239,0.35271,0.083726,0.062794,-0.70019,1.1756,6.6664,0.69573,-0.51782,-0.6169,-9.8424,-23.021,3.1688,-0.94493,-0.11464,0.53593,-0.39412,-1.0246,0.20474,0.034319,21.385,-21.152,12
-1.6318,0.27815,-1.1644,0.13396,0.15071,0.37105,-1.4155,2.0163,0.67904,-0.42026,-0.72299,7.623,-1.5441,4.6249,-1.0267,-0.53266,0.73378,-0.39412,-1.0246,0.20474,2.0439,24.857,-16.814,12
-7.3748,-0.4515,-0.60906,0.11722,0.062794,7.1483,-2.0781,-12.762,0.67904,-0.42026,-0.72299,1.2256,-37.994,7.2818,-1.5637,-0.49712,0.28764,-0.38431,-1.0349,0.19828,2.0063,21.1,-11.362,12
-19.021,-2.4763,-7.7597,0.36421,0.31397,20.013,-18.906,23.234,0.67904,-0.42026,-0.72299,-137.15,47.794,-13.175,-0.98874,-0.29942,0.057946,-0.38431,-1.0349,0.19828,-0.020415,15.912,-5.9357,12
-21.879,0.53195,-14.468,0.23025,0.12977,-8.9246,-17.229,11.737,0.68089,-0.33583,-0.74263,-69.979,106.57,10.146,-1.1298,-0.47847,1.1532,-0.38431,-1.0349,0.19828,-3.3328,7.8287,-0.86697,12
-21.821,-0.35653,-10.411,0.1214,-0.10047,15.804,-19.23,-6.1368,0.68089,-0.33583,-0.74263,-21.499,19.848,-23.434,-6.5388,-3.3958,1.424,-0.38431,-1.0349,0.19828,-2.9683,8.3803,0.21784,12
-21.907,1.8924,-13.167,-0.062794,-0.13396,4.8149,-19.227,1.0347,0.68089,-0.33583,-0.74263,-11.495,18.097,-31.986,-18.289,-7.6083,2.1717,-0.38235,-1.0431,0.16379,-1.6426,15.271,-17.153,12
-21.868,0.966,-11.397,-0.1214,-0.2763,-8.7964,-19.399,-9.2454,0.68089,-0.33583,-0.74263,-10.472,-14.758,-36.007,-21.308,-11.642,2.8242,-0.38235,-1.0431,0.16379,-8.792,18.467,-31.407,12
-21.871,0.63597,-8.7007,-0.20513,-0.38095,-2.3755,-19.388,-12.035,0.73098,-0.22326,-0.74853,-8.4278,-7.2552,-13.9,-21.34,-16.578,5.1919,-0.38235,-1.0431,0.16379,-20.733,-8.6672,1.8381,12
-21.846,-0.14621,-9.2447,1.3522,0.97959,5.8708,-19.305,-6.719,0.73098,-0.22326,-0.74853,7.5891,-17.874,-0.26164,-21.354,-18.215,6.5476,-0.3549,-1.0595,0.15302,-17.798,-20.347,16.454,12
-17.329,0.29774,-6.6995,1.5364,1.2601,9.0578,-19.22,-3.235,0.73098,-0.22326,-0.74853,29.349,2.8258,8.4757,-21.414,-17.992,7.7879,-0.3549,-1.0595,0.15302,-7.2954,-29.36,14.949,12
-11.53,-0.75003,-3.1938,-0.28048,-0.21769,1.5235,-19.223,0.47075,0.71429,-0.24015,-0.74263,69.198,4.4456,15.888,-21.457,-12.579,8.0794,-0.3549,-1.0595,0.15302,8.6409,-15.619,7.5492,12
-5.8387,-2.0052,-0.26468,-0.15489,-0.15908,-4.5114,-16.587,3.6985,0.71429,-0.24015,-0.74263,88.238,-50.424,31.063,-21.465,-8.9121,7.794,-0.3549,-1.0595,0.15302,18.299,-1.298,15.541,12
1.3992,-2.2817,1.2894,-0.062794,-0.17164,3.0537,-17.8,14.099,0.71429,-0.24015,-0.74263,121.41,-64.7,38.334,-18.686,-5.5294,5.0569,-0.37059,-1.0472,0.16595,22.342,-9.9435,26.178,12
6.6402,-1.7045,2.3413,-0.066981,-0.11303,8.0771,-1.2175,-10.855,0.61967,-0.46717,-0.7387,41.003,-95.456,29.139,-11.18,-3.362,1.8007,-0.37059,-1.0472,0.16595,24.722,-23.298,36.106,12
8.3446,-0.56367,0.065059,0.016745,0.012559,14.241,-8.2238,-5.55,0.61967,-0.46717,-0.7387,5.0082,-18.766,1.5305,-3.075,-0.35382,-0.38227,-0.37059,-1.0472,0.16595,25.8,-23.233,43.709,12
5.5189,0.82033,1.2633,0.16745,0.15908,11.679,0.65496,0.14953,0.61967,-0.46717,-0.7387,-14.463,11.704,0.74942,3.3609,1.6907,-1.9259,-0.40588,-1.0164,0.23276,24.648,-12.806,50.802,12
0.032861,-0.63294,0.70093,0.25955,0.22187,1.2442,-5.8873,7.3118,0.61967,-0.46717,-0.7387,8.3686,110.19,-8.1957,6.7362,2.9913,-2.8713,-0.40588,-1.0164,0.23276,23.329,-0.98992,51.379,12
-2.3831,-1.5523,-0.68708,0.41026,0.36421,-6.7613,1.2261,7.7541,0.64564,-0.48405,-0.70923,44.086,53.321,-1.4149,7.0769,3.011,-3.9015,-0.40588,-1.0164,0.23276,18.013,5.9626,33.514,12
-3.1163,-1.257,-0.64997,0.43119,0.3349,-0.89808,0.9812,5.0505,0.64564,-0.48405,-0.70923,74.767,-37.078,-1.2689,6.1191,2.7976,-4.2351,-0.40588,-1.0164,0.23276,8.8821,8.4962,5.5078,12
-1.6785,0.086253,-0.20276,0.52329,0.45631,-0.62532,-0.71174,3.0832,0.64564,-0.48405,-0.70923,95.337,-17.834,-1.0069,3.174,1.2844,-3.5608,-0.46667,-0.98152,0.28448,-1.0632,1.3982,-24.584,12
-0.037052,0.84251,0.56004,0.3977,0.32234,-4.6041,-3.0208,1.8758,0.63822,-0.60413,-0.62672,100.49,-20.638,1.6597,-0.25822,-0.69827,-2.8266,-0.46667,-0.98152,0.28448,-9.2685,-11.231,-43.394,12
1.2421,1.5328,0.48532,0.29723,0.33072,-5.6936,-3.1297,-2.078,0.63822,-0.60413,-0.62672,88.762,-59.42,1.5607,-2.2681,-2.3661,-1.6079,-0.46667,-0.98152,0.28448,-13.854,-20.963,-41.223,12
2.0122,1.9157,0.34083,0.22187,0.14652,0.74383,-3.4217,-4.5491,0.63822,-0.60413,-0.62672,68.557,-86.741,-4.8327,-2.4234,-3.5637,-0.36568,-0.4098,-1.0185,0.27155,-13.94,-11.588,-29.405,12
1.7469,1.5439,-0.11368,0.29723,0.16327,0.031881,-2.0105,-6.9856,0.63822,-0.60413,-0.62672,49.981,-23.803,-5.3792,-1.7435,-2.6832,-0.32166,-0.4098,-1.0185,0.27155,-10.907,4.492,-15.426,12
-0.41183,0.89428,-0.95109,0.34746,0.25118,-2.0609,-1.2617,-7.3545,0.58442,-0.70356,-0.57171,25.031,-6.8558,-4.0396,-0.36823,-0.72484,0.51584,-0.4098,-1.0185,0.27155,-7.2178,14.302,-10.757,12
-1.7735,0.79458,-0.42322,0.4898,0.38932,0.083288,0.34895,-8.6692,0.58442,-0.70356,-0.57171,-3.5221,11.962,-2.9352,0.51936,-0.21573,1.4267,-0.4098,-1.0185,0.27155,-4.8641,16.286,-9.6464,12
-1.9193,-0.4979,-3.6448,0.46468,0.33072,-2.5088,0.67902,-7.3453,0.58442,-0.70356,-0.57171,-25.201,24.839,-2.3418,-0.29763,-0.99414,1.5857,-0.40196,-1.0267,0.23922,-0.37023,16.837,-4.5079,12
-6.3695,0.79818,-1.3387,0.28885,0.20931,19.398,1.3742,-18.029,0.60668,-0.72045,-0.57957,-147.33,-256.69,-22.769,-2.4825,-1.142,0.79707,-0.40196,-1.0267,0.23922,4.4232,11.436,4.6672,12
-17.531,1.7869,-1.2708,0.041863,0.020931,-0.7834,-19.027,23.041,0.60668,-0.72045,-0.57957,-150.61,195.82,-27.662,-2.6663,-1.4398,1.0218,-0.40196,-1.0267,0.23922,6.6203,-2.2471,17.844,12
-21.735,-5.1672,-17.139,-0.025118,-0.020931,-21.703,3.042,4.1955,0.60668,-0.72045,-0.57957,-95.97,-53.169,-32.037,-2.3861,-1.8917,0.8325,-0.40588,-1.0123,0.24138,10.057,0.35365,27.273,12
-21.907,3.9443,-12.298,0.0083726,-0.058608,19.837,-19.074,6.4947,0.60668,-0.72045,-0.57957,-47.412,-7.9662,-44.138,-7.5718,-3.8931,1.6908,-0.40588,-1.0123,0.24138,12.114,8.5656,15.68,12
-21.99,5.5657,-6.8465,2.8676,2.1183,-21.619,-19.434,-4.7712,0.68275,-0.45403,-0.77407,-53.525,97.416,-8.8503,-20.459,-8.7112,3.8769,-0.40588,-1.0123,0.24138,14.629,8.6548,-9.1803,12
-21.823,-1.7649,-13.011,-0.80795,-0.65725,3.9386,0.65561,-13.647,0.68275,-0.45403,-0.77407,-61.325,-66.91,-19.605,-21.375,-13.972,5.8118,-0.40588,-1.0123,0.24138,18.548,-30.316,-18.459,12
-21.803,-2.7608,-12.385,-0.029304,-0.087912,4.0631,-3.7222,-15.781,0.68275,-0.45403,-0.77407,3.354,10.976,-3.4957,-21.39,-15.066,6.3508,-0.4098,-1.0144,0.2694,19.294,-45.426,-4.214,12
-21.853,-1.2687,-8.1142,-0.062794,-0.10884,2.5447,-14.447,-10.999,0.73284,-0.38649,-0.78389,43.467,2.8681,7.1828,-21.358,-13.167,6.3104,-0.4098,-1.0144,0.2694,14.316,-22.574,7.3713,12
-20.087,-0.71839,-8.8541,-0.020931,-0.13396,0.78178,-19.343,-9.5322,0.73284,-0.38649,-0.78389,71.01,26.446,21.692,-21.381,-14.488,6.2027,-0.4098,-1.0144,0.2694,4.3152,-35.269,-1.7271,12
-8.1008,-0.51644,-4.9412,-0.046049,-0.12977,-1.4181,-19.358,-8.1071,0.73284,-0.38649,-0.78389,108.06,31.58,32.299,-21.334,-15.321,4.911,-0.39216,-0.98357,0.33405,5.7823,-50.134,-16.712,12
0.39233,0.58536,-0.56837,0.012559,-0.10047,-4.4506,-19.329,-4.188,0.71429,-0.55159,-0.64244,132.71,21.609,40.853,-19.871,-14.382,3.8226,-0.39216,-0.98357,0.33405,8.2236,-39.403,-30.127,12
3.9968,2.1827,1.8912,0.13396,0.012559,-5.6572,-19.187,11.015,0.71429,-0.55159,-0.64244,187.8,-13.254,57.704,-14.369,-10.784,2.5649,-0.39216,-0.98357,0.33405,10.548,-22.39,-32.417,12
6.8195,1.9558,1.1339,0.28048,0.16327,-2.3339,-6.2286,-9.0014,0.71429,-0.55159,-0.64244,139.79,-85.985,57.516,-8.2205,-6.9666,1.3392,-0.39216,-0.98357,0.33405,6.1186,-16.503,-28.954,12
6.3987,1.2748,-1.8853,0.44793,0.30979,19.47,-11.562,-18.602,0.71429,-0.55159,-0.64244,81.141,-177.51,20.931,-3.2788,-3.5519,-1.188,-0.32353,-1.0,0.38793,-0.86794,-14.98,-10.698,12
2.57,1.298,-1.9779,0.6112,0.52747,19.367,2.6337,-17.82,0.55102,-0.77861,-0.49705,0.39061,193.21,11.047,2.8473,-0.55059,-3.0588,-0.32353,-1.0,0.38793,-5.8517,-10.668,16.235,12
0.54782,1.3967,0.27307,0.6405,0.48561,-2.6122,-0.87277,-10.049,0.55102,-0.77861,-0.49705,-48.285,148.74,-9.0354,6.2929,1.4309,-2.9076,-0.32353,-1.0,0.38793,-6.7891,3.3202,34.849,12
-1.5047,0.99058,1.4576,0.41863,0.23025,-0.3881,1.0367,-9.202,0.55102,-0.77861,-0.49705,-89.318,28.416,-19.133,7.1399,1.8804,-2.9581,-0.33725,-1.0205,0.38793,-6.411,23.177,24.55,12
-3.3948,0.54731,0.45978,0.29723,0.18838,0.69403,-3.4305,-4.4354,0.63636,-0.70919,-0.43811,-105.69,-6.833,-21.05,6.2298,1.8107,-2.9303,-0.33725,-1.0205,0.38793,-0.5302,36.746,-10.125,12
-2.893,-0.8021,0.54886,0.30141,0.18001,1.1089,-4.8229,-2.0946,0.63636,-0.70919,-0.43811,-118.65,-19.547,-16.191,4.3723,1.4345,-2.5533,-0.33725,-1.0205,0.38793,2.1629,36.754,-42.924,12
-0.30741,-1.2963,1.0412,0.28048,0.15908,0.2679,-5.0257,2.3764,0.63636,-0.70919,-0.43811,-123.57,-7.2047,-14.628,2.5811,0.9066,-2.3401,-0.33725,-1.0205,0.38793,0.34603,34.603,-60.267,12
0.096644,-1.8019,0.49046,0.40607,0.2428,-4.1134,-3.5988,5.4664,0.63636,-0.70919,-0.43811,-104.65,12.973,-13.621,0.83014,0.23251,-1.7488,-0.32941,-1.0144,0.35129,-5.7816,32.253,-65.42,12
0.60816,-1.6202,0.0015507,0.43537,0.18838,-3.4649,0.51609,6.0641,0.6679,-0.53283,-0.63458,-78.089,-19.77,-8.3415,-1.3096,-0.38884,-0.88403,-0.32941,-1.0144,0.35129,-11.372,29.792,-62.98,12
-0.14875,-0.64316,-0.47894,0.33909,0.15071,-1.8323,2.1065,8.6703,0.6679,-0.53283,-0.63458,-51.314,-27.56,-4.3258,-2.7849,-0.25085,-0.085459,-0.32941,-1.0144,0.35129,-13.764,23.918,-53.944,12
-0.59908,0.66113,-0.045761,0.12559,-0.012559,-2.4299,0.95059,6.9399,0.6679,-0.53283,-0.63458,-24.219,-13.519,1.0525,-3.2087,-0.060238,0.97615,-0.28824,-1.0493,0.29741,-14.349,19.335,-40.914,12
-0.47658,1.1019,-0.56399,0.092098,-0.050235,-4.5258,-0.89368,4.6913,0.66419,-0.43715,-0.72888,-8.9638,-18.259,3.9694,-2.8522,0.00072953,1.073,-0.28824,-1.0493,0.29741,-13.074,21.104,-26.104,12
-1.0968,1.305,-2.3036,-0.0083726,-0.13396,1.9102,0.16906,-9.8266,0.66419,-0.43715,-0.72888,-6.9342,-48.555,2.5001,-2.9394,-0.40552,1.4485,-0.28824,-1.0493,0.29741,-9.6406,23.374,-13.423,12
-6.2566,1.2129,-0.26979,0.55678,0.29304,19.429,-1.8649,-18.17,0.66419,-0.43715,-0.72888,-86.667,-181.7,-17.229,-4.0136,-0.341,1.8996,-0.28824,-1.0493,0.29741,-4.8688,15.818,-2.0606,12
-20.027,-0.66483,-4.0493,2.7253,2.0471,1.8564,-19.041,18.639,0.66419,-0.43715,-0.72888,-56.777,249.01,-14.774,-3.231,0.21959,1.9589,-0.27255,-1.0739,0.26724,-3.0728,-2.0717,7.5405,12
-21.852,-2.3422,-16.927,-0.68655,-0.54003,-19.504,-17.499,6.5446,0.66419,-0.43715,-0.72888,-56.866,73.596,-23.841,-2.9831,0.08077,2.077,-0.27255,-1.0739,0.26724,-5.0417,-19.434,11.646,12
-21.867,1.4531,-10.617,-0.10884,-0.28885,1.0222,-18.164,2.4249,0.66419,-0.43715,-0.72888,-18.51,-63.301,-38.824,-5.6353,-2.4168,3.3167,-0.27255,-1.0739,0.26724,-10.338,-10.471,-4.7952,12
-21.857,-0.10037,-10.809,-0.03349,-0.19676,-2.1897,-19.386,-11.825,0.66419,-0.43715,-0.72888,-9.2338,-14.587,-35.167,-14.822,-7.9164,6.3646,-0.28039,-1.076,0.25,-13.852,15.2,-36.53,12
-21.827,-1.5648,-14.846,-0.020931,-0.23862,4.8684,-19.328,-9.0219,0.70501,-0.21576,-0.79175,-19.706,-17.601,-17.034,-21.405,-17.835,8.452,-0.28039,-1.076,0.25,-8.7462,23.044,-45.532,12
-21.784,-4.2447,-10.445,-0.13815,-0.3056,7.8213,-15.255,-8.6324,0.70501,-0.21576,-0.79175,7.0366,0.11312,-5.9139,-21.459,-18.651,9.8591,-0.28039,-1.076,0.25,2.1164,-21.756,-13.82,12
-21.737,-2.0418,-8.468,0.13815,-0.050235,2.6505,-19.331,-8.3671,0.70501,-0.21576,-0.79175,27.412,-7.9805,0.83027,-21.396,-18.686,7.4199,-0.28039,-1.076,0.25,28.929,-33.447,23.657,12
-13.761,-0.81783,-6.7262,-0.050235,-0.2428,2.3939,-19.302,-6.4412,0.6679,-0.21201,-0.81532,44.558,-9.6199,12.914,-21.341,-18.648,6.2447,-0.22941,-1.0801,0.25,20.319,3.1799,66.079,12
-6.2054,0.16877,-3.8901,0.0083726,-0.1842,-3.9548,-19.251,1.5916,0.6679,-0.21201,-0.81532,68.602,-15.548,23.747,-21.408,-11.672,6.8331,-0.22941,-1.0801,0.25,15.276,1.6023,84.766,12
-0.14968,-0.091696,0.93912,0.18838,0.016745,-3.65,-17.791,8.0219,0.6679,-0.21201,-0.81532,85.994,-75.355,33.666,-18.353,-6.9491,6.09,-0.22941,-1.0801,0.25,5.795,-30.915,90.317,12
5.7058,-1.4522,2.4377,0.36002,0.11303,2.1491,-13.518,11.596,0.6679,-0.21201,-0.81532,91.49,-56.878,36.979,-7.7955,-4.656,4.4026,-0.33922,-1.0472,0.30603,4.2165,-63.092,83.387,12
8.5306,-0.77459,1.1408,0.35165,0.092098,12.076,-3.3277,-9.9935,0.60297,-0.42214,-0.80354,29.536,-84.516,14.252,2.5525,-1.8248,0.52334,-0.33922,-1.0472,0.30603,10.318,-45.352,66.725,12
5.3305,0.64552,1.3844,0.20094,0.0083726,12.074,-3.2882,-3.0749,0.60297,-0.42214,-0.80354,-23.973,17.671,-1.1403,5.7765,1.2869,-1.3107,-0.33922,-1.0472,0.30603,14.63,-9.1765,58.868,12
-0.63275,0.82952,1.2641,0.14233,0.020931,10.475,-3.0723,5.6386,0.60297,-0.42214,-0.80354,-27.356,79.907,-2.7051,6.7281,2.8279,-2.2128,-0.33922,-1.0472,0.30603,14.229,4.5867,55.473,12
-2.696,-1.0586,0.1363,0.1842,0.025118,-8.2197,-1.771,12.996,0.58813,-0.44841,-0.78978,31.515,154.55,2.4418,6.8629,3.2017,-2.8295,-0.33922,-1.0472,0.30603,13.014,8.7553,35.552,12
-3.1278,-1.1859,-0.69621,0.2763,0.13396,-7.1032,1.2114,9.2604,0.58813,-0.44841,-0.78978,77.524,-15.454,9.138,6.1896,2.721,-2.8952,-0.33922,-1.0472,0.30603,12.503,11.524,3.3839,12
-2.6017,0.28707,0.0047834,0.34746,0.15908,2.4471,-1.9206,2.9909,0.58813,-0.44841,-0.78978,107.76,-45.298,6.09,3.8695,2.1596,-2.0379,-0.33922,-1.0472,0.30603,8.7588,14.121,-31.013,12
-1.1523,0.54438,-0.035216,0.27211,0.054422,-0.97854,-3.6278,1.5797,0.58813,-0.44841,-0.78978,110.62,-13.583,7.0143,0.82117,0.87669,-1.3312,-0.41373,-0.99589,0.38362,1.5809,14.465,-58.236,12
0.72579,1.0845,0.36076,0.075353,-0.096285,-1.4913,-5.1002,0.87591,0.60853,-0.61351,-0.65029,107.96,-13.557,5.3356,-2.1764,0.23137,-0.86343,-0.41373,-0.99589,0.38362,-5.7329,1.2139,-65.831,12
2.8074,1.0445,0.37821,-0.037677,-0.16745,0.24632,-3.3401,-7.2791,0.60853,-0.61351,-0.65029,80.662,-23.559,0.78685,-3.6891,-0.78435,-0.43505,-0.41373,-0.99589,0.38362,-13.284,-17.836,-54.6,12
2.4048,0.96993,0.36098,-0.029304,-0.15908,4.2372,0.069197,-10.902,0.60853,-0.61351,-0.65029,44.316,1.9422,-3.0702,-3.999,-1.4156,0.43964,-0.32941,-1.0287,0.34698,-18.324,-19.156,-28.334,12
0.9656,0.70999,-0.3361,-0.15489,-0.3056,-0.84783,0.48701,-6.7445,0.60111,-0.70169,-0.55796,18.287,33.762,-1.8578,-3.7232,-1.6534,1.6569,-0.32941,-1.0287,0.34698,-17.094,-3.796,2.5842,12
-0.39212,-0.091169,-0.3661,2.9262,1.9885,-4.2085,0.2334,-7.3533,0.60111,-0.70169,-0.55796,-0.89673,21.11,-0.19316,-3.4547,-2.1479,2.2051,-0.32941,-1.0287,0.34698,-11.287,2.3486,23.938,12
-1.0519,-0.43708,-4.8183,-1.1805,-0.97541,-0.56846,-0.97894,-6.8046,0.60111,-0.70169,-0.55796,-18.335,-9.7249,-2.5664,-1.2063,-1.3534,1.6615,-0.32941,-1.0287,0.34698,-3.1049,-5.2811,31.399,12
-3.3094,0.31932,-1.9081,-0.26792,-0.36839,19.402,-0.14123,-18.084,0.59555,-0.72233,-0.59136,-105.86,-259.49,-21.262,0.32072,-1.3125,0.74687,-0.36471,-1.0308,0.32759,4.9501,-7.6867,34.833,12
-14.681,2.7371,-0.51156,-0.27211,-0.35165,6.9622,-19.006,23.13,0.59555,-0.72233,-0.59136,-188.4,252.71,-37.72,0.57665,-1.5836,0.63957,-0.36471,-1.0308,0.32759,11.105,-2.6441,37.072,12
-21.685,-8.658,-13.463,-0.1842,-0.26792,-21.474,-11.94,10.001,0.59555,-0.72233,-0.59136,-105.45,66.559,-16.883,-0.72418,-1.2943,0.5707,-0.36471,-1.0308,0.32759,16.88,0.41674,40.406,12
-21.926,3.349,-16.425,-0.14233,-0.34746,19.516,-11.957,-18.496,0.59555,-0.72233,-0.59136,-68.664,-75.644,-57.755,-4.7787,-2.6948,1.5215,-0.38235,-0.98973,0.3556,18.464,15.13,25.128,12
-21.94,3.5423,-10.513,-0.11303,-0.3349,-11.542,-19.39,-9.3454,0.72913,-0.48968,-0.72495,-40.961,53.988,-24.54,-15.101,-5.2788,5.1215,-0.38235,-0.98973,0.3556,19.513,30.314,1.8922,12
-21.87,1.059,-10.599,0.062794,-0.14652,0.85651,-16.381,-12.363,0.72913,-0.48968,-0.72495,-40.937,-36.838,-19.303,-21.402,-10.468,6.2162,-0.38235,-0.98973,0.3556,23.907,20.845,3.1578,12
-21.863,0.74686,-11.701,0.24699,0.037677,10.703,-10.132,-9.2225,0.72913,-0.48968,-0.72495,-6.6829,-5.0708,-5.8762,-21.453,-15.145,8.4823,-0.38235,-0.98973,0.3556,24.715,-23.972,23.117,12
-21.826,-1.1039,-10.426,0.17164,-0.14233,1.2213,-13.604,-11.887,0.76067,-0.4015,-0.75442,29.15,13.837,9.091,-21.415,-18.015,8.5055,-0.40784,-0.98152,0.39655,19.036,-35.34,42.25,12
-19.733,-1.2513,-8.7442,0.32234,0.062794,1.008,-16.632,-9.7069,0.76067,-0.4015,-0.75442,60.381,12.791,14.97,-21.419,-17.874,7.5959,-0.40784,-0.98152,0.39655,6.9569,-22.446,49.1,12
-12.005,-2.2854,-6.7004,0.17582,-0.07954,1.5052,-19.353,-6.588,0.76067,-0.4015,-0.75442,96.232,2.1569,23.306,-21.383,-13.786,6.3732,-0.40784,-0.98152,0.39655,1.5472,-6.8588,41.616,12
-4.6606,-1.3123,-4.7392,0.012559,-0.13815,-1.376,-19.327,-6.928,0.76067,-0.4015,-0.75442,136.02,7.0801,32.707,-19.917,-10.23,4.9677,-0.4451,-0.94867,0.4569,-7.1784,0.29415,22.236,12
-0.37005,0.32072,-0.1185,-0.025118,-0.19257,-4.9099,-19.258,0.97761,0.72542,-0.56473,-0.62475,154.75,-8.52,52.113,-15.724,-7.1912,3.88,-0.4451,-0.94867,0.4569,-13.248,-14.235,-3.0107,12
3.2918,2.5825,2.6219,-0.0083726,-0.20094,-7.2804,-19.261,0.66208,0.72542,-0.56473,-0.62475,195.76,-12.416,56.959,-9.7481,-5.6285,2.1457,-0.4451,-0.94867,0.4569,-18.875,-20.309,-17.142,12
5.2124,2.5111,0.56284,0.15908,-0.050235,1.0839,-10.09,-14.962,0.72542,-0.56473,-0.62475,118.87,-201.01,50.859,-4.1228,-4.3247,0.53377,-0.4451,-0.94867,0.4569,-15.708,-8.8861,-15.027,12
6.314,2.4807,-2.3662,0.28467,0.037677,19.446,-2.6474,-18.209,0.53618,-0.81051,-0.46758,62.163,-105.76,-14.327,0.84841,-2.036,-0.6018,-0.43922,-0.96304,0.41595,-8.4025,3.5591,2.6844,12
2.4585,1.3166,-0.92361,0.19257,-0.096285,-8.6891,4.9883,-18.004,0.53618,-0.81051,-0.46758,6.6657,327.27,12.467,4.0673,0.04075,-0.92505,-0.43922,-0.96304,0.41595,0.5011,14.203,23.334,12
-0.25729,0.74339,0.15112,0.012559,-0.18001,1.912,4.2094,-11.729,0.53618,-0.81051,-0.46758,-62.881,-60.472,-15.887,5.8788,2.1931,-1.6924,-0.43922,-0.96304,0.41595,4.5402,23.142,31.989,12
-2.8137,-0.22311,-0.70429,-0.21769,-0.36839,2.8758,0.12485,-11.278,0.53618,-0.81051,-0.46758,-99.033,-17.725,-20.209,5.9614,2.7603,-1.9661,-0.47843,-0.93634,0.39871,8.7387,30.059,20.091,12
-2.3319,-0.5773,-0.15722,-0.19676,-0.3056,-1.1482,-5.2557,-4.7743,0.58998,-0.77861,-0.43615,-122.53,-41.16,-19.216,5.3959,3.2605,-1.9516,-0.47843,-0.93634,0.39871,6.7562,29.296,-3.7679,12
-0.99938,-0.031119,1.1025,-0.42282,-0.50235,1.854,-8.0015,-0.15237,0.58998,-0.77861,-0.43615,-140.44,-64.467,-17.759,4.1741,1.6531,-2.6882,-0.47843,-0.93634,0.39871,-0.57033,32.734,-30.303,12
0.17968,-0.90333,1.624,2.0848,1.4443,1.7273,-6.3648,4.1157,0.58998,-0.77861,-0.43615,-132.51,-3.8125,-11.453,0.55556,0.25065,-1.9354,-0.47843,-0.93634,0.39871,-8.5431,25.405,-45.19,12
0.061906,-1.5801,1.5104,-1.3438,-1.2057,-1.7618,-2.0639,7.4729,0.60482,-0.57223,-0.69941,-107.7,22.178,-8.0245,-2.5006,-0.65762,-0.76205,-0.45686,-0.96099,0.35776,-16.264,7.3624,-42.276,12
-0.28667,-1.3232,-0.28751,-0.40607,-0.46886,-2.9741,0.87713,6.5245,0.60482,-0.57223,-0.69941,-80.635,37.504,-7.7089,-2.7067,-0.29015,-0.014507,-0.45686,-0.96099,0.35776,-21.808,-8.4299,-29.955,12
-1.379,-0.7486,0.75368,-0.41444,-0.52747,-5.7823,0.026477,10.569,0.60482,-0.57223,-0.69941,-51.809,31.894,0.14004,-2.5263,0.84928,-0.072119,-0.45686,-0.96099,0.35776,-25.518,-2.3988,-11.317,12
-1.1751,0.16739,0.2677,-0.27211,-0.41863,-2.6459,2.0587,6.8577,0.6308,-0.4409,-0.78193,-21.116,-4.5595,-0.10929,-2.376,1.3409,0.087877,-0.43922,-0.98563,0.30388,-25.797,5.5371,1.5947,12
-1.471,-0.18857,-0.79592,-0.25118,-0.40607,-4.8019,-0.035112,2.4294,0.6308,-0.4409,-0.78193,-7.6184,11.269,7.2547,-2.025,0.59967,0.96748,-0.43922,-0.98563,0.30388,-22.337,10.468,8.1128,12
-8.3406,-0.64858,-0.047846,-0.24699,-0.40607,7.0229,2.0466,-18.109,0.6308,-0.4409,-0.78193,-32.417,-102.61,3.5504,-2.6461,-0.041166,1.8834,-0.43922,-0.98563,0.30388,-13.006,10.032,10.109,12
-21.675,-8.1485,-6.8281,-0.15489,-0.36839,20.013,-18.916,23.233,0.6308,-0.4409,-0.78193,-147.96,64.048,-31.736,-2.2275,-0.73172,1.828,-0.43922,-0.98563,0.30388,-4.6313,3.6558,16.116,12
-21.86,1.0818,-15.903,-0.0041863,-0.33072,-10.806,-15.954,9.5734,0.58442,-0.32833,-0.85462,-40.991,142.98,18.582,-3.109,-1.1731,1.6913,-0.45098,-0.98357,0.2694,-0.49849,4.0107,19.445,12
-21.833,-0.76737,-9.7427,-0.012559,-0.39351,13.613,-17.006,-0.63085,0.58442,-0.32833,-0.85462,-32.186,-13.073,-28.23,-8.2529,-3.3645,3.5505,-0.45098,-0.98357,0.2694,-2.8008,7.1698,6.3705,12
-21.766,-1.6044,-11.829,0.10047,-0.32234,1.4045,-19.312,-6.4099,0.58442,-0.32833,-0.85462,-1.5706,16.713,-31.882,-21.483,-9.441,7.903,-0.45098,-0.98357,0.2694,-4.0206,10.864,-24.738,12
-21.741,-5.3721,-11.799,-0.020931,-0.43956,-14.048,-19.529,-19.242,0.7013,-0.25516,-0.79568,10.872,18.423,-19.449,-21.503,-16.019,10.105,-0.45294,-0.99179,0.23922,4.1528,-15.598,-31.169,12
-21.776,-3.1265,-9.1235,-0.07954,-0.46886,2.7345,-19.319,-9.1365,0.7013,-0.25516,-0.79568,-1.2994,-34.849,-4.8203,-21.449,-16.931,8.9347,-0.45294,-0.99179,0.23922,6.6187,-20.357,3.585,12
-21.364,-1.4761,-7.0907,-0.087912,-0.43956,9.9363,-19.27,-5.2287,0.7013,-0.25516,-0.79568,32.134,-18.67,5.8932,-21.472,-12.857,9.3363,-0.45294,-0.99179,0.23922,-0.34367,-16.414,27.955,12
-11.552,-0.19907,-4.7758,-0.15908,-0.41863,4.3546,-19.29,-4.2334,0.7013,-0.25516,-0.79568,58.839,-8.6618,18.246,-21.517,-11.323,9.6838,-0.45294,-0.99179,0.23922,-4.6363,-14.8,21.716,12
-4.8621,-0.32957,-2.2086,-0.13815,-0.38932,-2.6099,-19.213,1.4299,0.68089,-0.28705,-0.79961,98.315,-30.157,32.102,-21.525,-7.746,8.4044,-0.45098,-0.99179,0.27371,-2.9251,-41.159,19.126,12
0.98898,-1.469,1.4257,0.13396,-0.071167,-0.1844,-15.365,8.032,0.68089,-0.28705,-0.79961,95.899,-69.583,34.42,-14.585,-4.9052,6.4839,-0.45098,-0.99179,0.27371,2.2111,-30.238,27.422,12
5.2506,-1.4212,0.90367,0.15071,-0.10466,4.0235,-9.7027,7.9509,0.68089,-0.28705,-0.79961,94.098,-53.418,34.294,-6.8694,-1.5185,5.1532,-0.45098,-0.99179,0.27371,11.428,-6.2623,38.558,12
6.1124,-0.57041,0.52761,-0.041863,-0.25118,6.896,-1.4049,-10.783,0.56401,-0.50094,-0.778,27.143,-67.794,9.8032,-2.4035,0.57258,2.2578,-0.4549,-0.97947,0.31897,18.292,-2.0799,46.235,12
4.5736,0.1075,0.89389,-0.14652,-0.28885,9.9112,-1.5183,-5.2997,0.56401,-0.50094,-0.778,-22.311,-20.694,-2.3771,1.5263,2.0876,-0.23937,-0.4549,-0.97947,0.31897,22.314,5.1647,48.77,12
0.4269,0.37241,0.55983,-0.17582,-0.25955,12.415,-4.6724,1.078,0.56401,-0.50094,-0.778,-24.607,48.136,-10.09,3.0518,2.8366,-1.3373,-0.4549,-0.97947,0.31897,20.861,3.506,44.786,12
-1.3766,-0.36182,0.46217,-0.29304,-0.31397,-5.2647,-2.8463,8.4405,0.56401,-0.50094,-0.778,10.263,134.58,-5.1585,4.1513,2.1723,-2.7664,-0.4549,-0.97947,0.31897,14.74,1.8281,34.212,12
-2.2957,-0.36501,-0.13811,2.5662,1.7541,-7.9522,0.50896,7.3313,0.56401,-0.50094,-0.778,41.143,6.1941,0.4139,4.7876,2.2201,-2.9932,-0.52549,-0.92197,0.37284,5.7861,4.1053,17.042,12
-2.0168,-0.17163,-0.0049207,-1.0759,-0.87912,0.1256,-0.63596,2.7403,0.56401,-0.50094,-0.778,64.762,-31.106,1.3246,3.8666,1.6025,-2.7532,-0.52549,-0.92197,0.37284,-5.7012,4.3895,-2.324,12
-0.39779,1.2025,-0.44967,-0.32234,-0.35583,-1.5301,-1.2683,2.8692,0.56401,-0.50094,-0.778,74.396,6.9625,5.0803,1.7714,0.55767,-2.2325,-0.52549,-0.92197,0.37284,-15.941,3.7938,-17.685,12
1.1244,1.3563,0.84838,-0.29723,-0.30979,-2.4177,-2.6584,1.4887,0.5974,-0.5985,-0.66798,76.708,2.9026,6.229,-0.44319,-0.21156,-1.1564,-0.51569,-0.91992,0.35129,-21.579,-3.4567,-22.419,12
1.0171,0.65973,-0.30905,-0.23862,-0.25118,1.2509,-2.6549,-4.0994,0.5974,-0.5985,-0.66798,63.818,6.1508,2.7025,-1.7117,-0.69378,-0.37844,-0.51569,-0.91992,0.35129,-21.834,-11.047,-19.46,12
0.30719,0.80212,-0.10676,-0.29723,-0.36421,1.2151,-2.111,-7.1351,0.5974,-0.5985,-0.66798,44.185,26.714,1.3023,-2.7108,-1.126,0.40203,-0.51569,-0.91992,0.35129,-18.961,-10.956,-7.4899,12
-0.29394,0.050573,-0.30071,-0.1842,-0.18838,0.34943,0.22009,-7.6938,0.62338,-0.71295,-0.55796,16.306,38.369,-2.0085,-2.8694,-1.4122,0.78356,-0.51569,-0.91992,0.35129,-14.116,-11.222,7.0501,12
-0.43213,-0.61572,-0.47647,-0.10466,-0.11303,-1.4847,1.9223,-7.7729,0.62338,-0.71295,-0.55796,-9.0537,53.302,0.94676,-1.6515,-1.2819,0.81091,-0.49608,-0.95072,0.3125,-7.6083,-6.7898,21.215,12
-4.9366,-1.1514,1.1174,-0.066981,-0.11722,1.3061,1.1842,-18.209,0.62338,-0.71295,-0.55796,-22.852,47.018,3.5944,-1.4724,-0.87961,1.0394,-0.49608,-0.95072,0.3125,-2.3431,-0.91884,32.814,12
-13.694,0.88279,-2.9837,-0.092098,-0.13396,19.55,-13.494,-18.708,0.62338,-0.71295,-0.55796,-303.45,-37.149,-41.323,-1.507,-0.58904,1.0955,-0.49608,-0.95072,0.3125,0.36496,0.58941,41.157,12
-21.795,-6.1966,-10.221,-0.029304,-0.075353,-6.0013,-19.318,-2.0988,0.62152,-0.6379,-0.67387,-79.874,280.43,-8.999,-2.2837,-0.97882,1.1177,-0.54118,-0.92197,0.2931,3.013,-3.9083,47.753,12
-21.844,-1.2224,-9.71,-0.1214,-0.25118,-9.1342,-11.137,8.0914,0.62152,-0.6379,-0.67387,-77.28,-141.98,-41.335,-3.8938,-1.4605,0.94781,-0.54118,-0.92197,0.2931,5.15,-5.6455,39.51,12
-21.944,4.2932,-8.8452,-0.12977,-0.25536,5.6575,-19.181,3.7121,0.62152,-0.6379,-0.67387,-15.378,40.521,-22.897,-11.346,-3.2637,3.6285,-0.54118,-0.92197,0.2931,4.9162,6.8802,3.2786,12
-21.872,0.67865,-10.949,-0.25118,-0.35165,-17.185,-19.441,-10.394,0.72727,-0.48405,-0.69745,-22.82,43.898,-9.5064,-21.433,-9.5705,6.9486,-0.54118,-0.92197,0.2931,5.42,3.404,-35.305,12
-21.68,-5.3738,-12.578,-0.12559,-0.22187,1.3041,-5.9651,-14.327,0.72727,-0.48405,-0.69745,-30.748,-37.858,-9.9733,-21.442,-14.109,9.0966,-0.57059,-0.91581,0.32328,10.327,-26.579,-34.185,12
-21.762,-5.3402,-8.9543,-0.07954,-0.16745,8.2369,-5.1898,-10.073,0.72727,-0.48405,-0.69745,21.597,20.334,2.1064,-21.42,-14.953,7.6586,-0.57059,-0.91581,0.32328,7.6398,-25.964,6.5496,12
-21.773,-3.2693,-6.9679,-0.029304,-0.12977,1.2233,-19.251,-11.211,0.72727,-0.48405,-0.69745,81.564,22.854,12.859,-21.433,-9.9925,6.7504,-0.57059,-0.91581,0.32328,-8.6884,10.875,8.0207,12
-13.688,-0.96091,-5.476,-0.1842,-0.2763,0.64168,-19.36,-9.2741,0.74583,-0.49156,-0.68369,114.58,-9.5861,31.571,-21.488,-9.622,8.8001,-0.55098,-0.91376,0.32759,-21.431,29.25,-18.411,12
-2.6786,-1.4247,-0.61243,-0.3056,-0.31816,0.55782,-19.311,-5.3662,0.74583,-0.49156,-0.68369,149.58,3.0913,50.08,-21.442,-8.956,7.3959,-0.55098,-0.91376,0.32759,-26.894,-14.321,-43.355,12
6.1269,-0.28287,3.1009,-0.41863,-0.46886,0.78126,-19.147,13.061,0.74583,-0.49156,-0.68369,231.69,39.151,80.689,-21.115,-7.9851,5.4862,-0.55098,-0.91376,0.32759,-24.702,-28.562,-49.667,12
9.7887,3.998,0.89666,-0.29304,-0.22187,0.69746,-4.1805,-16.067,0.64007,-0.75422,-0.46169,139.62,-144.52,51.178,-9.3176,-5.5091,3.0891,-0.55098,-0.91376,0.32759,-19.915,-16.646,-51.134,12
9.0538,2.8676,-1.9524,-0.21769,-0.11303,19.502,-8.4323,-18.477,0.64007,-0.75422,-0.46169,56.908,-177.82,-13.646,-0.95755,-2.9576,0.23754,-0.48627,-0.95483,0.28233,-12.997,10.894,-30.694,12
0.21441,1.4007,-0.46341,2.9095,2.1643,7.2482,0.89757,-18.164,0.64007,-0.75422,-0.46169,11.402,332.36,-7.0149,3.5999,0.71765,-1.235,-0.48627,-0.95483,0.28233,-4.0448,26.4,4.3482,12
-3.5562,1.5493,-0.91319,-1.3354,-0.92936,-16.503,4.0648,-3.4201,0.60853,-0.80675,-0.34971,-42.914,-24.342,-7.5563,6.154,3.7595,-1.0516,-0.48627,-0.95483,0.28233,-3.3549,23.579,31.466,12
-5.5047,0.48777,-1.7561,-0.44793,-0.32234,4.1363,1.1017,-5.6744,0.60853,-0.80675,-0.34971,-69.264,-82.427,-19.724,6.2892,3.2993,-1.0746,-0.49412,-0.97741,0.24784,-2.1172,21.669,23.207,12
-2.5888,-0.35785,-0.13747,-0.44793,-0.33909,2.5109,-1.09,-3.0606,0.60853,-0.80675,-0.34971,-79.175,-17.74,-14.256,4.2844,3.859,-1.0987,-0.49412,-0.97741,0.24784,2.1387,16.381,-11.312,12
0.9194,0.99956,0.96364,-0.35583,-0.17164,1.7373,-1.1878,-1.9483,0.60853,-0.80675,-0.34971,-85.69,11.683,-13.699,1.6213,1.7371,-2.2881,-0.49412,-0.97741,0.24784,1.5991,16.283,-39.842,12
2.8614,0.36404,0.80118,-0.32653,-0.28885,0.216,-2.3382,-1.146,0.60668,-0.69418,-0.54617,-93.421,43.687,-14.73,-1.226,-0.047836,-2.7836,-0.49412,-0.97741,0.24784,-1.9376,3.7235,-47.007,12
1.1314,-0.50864,0.48054,-0.27211,-0.23443,-0.51423,-3.8232,-0.14422,0.60668,-0.69418,-0.54617,-89.004,44.56,-17.569,-1.2312,-1.2853,-2.533,-0.48039,-0.96509,0.25216,-10.015,3.9182,-35.619,12
-0.18046,-1.0779,0.53457,-0.20513,-0.25536,-1.203,-3.368,0.81957,0.60668,-0.69418,-0.54617,-87.687,32.07,-19.346,-1.675,-1.4435,-1.3534,-0.48039,-0.96509,0.25216,-17.462,13.223,-19.976,12
0.044255,-1.7077,0.10946,-0.12977,-0.1214,-2.3828,-2.6843,0.87321,0.6846,-0.5272,-0.61886,-82.29,32.016,-18.732,-2.2269,-1.3299,0.0064199,-0.48039,-0.96509,0.25216,-19.782,14.625,-9.2061,12
0.39707,-1.6715,-0.12938,-0.071167,-0.062794,-1.963,-1.4734,0.18795,0.6846,-0.5272,-0.61886,-79.234,-0.1251,-18.327,-1.0374,-1.0939,0.61197,-0.44314,-1.0062,0.20474,-17.495,9.9492,-2.6155,12
0.67505,-0.41901,0.15176,0.025118,-0.016745,-4.2381,-0.63285,1.0718,0.6846,-0.5272,-0.61886,-69.269,-8.2981,-13.539,0.83438,-0.65262,0.7382,-0.44314,-1.0062,0.20474,-13.914,9.0067,-2.5344,12
-0.28545,0.13108,-1.2724,0.07954,0.029304,-3.8529,0.84432,1.2641,0.6846,-0.5272,-0.61886,-56.24,-37.603,-8.6002,1.0852,-0.42365,0.63507,-0.44314,-1.0062,0.20474,-10.434,15.843,-5.0603,12
-6.0508,-0.49261,-2.2443,-0.11722,-0.075353,2.3673,4.4137,-18.037,0.70872,-0.37899,-0.73084,-67.271,-110.15,-7.9427,0.32849,-0.52109,0.89061,-0.44314,-1.0062,0.20474,-5.9411,16.3,-9.3071,12
-17.515,-1.5407,-7.886,-0.18838,-0.096285,13.373,-19.077,9.0861,0.70872,-0.37899,-0.73084,-79.857,55.477,-21.613,-0.72084,-0.82364,0.6359,-0.45882,-1.0082,0.13147,-2.7499,12.266,-10.286,12
-21.854,-0.71658,-12.822,-0.22187,-0.25118,-4.0289,-19.212,7.4887,0.70872,-0.37899,-0.73084,-38.744,138.74,3.8608,-2.9452,-1.1478,1.2239,-0.45882,-1.0082,0.13147,-1.5423,7.3471,-10.935,12
-21.901,2.6201,-14.217,-0.058608,-0.20513,7.6789,-19.2,1.7522,0.71429,-0.24765,-0.75049,-33.798,10.613,-16.602,-6.7792,-1.6747,2.5308,-0.45882,-1.0082,0.13147,-2.2456,8.8284,-26.848,12
-21.934,3.7515,-13.241,0.092098,-0.029304,1.3921,-19.273,-3.5331,0.71429,-0.24765,-0.75049,-22.583,15.822,-29.432,-18.723,-5.6436,6.6449,-0.43922,-1.0185,0.12069,0.68385,14.525,-53.2,12
-21.855,0.32856,-14.307,-0.025118,-0.12977,-10.517,-19.417,-11.951,0.71429,-0.24765,-0.75049,-24.776,-16.449,-34.549,-21.489,-11.851,8.9075,-0.43922,-1.0185,0.12069,9.1108,-4.5437,-45.982,12
-21.85,-0.94687,-12.012,-0.38514,-0.35583,-0.63221,-4.6634,-15.844,0.71429,-0.24765,-0.75049,-23.574,-24.535,-14.435,-21.427,-18.34,8.9997,-0.43922,-1.0185,0.12069,14.161,-20.183,-25.869,12
-21.817,-1.0639,-10.38,-0.37677,-0.33072,6.8749,-9.3839,-10.671,0.7013,-0.1257,-0.80157,2.7718,-3.6974,3.8776,-21.449,-18.13,9.0206,-0.43922,-1.0185,0.12069,21.486,-5.7892,5.1808,12
-21.001,0.041676,-9.0068,-0.65725,-0.55259,7.916,-18.211,-7.2272,0.7013,-0.1257,-0.80157,34.803,11.762,13.183,-21.465,-13.759,9.0829,-0.39412,-1.039,0.15302,16.891,1.4703,18.735,12
-12.86,1.0608,-5.8098,-0.075353,-0.050235,3.7469,-19.296,-5.8336,0.7013,-0.1257,-0.80157,52.227,11.037,16.017,-21.548,-9.9942,9.5836,-0.39412,-1.039,0.15302,12.516,-5.0929,29.543,12
-4.2347,0.11738,-1.8315,2.7713,2.2062,-5.0663,-19.291,-0.41106,0.71058,-0.20075,-0.77407,71.93,-12.646,27.115,-21.487,-6.3332,6.6833,-0.39412,-1.039,0.15302,4.4541,-39.334,45.609,12
3.0477,-1.8789,1.0414,-1.0717,-0.80795,-3.1287,-19.22,6.6848,0.71058,-0.20075,-0.77407,111.85,-67.724,38.267,-15.701,-4.3984,5.1551,-0.42157,-1.0308,0.19397,2.3522,-34.077,61.038,12
4.8479,-0.98263,1.0905,-0.61538,-0.48142,5.3432,-7.2515,2.5763,0.71058,-0.20075,-0.77407,99.858,-89.806,34.832,-11.49,-2.3288,6.1231,-0.42157,-1.0308,0.19397,13.575,-6.9632,61.352,12
6.6829,-0.30685,1.004,-0.49817,-0.35583,13.501,-5.2712,-11.274,0.60853,-0.4409,-0.778,40.031,-55.079,7.3981,-7.6139,-1.5602,2.9845,-0.42157,-1.0308,0.19397,18.114,-19.863,64.46,12
3.1973,0.23452,0.95795,-0.47305,-0.27211,8.462,-3.2875,-3.0068,0.60853,-0.4409,-0.778,-17.243,1.8238,-2.848,1.9059,-0.24116,-1.1162,-0.42157,-1.0308,0.19397,16.79,-26.518,69.193,12
-0.14242,-0.45451,0.86436,-0.43537,-0.26792,6.3994,-5.1863,4.138,0.60853,-0.4409,-0.778,-20.616,76.72,-10.744,5.4377,2.024,-2.5967,-0.49804,-0.95483,0.25647,16.168,0.99242,60.963,12
-2.3895,-1.2326,0.66801,-0.2763,-0.12559,-11.344,-0.82441,7.6578,0.60853,-0.4409,-0.778,8.5761,88.538,-3.0771,5.4834,1.5803,-2.9731,-0.49804,-0.95483,0.25647,8.3867,12.818,37.946,12
-2.0948,-1.8245,-0.44842,-0.23025,-0.13396,-6.9126,1.7469,5.3828,0.64564,-0.44841,-0.71906,36.214,-66.234,2.2469,5.1886,2.5918,-2.8183,-0.49804,-0.95483,0.25647,2.7224,2.9382,6.1622,12
-0.40553,-0.43033,0.20338,-0.14233,-0.03349,-0.12537,0.87774,2.626,0.64564,-0.44841,-0.71906,64.681,-53.124,3.9995,4.7188,2.1964,-3.3589,-0.53922,-0.93429,0.2694,-3.8123,-4.2077,-25.305,12
0.936,1.1796,1.1588,0.012559,0.075353,-2.0556,-0.32408,1.2549,0.64564,-0.44841,-0.71906,79.296,-27.398,10.232,2.0692,1.0202,-2.9802,-0.53922,-0.93429,0.2694,-7.1781,0.31973,-47.8,12
0.93355,0.79702,1.0296,0.16745,0.18838,-0.19752,-0.93316,0.74303,0.59926,-0.56098,-0.69941,83.101,-30.739,9.7565,-0.89559,-0.54631,-1.6315,-0.53922,-0.93429,0.2694,-7.0175,-1.5687,-54.998,12
0.70204,0.25142,0.8121,0.096285,0.12977,0.97123,-2.2875,0.95784,0.59926,-0.56098,-0.69941,86.267,-1.7801,6.5176,-2.5064,-1.0743,-0.42871,-0.53922,-0.93429,0.2694,-6.3043,-2.0624,-49.203,12
1.2968,-0.19214,-0.7015,-0.11303,-0.041863,0.29563,-4.5595,-0.50627,0.59926,-0.56098,-0.69941,88.491,13.794,4.5858,-3.319,-0.98706,0.2944,-0.48235,-0.95688,0.25431,-6.0979,0.62779,-34.063,12
0.77569,0.10426,-1.5696,-0.20513,-0.12977,2.6616,-5.5125,-6.6969,0.59926,-0.56098,-0.69941,71.814,-18.333,0.91155,-2.9469,-0.87148,0.85226,-0.48235,-0.95688,0.25431,-5.6952,4.9818,-15.687,12
0.46716,0.37944,-1.1132,-0.083726,-0.050235,2.8759,0.065919,-8.2596,0.58813,-0.69794,-0.58939,38.254,10.627,0.42735,-1.1474,-0.8746,0.5396,-0.48235,-0.95688,0.25431,-4.4335,5.4803,-0.8655,12
-0.16325,0.58686,-0.26297,0.046049,0.083726,3.1432,0.65739,-9.5086,0.58813,-0.69794,-0.58939,6.1617,26.177,-0.8179,0.8746,-0.56299,0.70102,-0.47451,-1.0,0.24353,-3.53,6.0664,4.2009,12
-0.89103,0.10685,-3.4956,0.13396,0.11303,3.6792,0.32211,-11.353,0.58813,-0.69794,-0.58939,-28.879,43.775,-6.0651,0.77735,-0.39447,0.55319,-0.47451,-1.0,0.24353,-2.4382,7.5255,6.0132,12
-5.764,-0.18352,-0.54283,-0.03349,-0.046049,12.523,-1.093,-18.211,0.60482,-0.71482,-0.54813,-69.92,26.754,-15.897,-0.29753,-0.62208,0.79181,-0.47451,-1.0,0.24353,-1.2323,2.4434,7.1711,12
-19.93,1.0314,-4.8861,-0.3349,-0.25536,20.001,-18.908,23.057,0.60482,-0.71482,-0.54813,-256.76,120.55,-51.482,-0.61078,-1.1825,0.75338,-0.47451,-1.0,0.24353,-0.26531,-8.578,13.077,12
-22.002,6.174,-16.171,-0.35583,-0.28885,-21.609,-9.8742,1.686,0.60482,-0.71482,-0.54813,-90.609,283.47,-0.15677,-1.0003,-1.2524,1.7603,-0.48627,-0.96715,0.24138,3.1295,-10.208,16.771,12
-21.961,5.6152,-14.789,-0.35165,-0.28048,13.45,-13.09,-10.937,0.60482,-0.71482,-0.54813,-79.63,-96.084,-65.268,-5.1996,-2.4254,2.4621,-0.48627,-0.96715,0.24138,4.3628,5.3977,-0.32773,12
-21.926,4.3758,-12.027,0.94192,0.75353,-1.5017,-19.319,-5.1997,0.60482,-0.71482,-0.54813,-24.396,-6.1781,-47.214,-19.512,-5.9662,4.3788,-0.48627,-0.96715,0.24138,5.3696,16.314,-32.908,12
-21.895,1.3296,-15.459,1.348,1.2768,-0.82903,-19.403,-13.531,0.60482,-0.71482,-0.54813,-29.21,-22.093,-19.108,-21.388,-14.1,5.9721,-0.46667,-0.98973,0.23707,7.2696,-9.1247,-34.059,12
-21.877,0.41014,-15.416,-0.72423,-0.48142,6.4216,-9.6489,-13.408,0.60482,-0.71482,-0.54813,-3.2762,-11.71,0.90413,-21.333,-18.328,6.219,-0.46667,-0.98973,0.23707,7.8578,-22.117,-25.975,12
-21.839,0.035618,-10.249,-0.7619,-0.77446,4.7288,-12.636,-10.168,0.75325,-0.39962,-0.74067,44.239,15.337,11.516,-21.4,-17.562,6.8407,-0.46667,-0.98973,0.23707,16.018,21.946,-3.5092,12
-12.571,0.75579,-5.3215,-0.56096,-0.53585,2.0964,-18.905,-9.268,0.75325,-0.39962,-0.74067,82.748,5.0441,21.527,-21.369,-14.977,6.3032,-0.46667,-0.98973,0.23707,5.1754,14.851,2.1211,12
-4.745,2.4018,-3.5102,-0.39351,-0.32234,-0.32601,-19.318,-7.0212,0.75325,-0.39962,-0.74067,124.05,-6.7451,34.527,-21.337,-12.639,6.0972,-0.4451,-0.97947,0.27586,-4.4032,-9.4366,-4.3258,12
2.6926,2.2388,1.0331,-0.38514,-0.41026,-1.6456,-19.259,0.87478,0.70686,-0.56285,-0.62083,158.19,-31.307,51.839,-21.429,-11.562,6.8177,-0.4451,-0.97947,0.27586,-7.8267,-10.677,-4.7429,12
4.5868,-0.046696,3.1958,-0.35165,-0.31397,-4.3729,-18.34,5.5913,0.70686,-0.56285,-0.62083,176.18,-6.1655,65.946,-13.622,-9.7302,5.9822,-0.4451,-0.97947,0.27586,-3.4927,-8.1572,-2.5154,12
5.4733,-0.43394,0.382,-0.18001,-0.20931,3.0684,-5.2864,-14.775,0.70686,-0.56285,-0.62083,128.09,-117.79,50.276,-5.6931,-6.876,3.3958,-0.46078,-1.0,0.24569,5.3907,0.46632,-2.4239,12
6.8966,-1.9015,-0.92903,-0.050235,-0.03349,19.417,0.39338,-18.088,0.70686,-0.56285,-0.62083,33.916,-77.036,-5.3914,2.3615,-3.6051,0.48641,-0.46078,-1.0,0.24569,14.416,5.3317,3.1231,12
2.3978,0.81492,-1.3161,0.10466,0.15489,-11.465,1.4025,-5.2945,0.55473,-0.76923,-0.50688,-42.169,178.95,9.7321,6.2309,0.16248,-0.75229,-0.46078,-1.0,0.24569,24.435,19.78,6.0671,12
-1.6618,2.7885,-0.71745,0.14233,0.083726,-3.3651,-3.5887,-5.4006,0.55473,-0.76923,-0.50688,-74.318,-71.183,-19.735,5.4037,4.0287,-1.1319,-0.46078,-1.0,0.24569,31.17,29.067,-2.1943,12
-3.8696,1.0552,-0.29451,-0.054422,-0.062794,4.923,-0.3269,-4.9671,0.55473,-0.76923,-0.50688,-91.589,-54.68,-9.5983,3.3629,5.7299,-2.0052,-0.4451,-0.98152,0.27802,29.762,13.882,-15.789,12
-2.6857,-0.56307,0.086166,-0.12977,-0.11722,1.3386,-2.138,-0.92685,0.56772,-0.67917,-0.61886,-98.25,8.3219,-4.1788,3.9458,4.8519,-3.8095,-0.4451,-0.98152,0.27802,22.993,1.2645,-32.044,12
-1.0063,-0.69368,0.68494,-0.16745,-0.1214,-0.88512,-3.3755,4.0307,0.56772,-0.67917,-0.61886,-96.095,38.392,-3.8011,3.8365,3.2902,-4.9813,-0.4451,-0.98152,0.27802,13.896,7.2267,-43.838,12
0.10734,-0.31662,0.45572,-0.10466,-0.062794,-3.7752,-0.15817,4.9752,0.56772,-0.67917,-0.61886,-68.993,45.277,-4.7006,2.0842,1.6165,-4.3463,-0.43725,-0.98973,0.3125,1.5907,15.445,-51.025,12
0.91232,-0.66663,0.90842,0.041863,0.012559,-2.5419,2.0798,4.0161,0.56772,-0.67917,-0.61886,-41.139,19.861,-0.53022,-0.061927,0.73818,-3.1818,-0.43725,-0.98973,0.3125,-10.408,18.48,-49.851,12
0.21983,-0.89031,0.36198,0.11722,0.0041863,0.14425,1.1821,3.3626,0.60853,-0.56098,-0.66798,-17.821,15.958,4.3815,-1.2884,0.4347,-1.5303,-0.43725,-0.98973,0.3125,-21.327,21.745,-42.882,12
0.94678,-0.3692,-0.51744,-0.054422,-0.15908,-0.32183,-0.014643,2.496,0.60853,-0.56098,-0.66798,-10.923,35.522,9.0984,-3.5689,0.066075,-0.39253,-0.43725,-0.98973,0.3125,-30.771,10.861,-33.576,12
0.13433,0.35445,0.042427,-0.20094,-0.21769,0.1121,-1.3094,1.7377,0.60853,-0.56098,-0.66798,-17.459,23.844,10.356,-2.4283,-1.2597,1.0308,-0.43725,-0.98973,0.3125,-32.19,-5.3597,-23.695,12
-0.30253,0.98504,-0.82714,-0.25955,-0.28048,2.1315,-1.5913,-1.7041,0.64007,-0.54221,-0.69548,-28.145,21.566,5.542,-0.30645,-1.8849,1.5099,-0.43725,-0.98973,0.3125,-24.556,4.0489,-18.943,12
-3.4852,0.52077,-1.0163,-0.33072,-0.34328,5.3197,-0.85915,-8.6877,0.64007,-0.54221,-0.69548,-34.494,6.767,-5.4384,-0.67999,-1.794,2.5978,-0.43725,-0.98973,0.3125,-11.663,18.65,-15.943,12
-13.125,-0.83892,-1.9597,1.2643,0.89168,16.704,-2.2638,-15.488,0.64007,-0.54221,-0.69548,-107.85,-92.683,-27.075,-2.399,-1.987,3.2965,-0.3549,-1.0554,0.2069,1.4555,19.879,-7.0289,12
-21.815,-2.6843,-16.01,0.1842,0.26792,-14.635,-19.102,22.461,0.66976,-0.40901,-0.72495,-68.305,156.65,-9.5799,-3.2215,-1.933,3.695,-0.3549,-1.0554,0.2069,10.974,2.2588,0.91892,12
-21.924,3.763,-16.409,-0.63632,-0.56934,-0.041281,-19.195,6.269,0.66976,-0.40901,-0.72495,-55.858,-28.249,-33.377,-4.5545,-3.9022,3.7841,-0.3549,-1.0554,0.2069,13.716,-10.856,-1.0612,12
-21.885,2.341,-10.526,-0.48561,-0.53585,11.945,-19.119,3.9031,0.66976,-0.40901,-0.72495,-33.105,24.001,-21.656,-13.423,-7.9823,5.7676,-0.3549,-1.0554,0.2069,15.275,1.4809,-18.121,12
-21.815,-1.1782,-16.117,-0.38095,-0.41863,-4.0076,-19.335,-4.7881,0.66976,-0.40901,-0.72495,-10.7,23.593,-22.388,-21.444,-16.025,8.4696,-0.3549,-1.0554,0.2069,21.53,16.53,-31.504,12
-21.809,-1.9863,-13.074,-0.60283,-0.67818,-3.9984,-19.388,-10.041,0.74583,-0.30957,-0.72299,-11.398,4.3342,-5.1545,-21.512,-18.64,10.953,-0.3549,-1.0554,0.2069,35.139,-4.9776,-27.045,12
-19.525,-1.0318,-9.2718,-0.40607,-0.45631,1.643,-19.298,-7.0422,0.74583,-0.30957,-0.72299,1.4231,-10.656,6.7159,-21.523,-18.64,10.985,-0.3549,-1.0554,0.2069,39.396,-10.171,2.3337,12
-9.0122,-1.9144,-6.4565,-0.31397,-0.35583,-0.01857,-19.265,-0.71341,0.74583,-0.30957,-0.72299,29.043,-5.428,18.665,-21.419,-15.316,9.4009,-0.33333,-1.0349,0.30172,30.172,1.0757,10.701,12
-4.1355,-1.3082,-0.59142,-0.12977,-0.23862,-1.0667,-19.16,5.8022,0.73655,-0.34897,-0.70727,64.009,-13.851,26.42,-21.471,-10.525,8.5363,-0.33333,-1.0349,0.30172,26.878,-23.148,17.015,12
1.3209,-1.9048,1.9023,-0.029304,-0.12977,-1.4656,-13.69,11.176,0.73655,-0.34897,-0.70727,77.464,-43.894,29.193,-18.653,-5.9457,6.4319,-0.33333,-1.0349,0.30172,20.623,-56.155,31.299,12
3.6103,0.2933,1.5527,0.058608,-0.083726,3.59,-1.1429,-4.3858,0.73655,-0.34897,-0.70727,47.134,-93.499,17.308,-4.0438,-1.6233,2.6688,-0.34314,-1.0021,0.38578,19.228,-52.094,36.646,12
8.5314,1.2096,0.69834,0.2135,0.041863,14.515,-9.5768,-10.157,0.73655,-0.34897,-0.70727,-15.891,-61.492,0.21124,4.5762,2.9149,-0.51051,-0.34314,-1.0021,0.38578,21.161,-20.331,38.894,12
4.4585,1.3158,2.1711,0.10884,-0.020931,8.7259,-4.7266,3.5801,0.61224,-0.51032,-0.75049,-41.077,26.466,-2.6177,7.5354,6.0248,-2.5217,-0.34314,-1.0021,0.38578,21.704,-1.986,40.887,12
-1.1178,-0.17138,0.86879,0.016745,-0.037677,1.299,-6.9221,11.75,0.61224,-0.51032,-0.75049,-13.065,76.828,-9.7422,9.1442,7.1315,-3.8518,-0.34314,-1.0021,0.38578,19.821,7.2224,34.259,12
-3.4093,-1.7587,-0.26355,0.012559,-0.054422,-10.91,3.9916,13.018,0.61224,-0.51032,-0.75049,49.768,47.759,1.7016,10.419,6.7477,-4.2251,-0.37647,-0.95483,0.44612,13.745,10.085,5.9502,12
-2.4838,-1.5656,-1.4777,0.0041863,-0.10884,-2.6388,1.8661,8.3898,0.67161,-0.50657,-0.68369,100.87,-75.137,7.1034,7.7024,5.2517,-3.8312,-0.37647,-0.95483,0.44612,5.3586,15.211,-34.341,12
-1.1024,0.57632,-0.14813,0.15071,0.058608,-0.89119,-2.5619,3.2172,0.67161,-0.50657,-0.68369,130.24,-51.578,8.8778,2.78,2.8804,-2.9601,-0.37647,-0.95483,0.44612,-2.7842,8.8284,-63.682,12
0.27076,1.6134,0.54521,0.17164,0.029304,-2.0858,-6.643,-0.93634,0.67161,-0.50657,-0.68369,129.97,-45.153,11.705,-2.3076,-0.02074,-2.074,-0.3549,-0.97125,0.43319,-10.632,-3.9167,-75.625,12
1.4756,0.96811,0.62397,0.016745,-0.096285,2.0769,-5.6456,-7.1365,0.67161,-0.50657,-0.68369,108.39,-68.423,2.9897,-5.1674,-1.9909,-1.0891,-0.3549,-0.97125,0.43319,-18.254,-12.136,-70.28,12
2.0661,0.22931,0.34695,-0.17582,-0.31816,5.1469,-2.2192,-12.018,0.58813,-0.68668,-0.59136,72.804,-18.159,-1.996,-6.0826,-2.7898,-0.98324,-0.3549,-0.97125,0.43319,-25.744,-7.1165,-47.736,12
0.80259,0.27462,-0.39634,-0.21769,-0.25118,0.38128,0.1098,-12.782,0.58813,-0.68668,-0.59136,32.927,26.827,-2.5141,-7.2455,-3.7357,0.4278,-0.3549,-0.97125,0.43319,-30.077,-9.4459,-12.781,12
-0.12502,-0.81954,0.010452,-0.26792,-0.29723,-0.46815,0.62856,-8.4316,0.58813,-0.68668,-0.59136,-4.1534,12.519,-5.9584,-5.8019,-4.9728,1.7201,-0.28039,-1.0493,0.39224,-26.909,-15.859,20.559,12
-1.5114,-1.1974,-2.9815,2.1811,1.3773,-3.2266,-0.11456,-8.4859,0.59369,-0.75047,-0.52063,-28.087,-27.426,-8.3992,-2.9014,-4.2819,1.8067,-0.28039,-1.0493,0.39224,-17.852,-25.734,40.334,12
-5.4698,0.76344,-2.0155,-0.86656,-0.67399,19.386,0.45281,-18.086,0.59369,-0.75047,-0.52063,-69.766,-153.25,-21.026,-0.74108,-3.7106,1.9395,-0.28039,-1.0493,0.39224,-6.3999,-29.581,48.182,12
-12.307,5.2677,-2.7154,-0.36839,-0.26374,14.355,-19.054,12.41,0.59369,-0.75047,-0.52063,-219.08,174.12,-50.029,0.48322,-3.1605,1.9461,-0.29804,-1.0082,0.37716,6.0029,-28.08,47.332,12
-21.831,-1.3989,-14.263,-0.48142,-0.52329,-21.608,-10.283,1.3739,0.68646,-0.58537,-0.65619,-97.679,220.24,-5.155,1.7918,-3.0338,1.6191,-0.29804,-1.0082,0.37716,15.224,-21.543,38.787,12
-21.964,6.2957,-16.181,-0.28885,-0.24699,19.624,-16.829,-11.614,0.68646,-0.58537,-0.65619,-72.913,-131.56,-54.513,0.14086,-3.9338,1.6158,-0.29804,-1.0082,0.37716,21.228,4.2917,14.822,12
-21.982,6.1603,-10.74,-0.2135,-0.27211,-3.3906,-19.269,0.85683,0.68646,-0.58537,-0.65619,-43.76,90.713,-15.472,-7.9734,-5.8726,3.7376,-0.29804,-1.0082,0.37716,21.123,47.684,-19.91,12
-21.855,0.33771,-14.212,-0.22606,-0.23025,-2.0798,-9.0397,-10.9,0.68646,-0.58537,-0.65619,-61.003,-47.83,-12.299,-21.475,-13.473,8.6701,-0.35098,-1.0041,0.40517,23.491,69.046,-41.015,12
-21.852,-0.31402,-16.712,-0.10466,-0.14233,13.228,-3.2986,-10.053,0.7384,-0.4409,-0.74853,-7.4472,-19.008,-10.483,-21.562,-18.617,12.288,-0.35098,-1.0041,0.40517,28.499,13.242,-26.638,12
-21.866,-0.65079,-11.332,-0.10466,-0.20513,-0.89241,-12.096,-13.582,0.7384,-0.4409,-0.74853,42.926,15.167,1.1543,-21.448,-18.645,9.4948,-0.35098,-1.0041,0.40517,24.801,-51.357,25.197,12
-17.548,-0.37881,-8.9604,0.0,-0.15489,0.84032,-19.356,-10.834,0.7384,-0.4409,-0.74853,77.963,3.8075,12.544,-21.401,-14.98,7.0114,-0.31569,-0.98768,0.4806,1.4888,-12.702,56.113,12
-11.021,-0.44691,-5.7244,-0.083726,-0.23025,0.052503,-19.317,-6.9236,0.72356,-0.48593,-0.72102,117.36,-4.1094,22.946,-21.367,-15.26,6.9974,-0.31569,-0.98768,0.4806,-15.308,13.191,51.547,12
-3.1173,-1.2064,-0.65595,0.062794,-0.025118,-4.5137,-19.321,-5.3862,0.72356,-0.48593,-0.72102,152.99,-14.557,38.789,-20.071,-12.654,5.5965,-0.31569,-0.98768,0.4806,-21.607,-6.2789,22.013,12
4.8474,1.0659,2.2959,-0.092098,-0.20094,-3.1163,-19.228,5.872,0.72356,-0.48593,-0.72102,212.49,-6.8956,64.939,-7.3904,-9.6411,2.8929,-0.31569,-0.98768,0.4806,-23.161,-0.088079,-13.82,12
9.3764,1.8859,2.6013,-0.054422,-0.03349,-1.9951,-7.0676,-12.696,0.72356,-0.48593,-0.72102,136.3,-131.09,53.563,-1.2196,-6.0632,0.676,-0.36471,-0.98768,0.4181,-21.607,47.577,-37.009,12
9.511,1.2165,-1.0274,0.062794,0.0041863,19.512,-8.4422,-18.477,0.59369,-0.76173,-0.52456,79.697,-198.41,8.9039,-2.5968,-2.2635,1.6472,-0.36471,-0.98768,0.4181,-20.934,61.039,-33.159,12
4.2157,1.3338,-1.8905,0.1842,0.1842,17.015,-0.88036,-16.749,0.59369,-0.76173,-0.52456,2.3561,262.18,5.7005,-1.0661,1.0718,2.1786,-0.36471,-0.98768,0.4181,-20.792,21.331,-11.098,12
-0.40407,2.5265,0.48002,0.28048,0.24699,-7.7611,1.7808,-10.041,0.59369,-0.76173,-0.52456,-54.974,170.09,-8.6822,4.6592,4.1963,1.6265,-0.36275,-1.0185,0.34483,-17.124,-6.8012,10.556,12
-3.2068,2.2568,1.4136,0.14652,0.10466,-0.33777,-0.073503,-8.3404,0.59555,-0.78424,-0.4224,-98.094,28.871,-21.415,6.5318,3.1854,0.54469,-0.36275,-1.0185,0.34483,-8.952,2.4649,1.6014,12
-4.4317,-0.13447,-0.07526,-0.029304,-0.037677,-3.1193,-3.8169,-2.4825,0.59555,-0.78424,-0.4224,-113.53,13.612,-18.356,5.8761,2.596,-0.40145,-0.36275,-1.0185,0.34483,4.7282,23.985,-28.665,12
-3.9096,-1.4908,-0.28154,-0.18838,-0.10884,-1.0483,-5.0063,0.3642,0.59555,-0.78424,-0.4224,-121.83,-21.901,-12.496,-0.92183,1.273,-0.69677,-0.36275,-1.0185,0.34483,9.546,21.032,-46.951,12
-0.50265,-2.1404,0.40736,-0.23025,-0.10884,-0.50518,-4.5332,3.112,0.64193,-0.62664,-0.60707,-117.13,-3.0488,-12.49,-3.3534,0.32673,-0.32741,-0.35294,-1.0308,0.30819,6.0522,-5.189,-40.982,12
0.93998,-2.0496,0.84712,-0.12977,0.037677,-4.4807,-1.5588,6.4918,0.64193,-0.62664,-0.60707,-97.242,6.11,-13.701,-3.0018,-0.27847,-0.84726,-0.35294,-1.0308,0.30819,-1.8178,-20.2,-25.466,12
1.1575,-1.3092,0.76638,3.1858,2.5955,-3.4205,1.6195,6.5051,0.64193,-0.62664,-0.60707,-64.894,-29.81,-8.9379,-1.2816,-0.67388,-1.3879,-0.35294,-1.0308,0.30819,-9.1021,-12.541,-10.887,12
0.21003,0.10438,-0.12745,-1.2266,-0.92517,1.5109,3.1417,5.2555,0.64193,-0.62664,-0.60707,-36.175,-33.767,-3.5564,-0.96384,-0.59009,-1.0087,-0.31373,-1.039,0.32759,-13.083,2.2878,-2.0896,12
0.33221,-0.44892,-0.22988,-0.48561,-0.4898,-0.56755,-0.10334,9.4683,0.60297,-0.48218,-0.76031,-7.4801,-4.3289,2.646,-1.4628,-0.57383,-0.38286,-0.31373,-1.039,0.32759,-12.531,3.5924,1.8795,12
-0.81827,-0.50048,1.755,-0.37258,-0.31816,-1.85,-1.4917,3.3027,0.60297,-0.48218,-0.76031,0.44778,18.528,3.1247,-0.96933,-0.60155,-0.15508,-0.31373,-1.039,0.32759,-11.514,-2.4314,-0.56699,12
-1.4807,-1.2193,-0.76237,-0.3349,-0.31397,-1.1374,-1.9744,-0.41218,0.60297,-0.48218,-0.76031,-6.0764,7.0332,10.008,1.4311,0.50129,-0.87077,-0.31373,-1.039,0.32759,-11.192,-6.1253,-6.6608,12
-6.749,-3.9648,-2.1884,-0.38095,-0.3056,5.7933,3.6413,-18.052,0.62523,-0.48968,-0.76817,-24.038,-49.301,7.0344,2.6257,1.8652,-1.4797,-0.31765,-1.0431,0.29095,-13.207,7.8135,-12.256,12
-21.652,-10.312,-8.6544,-0.43119,-0.3349,20.014,-18.926,23.243,0.62523,-0.48968,-0.76817,-130.91,104.8,-10.695,-0.75072,1.6115,0.15349,-0.31765,-1.0431,0.29095,-16.84,21.56,-2.3575,12
-21.949,5.0343,-16.284,-0.28885,-0.13815,-9.9299,-16.913,16.628,0.62523,-0.48968,-0.76817,-23.339,102.44,7.8118,-6.0465,-0.247,3.3002,-0.31765,-1.0431,0.29095,-14.92,16.118,17.952,12
-21.904,1.2499,-12.551,-0.26374,-0.21769,18.332,-19.171,-0.26481,0.62523,-0.48968,-0.76817,-11.117,-55.118,-32.56,-12.451,-5.7272,6.2761,-0.32549,-1.0554,0.25647,-7.73,-1.0032,18.989,12
-21.821,-2.3853,-11.573,-0.11303,-0.20931,-0.29895,-19.259,0.84657,0.67718,-0.33959,-0.79175,-4.9792,25.738,-26.565,-21.574,-12.231,10.888,-0.32549,-1.0554,0.25647,8.1725,9.3491,-0.65206,12
-21.76,-4.9074,-13.852,-0.037677,-0.11722,-12.276,-19.461,-13.377,0.67718,-0.33959,-0.79175,-15.543,-4.4317,-17.394,-21.53,-18.601,12.862,-0.32549,-1.0554,0.25647,16.47,-4.6811,20.232,12
-21.819,-2.4594,-9.2108,-0.22606,-0.26792,6.4518,-19.326,-9.8601,0.67718,-0.33959,-0.79175,-10.646,-15.306,-6.1275,-21.448,-18.628,10.152,-0.32549,-1.0554,0.25647,30.007,2.4549,39.565,12
-19.089,-3.1479,-7.3254,-0.3056,-0.32653,5.7083,-19.283,-4.5738,0.70501,-0.28705,-0.80354,12.309,-0.49007,10.87,-21.431,-15.445,8.509,-0.32745,-1.0575,0.2694,24.688,45.076,49.501,12
-10.321,-2.1283,-3.5494,-0.20094,-0.16745,1.841,-19.282,-1.5082,0.70501,-0.28705,-0.80354,51.862,-12.445,22.175,-21.407,-12.187,8.3073,-0.32745,-1.0575,0.2694,17.422,36.63,32.473,12
-3.5778,-1.9188,-0.58322,-0.35583,-0.42282,-0.66616,-18.278,4.9024,0.70501,-0.28705,-0.80354,72.233,-29.713,35.072,-21.414,-8.1215,4.8543,-0.32745,-1.0575,0.2694,7.9424,-13.657,21.595,12
4.1011,-0.50915,1.4805,-0.037677,-0.07954,5.4844,-15.008,13.023,0.70501,-0.28705,-0.80354,60.772,-24.461,44.051,-11.985,-5.5132,0.68267,-0.4,-1.0144,0.28664,2.2107,-12.319,22.55,12
8.5838,0.60717,1.402,0.037677,0.0041863,11.057,3.3422,-11.326,0.63636,-0.44278,-0.76424,42.803,-27.034,11.247,-1.1415,-2.0958,-2.584,-0.4,-1.0144,0.28664,-5.3184,24.713,15.892,12
7.8367,0.59004,1.3584,-0.054422,-0.092098,17.216,-7.3783,-6.1447,0.63636,-0.44278,-0.76424,-18.044,26.052,-6.2489,1.6891,1.2162,-3.3767,-0.4,-1.0144,0.28664,-14.138,40.461,2.9227,12
0.7737,-0.30113,1.594,-0.22187,-0.15908,11.835,-6.2792,3.7627,0.63636,-0.44278,-0.76424,-14.209,216.66,-13.715,3.0406,2.7506,-0.93538,-0.4,-1.0144,0.28664,-21.159,2.5701,-0.087874,12
-1.9851,-1.2512,-0.10208,-0.27211,-0.20931,-21.676,-2.5124,-0.74863,0.71429,-0.49531,-0.62475,18.785,220.36,-0.41482,7.27,3.3688,-0.12323,-0.41961,-1.0164,0.2306,-21.226,-22.032,-10.312,12
-3.2888,-1.2175,-0.73063,-0.39351,-0.26792,-10.43,1.5998,4.5382,0.71429,-0.49531,-0.62475,35.283,-159.25,3.1957,8.3345,3.7925,-0.74787,-0.41961,-1.0164,0.2306,-15.1,-1.9483,-28.441,12
-1.9499,0.021832,-0.092772,1.9089,1.394,2.6525,0.29942,0.23941,0.71429,-0.49531,-0.62475,56.408,-111.76,3.0197,1.4745,2.5666,0.65958,-0.41961,-1.0164,0.2306,-6.0732,21.043,-43.292,12
-0.51826,1.1654,1.1259,-1.1219,-0.83307,-2.7361,0.08949,3.0084,0.66976,-0.5591,-0.63261,64.761,-63.033,1.3553,-4.4044,1.224,1.405,-0.3902,-1.039,0.22414,-1.5047,11.105,-52.488,12
0.22948,0.64702,0.17402,-0.54422,-0.41444,-0.21851,-1.1147,-2.5579,0.66976,-0.5591,-0.63261,66.111,-52.588,-1.5178,-6.6741,0.16414,1.4145,-0.3902,-1.039,0.22414,0.83366,-6.401,-40.353,12
0.47385,0.55001,0.017922,-0.43537,-0.37258,3.532,-1.7497,-4.6772,0.66976,-0.5591,-0.63261,45.133,-44.855,-6.2261,-4.883,-0.69337,0.66325,-0.3902,-1.039,0.22414,-0.29201,-11.247,-17.944,12
1.8918,0.36119,-0.89381,-0.35583,-0.28885,0.49408,-0.89699,-4.5503,0.66976,-0.5591,-0.63261,31.22,9.4126,-5.769,-2.8867,-1.2635,0.64516,-0.3902,-1.039,0.22414,-1.4288,0.7471,0.68597,12
1.5958,1.0181,-0.21363,-0.34328,-0.28885,-2.9538,-0.62612,-5.1858,0.62709,-0.61726,-0.62083,17.128,12.856,0.68329,-2.1863,-1.7089,1.1125,-0.36275,-1.0431,0.22629,-2.4338,7.9715,14.312,12
0.14664,0.749,-0.0062739,-0.23025,-0.19257,-2.3429,-0.53753,-5.2378,0.62709,-0.61726,-0.62083,-3.8723,-4.9154,2.724,-2.0604,-1.7839,1.6087,-0.36275,-1.0431,0.22629,-2.1266,2.7816,21.951,12
-1.952,0.62997,-2.3223,-0.15489,-0.1842,1.8218,0.38434,-3.1501,0.62709,-0.61726,-0.62083,-18.584,-9.7224,-0.25259,-0.66353,-1.9756,1.4429,-0.36275,-1.0431,0.22629,0.97086,-10.634,26.48,12
-6.5493,-0.81559,-2.7681,-0.1214,-0.1214,19.283,2.6618,-17.976,0.63451,-0.66229,-0.63851,-62.559,-76.255,-14.581,1.1895,-1.6377,1.2306,-0.37843,-1.0329,0.21767,4.3199,-16.844,25.887,12
-18.875,-1.1754,-2.3479,0.012559,0.066981,11.427,-18.991,22.717,0.63451,-0.66229,-0.63851,-224.71,104.63,-42.873,1.6277,-1.8963,0.37394,-0.37843,-1.0329,0.21767,8.5029,-11.474,22.667,12
-21.858,0.48002,-14.304,0.037677,0.016745,-21.773,5.0221,3.2,0.63451,-0.66229,-0.63851,-92.939,25.517,-0.70519,0.12263,-1.9677,0.23495,-0.37843,-1.0329,0.21767,13.961,-4.2935,20.178,12
-21.858,0.96927,-13.734,0.054422,-0.050235,19.763,-19.179,-1.053,0.63451,-0.66229,-0.63851,-53.971,-141.66,-48.153,-3.401,-3.7704,-0.042688,-0.37843,-1.0329,0.21767,16.384,4.6118,5.6967,12
-21.94,4.5809,-9.3246,-0.050235,-0.14233,-21.702,-19.519,-15.235,0.67161,-0.43527,-0.81729,-35.436,246.23,-10.123,-12.42,-5.4552,1.4772,-0.39804,-1.0205,0.26078,17.204,14.833,-23.992,12
-21.856,-0.62619,-13.783,-0.041863,-0.071167,19.257,-10.957,-3.5844,0.67161,-0.43527,-0.81729,-54.157,-33.77,-29.892,-21.324,-10.474,2.6326,-0.39804,-1.0205,0.26078,17.231,17.501,-29.433,12
-21.876,-0.63439,-11.973,-0.029304,-0.058608,-2.2399,0.39955,-17.471,0.67161,-0.43527,-0.81729,-2.8319,77.46,-1.8724,-21.298,-15.067,4.2883,-0.39804,-1.0205,0.26078,15.529,-9.0731,-2.4868,12
-21.856,-1.1316,-8.6913,0.050235,-0.041863,2.5927,-3.2519,-11.324,0.76438,-0.33959,-0.78389,10.488,-30.931,-0.62195,-21.286,-17.466,4.3663,-0.38039,-1.0062,0.29526,12.795,-13.168,39.016,12
-21.799,-1.9918,-8.474,0.12977,0.054422,6.6367,-9.6271,-10.238,0.76438,-0.33959,-0.78389,42.726,-2.2621,7.8261,-21.249,-14.681,2.8597,-0.38039,-1.0062,0.29526,-1.4551,-19.835,65.873,12
-17.772,-1.8209,-7.3955,0.0083726,-0.046049,1.8132,-19.341,-7.4073,0.76438,-0.33959,-0.78389,81.626,18.083,16.801,-21.303,-13.78,3.0298,-0.38039,-1.0062,0.29526,-9.4055,-6.9783,73.167,12
-11.719,-1.4056,-4.4949,-0.25118,-0.3056,0.12981,-19.321,-7.3606,0.76438,-0.33959,-0.78389,112.31,-2.4075,22.886,-21.289,-11.077,3.3212,-0.38039,-1.0062,0.29526,-11.537,-4.6849,64.437,12
-3.9267,-1.6433,-1.2111,-0.3349,-0.36839,-2.9409,-19.33,-6.2772,0.73284,-0.4409,-0.74853,136.51,-7.0532,34.57,-16.709,-8.9074,3.263,-0.44902,-0.98152,0.29095,-10.716,-12.364,41.426,12
2.1092,0.093917,1.8085,-0.25118,-0.20513,-1.4765,-19.222,4.5554,0.73284,-0.4409,-0.74853,185.36,-7.3581,54.952,-11.966,-6.8253,2.4712,-0.44902,-0.98152,0.29095,-10.249,-19.553,12.626,12
7.2368,1.7973,1.246,0.49398,0.38095,1.8132,-8.8334,-7.1006,0.73284,-0.4409,-0.74853,121.82,-105.81,48.838,-7.5489,-5.8044,1.5639,-0.44902,-0.98152,0.29095,-10.422,-18.886,-11.572,12
9.206,1.8216,-0.22553,2.7378,2.3778,19.391,-9.5508,-18.45,0.60668,-0.70544,-0.57171,88.211,-154.09,13.918,-2.3613,-4.2321,0.78839,-0.46471,-0.96509,0.2931,-8.6679,-22.986,-20.521,12
3.9666,0.65882,-1.3091,-0.66143,-0.49398,19.46,-4.0632,-17.206,0.60668,-0.70544,-0.57171,36.279,129.55,-5.9171,4.0227,-1.8381,-0.81066,-0.46471,-0.96509,0.2931,-3.7548,-16.418,-12.185,12
0.30103,1.1103,-0.62639,-0.33909,-0.23025,-5.2143,1.3868,-9.837,0.60668,-0.70544,-0.57171,-17.746,108.62,1.8661,7.128,0.85115,-1.8845,-0.46471,-0.96509,0.2931,-1.4933,12.249,7.4289,12
-1.7173,1.0154,-0.22441,-0.27211,-0.22187,-1.59,1.5687,-9.4687,0.60668,-0.73171,-0.49902,-62.809,10.536,-12.269,6.8315,2.86,-2.0028,-0.46471,-0.96509,0.2931,-1.3076,30.818,13.384,12
-3.2689,0.31362,-0.28756,-0.23443,-0.2135,-4.0792,-2.3487,-5.1686,0.60668,-0.73171,-0.49902,-95.305,-15.561,-12.08,4.9574,2.971,-0.90354,-0.45882,-0.98152,0.27371,-0.0090088,35.006,-2.1553,12
-2.969,-0.037336,-0.24547,-0.20513,-0.18001,-0.17388,-4.3002,-2.3001,0.60668,-0.73171,-0.49902,-114.26,-48.032,-12.097,2.8766,2.2271,-0.2949,-0.45882,-0.98152,0.27371,2.8972,20.421,-23.973,12
-1.5292,0.1978,0.91254,-0.17164,-0.071167,3.2973,-4.4978,-0.27525,0.60668,-0.73171,-0.49902,-119.52,-18.438,-11.134,0.74652,0.95464,-0.5356,-0.45882,-0.98152,0.27371,3.8216,5.1441,-44.379,12
-0.20924,-0.14422,1.0818,-0.062794,-0.054422,0.60292,-4.5668,4.7048,0.60111,-0.58161,-0.69352,-104.25,18.657,-14.84,-1.294,0.12756,-1.2436,-0.44314,-0.98563,0.26293,2.659,-3.3988,-46.844,12
0.37823,-1.7398,0.62236,0.087912,0.062794,-2.5875,-1.2736,6.3063,0.60111,-0.58161,-0.69352,-84.63,32.956,-12.923,-2.3446,-0.57654,-1.6538,-0.44314,-0.98563,0.26293,-0.53283,0.57687,-33.59,12
-0.33289,-1.5372,0.86165,0.13396,0.071167,-3.1748,4.0906,9.0582,0.60111,-0.58161,-0.69352,-47.383,13.501,-8.9998,-2.971,-0.20896,-0.89586,-0.44314,-0.98563,0.26293,-5.1295,7.6983,-15.703,12
-0.7998,-0.91932,1.2331,0.21769,0.087912,-2.2289,4.8975,9.5559,0.64935,-0.42777,-0.76228,-7.5982,-2.3093,-5.4526,-3.3182,0.17217,0.21694,-0.44314,-0.98563,0.26293,-9.2135,12.227,-2.4726,12
0.30628,-0.66764,1.4136,0.2428,0.17164,-2.718,0.87912,9.6939,0.64935,-0.42777,-0.76228,27.933,24.124,1.5089,-3.7002,0.23262,1.2616,-0.40784,-1.0041,0.24353,-11.941,8.74,9.0601,12
-1.0244,0.71681,-0.98812,-0.037677,-0.050235,-3.9953,-3.5029,6.1495,0.64935,-0.42777,-0.76228,45.334,21.748,11.141,-3.1739,0.55945,1.9446,-0.40784,-1.0041,0.24353,-12.368,1.9349,17.784,12
-10.89,-1.9591,-0.83948,-0.28885,-0.28885,19.363,3.9298,-17.912,0.64935,-0.42777,-0.76228,-14.438,-231.6,-12.114,-2.8706,0.70118,2.1184,-0.40784,-1.0041,0.24353,-10.447,-3.4269,27.984,12
-21.511,-17.367,-13.058,0.0083726,0.016745,16.381,-19.028,18.035,0.62709,-0.43902,-0.79764,-32.14,311.7,-29.747,-2.1335,0.55267,2.2672,-0.44706,-1.0123,0.20905,-7.5869,-4.6531,35.274,12
-21.794,-2.7455,-16.942,0.19257,0.016745,-4.7798,-14.207,13.94,0.62709,-0.43902,-0.79764,-14.189,43.995,-26.419,-4.6384,0.59749,2.7486,-0.44706,-1.0123,0.20905,-4.1069,2.2376,38.163,12
-21.769,-3.9718,-4.389,0.050235,-0.10884,6.3003,-19.16,5.7717,0.62709,-0.43902,-0.79764,0.20358,-4.4057,-12.803,-16.228,-3.7814,4.863,-0.44706,-1.0123,0.20905,-4.892,13.49,19.262,12
-21.77,-5.4462,-11.49,-0.12559,-0.20094,-11.21,-19.374,-5.6745,0.74026,-0.29268,-0.74853,-2.391,35.62,-10.554,-21.474,-12.806,8.4118,-0.44706,-1.0123,0.20905,-3.4364,15.423,-3.8331,12
-21.76,-5.4345,-7.6049,-0.38932,-0.53166,-0.30621,-19.308,-5.0309,0.74026,-0.29268,-0.74853,-13.826,-12.522,3.5763,-21.428,-18.602,8.8095,-0.47059,-1.0021,0.19612,-5.7894,-40.342,-10.904,12
-13.104,-2.8782,-4.0696,-0.26374,-0.29723,0.20565,-19.244,1.3211,0.74026,-0.29268,-0.74853,18.011,-14.859,13.353,-21.295,-18.457,4.3063,-0.47059,-1.0021,0.19612,-0.22481,-40.434,21.699,12
-4.1516,-2.5205,-1.5953,-0.28048,-0.34746,-0.80308,-19.222,5.5726,0.70872,-0.3546,-0.76424,61.754,-48.874,23.352,-21.38,-13.146,5.3844,-0.47059,-1.0021,0.19612,-8.5949,2.2671,36.629,12
2.0339,-0.68707,2.054,3.0434,2.1392,-0.70328,-14.203,12.408,0.70872,-0.3546,-0.76424,88.053,-63.449,31.197,-21.429,-8.3491,6.093,-0.48039,-0.98973,0.21121,-1.2886,-3.1852,6.8653,12
6.3998,2.2338,1.201,-1.0508,-0.83307,2.2329,0.72672,-4.5559,0.70872,-0.3546,-0.76424,56.312,-99.095,24.251,-10.708,-3.6684,3.1603,-0.48039,-0.98973,0.21121,1.8345,-31.989,-2.8925,12
5.0758,1.2611,2.1977,-0.23025,-0.20094,18.597,-7.5582,-15.223,0.70872,-0.3546,-0.76424,-6.5269,-96.999,0.95623,0.18103,-1.0136,0.63682,-0.48039,-0.98973,0.21121,1.6018,-19.357,7.8068,12
0.31869,-0.78283,0.82428,-0.30141,-0.23862,17.341,1.5042,0.91529,0.56215,-0.48968,-0.82122,-5.0434,70.509,-6.3762,7.2262,2.0943,-0.57237,-0.48039,-0.98973,0.21121,2.0878,11.291,24.117,12
-1.4099,-1.2245,-0.17336,-0.25118,-0.1842,-5.4479,-4.8866,4.4095,0.56215,-0.48968,-0.82122,23.541,208.76,3.5022,9.0143,4.4936,-0.6399,-0.49216,-0.98768,0.22845,2.2678,29.298,28.272,12
-1.9103,-0.95028,0.18816,-0.25118,-0.2135,-8.8054,0.99208,5.1491,0.56215,-0.48968,-0.82122,38.862,20.896,10.269,8.401,4.2854,-0.46281,-0.49216,-0.98768,0.22845,5.1685,32.106,3.3924,12
-1.4185,-0.79398,-0.8083,-0.18001,-0.14652,-1.4227,-0.49316,3.159,0.6679,-0.54409,-0.67191,60.151,-26.106,10.602,6.1481,3.5887,-0.13307,-0.49216,-0.98768,0.22845,10.798,20.533,-41.145,12
-0.10379,-0.36624,0.15651,-0.1214,-0.083726,-3.4951,-1.814,2.7598,0.6679,-0.54409,-0.67191,76.031,-11.586,16.777,2.7429,1.9791,-0.088544,-0.48039,-0.99179,0.21552,9.9168,4.2476,-73.49,12
1.3447,0.4436,0.41887,-0.087912,-0.07954,-3.6895,-2.5855,-1.1245,0.6679,-0.54409,-0.67191,73.877,-39.087,16.374,-1.3219,1.3096,-1.0387,-0.48039,-0.99179,0.21552,8.962,-1.4697,-83.561,12
2.1217,0.48185,0.40126,0.041863,0.016745,2.3168,-2.9801,-3.9488,0.6679,-0.54409,-0.67191,60.152,-51.794,10.57,-4.3206,-0.13934,-0.93405,-0.48039,-0.99179,0.21552,3.3873,-2.3812,-71.389,12
0.99024,0.48821,-0.35606,0.075353,0.025118,3.2557,-1.1613,-7.2234,0.59184,-0.65666,-0.60511,38.663,15.026,4.8485,-5.7512,-0.35841,0.15916,-0.48039,-0.99179,0.21552,-4.3224,-1.3559,-49.17,12
0.49885,0.30985,-0.18264,0.13815,0.11303,-1.514,-0.44567,-6.9437,0.59184,-0.65666,-0.60511,11.641,18.232,3.0481,-5.7614,-0.80353,0.64732,-0.3902,-1.0226,0.21983,-9.348,-1.2319,-23.64,12
-1.0436,0.16135,-0.0065315,0.012559,0.0083726,1.9921,0.0893,-9.8819,0.59184,-0.65666,-0.60511,-18.449,11.928,1.2598,-4.5102,-1.4219,0.81432,-0.3902,-1.0226,0.21983,-11.193,-6.2237,1.6434,12
-1.3802,-0.6851,-2.5669,-0.016745,0.012559,-0.82541,-0.93988,-3.8886,0.59926,-0.69794,-0.55992,-37.949,20.013,1.4247,-2.3498,-1.5383,1.1731,-0.3902,-1.0226,0.21983,-9.2438,-8.7591,22.285,12
-4.5856,-0.013747,-1.1907,0.0083726,0.062794,6.7611,2.7299,-18.098,0.59926,-0.69794,-0.55992,-53.003,-10.846,-8.211,-0.90717,-1.9312,0.88261,-0.4,-1.0287,0.20905,-5.3003,-9.3865,36.089,12
-12.821,4.6643,-0.46442,0.025118,0.054422,19.575,-19.328,-18.948,0.59926,-0.69794,-0.55992,-234.27,43.994,-37.024,0.0050471,-2.015,0.50342,-0.4,-1.0287,0.20905,2.6102,-8.2777,45.983,12
-21.641,-9.8904,-16.438,0.23443,0.22187,-7.7074,-10.28,3.6693,0.59926,-0.69794,-0.55992,-80.222,244.29,-3.4359,-1.3269,-2.5791,1.0898,-0.4,-1.0287,0.20905,11.579,-9.0626,49.059,12
-21.945,4.8122,-16.293,-0.10884,-0.050235,10.851,-19.182,0.61816,0.69573,-0.54221,-0.69941,-55.855,-99.074,-45.511,-3.5619,-3.119,1.1045,-0.4,-1.0287,0.20905,18.383,-10.882,37.3,12
-21.916,3.8856,-5.4292,-0.058608,0.020931,-10.412,-19.31,-1.3301,0.69573,-0.54221,-0.69941,-41.129,66.099,-24.947,-11.244,-4.5932,2.6766,-0.45882,-0.98973,0.24569,21.682,-4.1723,3.7245,12
-21.887,1.4093,-14.336,-0.1214,-0.046049,1.3935,-7.6162,-11.127,0.69573,-0.54221,-0.69941,-68.762,-36.377,-30.44,-21.399,-10.814,5.5739,-0.45882,-0.98973,0.24569,25.115,-1.9361,-23.305,12
-21.871,1.1248,-16.172,-0.14652,0.012559,7.2649,-4.713,-11.892,0.75325,-0.38649,-0.778,-24.844,5.5695,-8.2168,-21.363,-18.663,6.6606,-0.45882,-0.98973,0.24569,27.107,-18.212,-15.521,12
-21.85,0.59718,-9.8515,1.9299,1.3522,5.4268,-4.5647,-12.903,0.75325,-0.38649,-0.778,21.78,-3.3371,2.0509,-21.35,-18.661,5.8794,-0.42941,-0.99589,0.29741,28.624,-10.088,18.002,12
-21.865,0.3049,-8.9199,-0.55678,-0.20513,3.0584,-12.824,-12.09,0.75325,-0.38649,-0.778,55.791,9.1669,17.552,-21.398,-15.027,6.2903,-0.42941,-0.99589,0.29741,6.8937,7.145,49.886,12
-14.687,-1.5059,-6.525,-0.54422,-0.42282,3.5192,-19.319,-7.1912,0.74212,-0.43715,-0.72102,94.302,8.2313,27.469,-21.383,-15.856,7.3843,-0.42941,-0.99589,0.29741,-1.5246,-8.8285,41.213,12
-3.146,-2.2936,-0.048529,-0.59864,-0.49817,2.612,-19.268,-3.9893,0.74212,-0.43715,-0.72102,131.98,8.7719,35.079,-21.349,-13.226,5.3804,-0.42941,-0.99589,0.29741,4.8985,-30.797,10.514,12
3.7746,-2.3655,2.9555,-0.45212,-0.28048,0.29366,-19.165,10.201,0.74212,-0.43715,-0.72102,187.6,5.0965,52.33,-12.163,-6.8198,2.0236,-0.46667,-0.96715,0.32112,7.3731,-16.734,-14.487,12
10.464,0.54617,0.29126,-0.41444,-0.26792,-0.57695,-8.7649,-4.2148,0.74212,-0.43715,-0.72102,116.98,-116.58,53.66,-7.2724,-2.2882,0.17726,-0.46667,-0.96715,0.32112,1.6313,19.501,-26.516,12
10.484,2.0424,0.18382,-0.33909,-0.22606,19.474,-5.5496,-18.322,0.63822,-0.70356,-0.54813,79.72,-198.96,2.1268,-5.02,0.13621,-0.37861,-0.46667,-0.96715,0.32112,-6.4086,23.412,-24.55,12
2.8315,1.3536,-0.20449,-0.20094,-0.03349,19.403,-0.22048,-18.088,0.63822,-0.70356,-0.54813,34.118,82.595,-24.163,-1.4224,2.7084,-0.15624,-0.45098,-0.9692,0.33836,-11.662,0.78962,-5.2953,12
-2.1196,1.4369,-1.3654,-0.12559,0.012559,-19.138,0.61177,-8.1295,0.63822,-0.70356,-0.54813,-17.105,111.36,4.5676,4.9623,3.5474,-1.2601,-0.45098,-0.9692,0.33836,-13.084,-15.81,21.196,12
-3.0143,1.2201,-0.78493,0.0,0.083726,-3.1752,-1.7035,-6.9815,0.61967,-0.72795,-0.49902,-50.035,-68.124,-10.872,7.9122,3.0657,-1.43,-0.45098,-0.9692,0.33836,-10.444,-3.1073,23.649,12
-3.3147,0.58271,-0.97914,0.1214,0.1214,-0.15607,-1.2535,-2.5747,0.61967,-0.72795,-0.49902,-66.873,-45.937,-9.17,8.1917,2.0293,-1.0652,-0.45098,-0.9692,0.33836,-1.6576,13.772,-3.781,12
-1.7726,0.2471,-0.21987,0.17582,0.20931,0.092334,-1.7391,0.35147,0.61967,-0.72795,-0.49902,-72.385,-26.249,-5.9377,5.3936,0.25461,-0.53935,-0.45098,-0.9692,0.33836,6.029,28.398,-39.875,12
0.70679,-0.49092,1.3137,-0.020931,0.062794,0.89298,-1.0442,1.5192,0.61967,-0.72795,-0.49902,-73.558,8.2585,-2.9404,0.21603,-1.095,-0.50267,-0.45098,-0.9692,0.33836,10.692,27.947,-62.159,12
1.8438,-0.77496,1.5618,-0.18001,-0.071167,-1.0691,-1.1966,3.117,0.61781,-0.60413,-0.65029,-71.085,26.032,-1.1474,-4.0155,-2.0513,-0.13382,-0.45098,-0.9692,0.33836,9.5986,8.3333,-64.512,12
0.83807,-0.48929,1.2823,-0.03349,0.03349,-0.40693,-0.41726,4.8084,0.61781,-0.60413,-0.65029,-54.868,28.622,-0.19897,-4.3434,-1.5271,-0.71177,-0.41373,-1.0144,0.28879,2.2451,-8.8786,-50.769,12
-0.2153,-0.34591,0.032026,0.10884,0.10466,0.61995,0.92849,3.7401,0.61781,-0.60413,-0.65029,-38.44,43.504,-0.24343,-2.745,-0.41031,-1.0309,-0.41373,-1.0144,0.28879,-9.1878,-3.1564,-34.448,12
-0.64959,-0.34877,-0.1156,0.13396,0.15071,-0.92437,0.40581,5.9277,0.66976,-0.53096,-0.69941,-20.254,45.524,1.2485,-2.0263,-0.29025,-0.024929,-0.41373,-1.0144,0.28879,-17.181,5.4139,-20.253,12
0.19781,0.21055,-0.65474,0.025118,0.016745,-4.2809,-1.6732,5.9464,0.66976,-0.53096,-0.69941,3.8738,28.585,3.2442,-2.8924,-0.30484,1.516,-0.37843,-1.0246,0.27586,-17.434,-1.9408,-11.882,12
-0.32268,1.4877,-0.60295,-0.26792,-0.12559,-3.8512,-2.6718,6.0883,0.66976,-0.53096,-0.69941,17.92,-22.565,4.3405,-1.4222,-0.16206,1.794,-0.37843,-1.0246,0.27586,-11.259,-12.81,-3.7072,12
-8.0269,0.8413,4.8126,-0.28048,-0.19676,5.6537,1.1961,-14.05,0.66976,-0.53096,-0.69941,13.82,-65.092,-3.3773,0.47796,0.15018,1.0179,-0.37843,-1.0246,0.27586,-3.6614,-7.0739,-3.2516,12
-21.794,-3.7185,-6.5136,-0.33909,-0.16327,19.768,-17.564,1.0278,0.66976,-0.53096,-0.69941,-199.69,-44.242,-34.525,-0.44334,-0.035434,1.4566,-0.37843,-1.0246,0.27586,2.2177,6.3297,-0.018943,12
-21.911,2.118,-16.536,1.0968,0.75772,-17.958,-19.118,22.865,0.66976,-0.53096,-0.69941,-51.518,192.26,26.525,-4.8114,-1.757,3.2976,-0.37255,-1.0452,0.26724,6.0084,8.3826,9.4226,12
-21.806,-2.1017,-10.631,0.56515,0.5484,17.687,-19.163,-2.4584,0.66976,-0.53096,-0.69941,-38.474,-83.468,-41.253,-12.896,-3.9214,5.856,-0.37255,-1.0452,0.26724,7.7833,-11.618,7.4921,12
-21.796,-3.106,-12.206,-0.59027,-0.54003,-4.914,-19.344,-7.683,0.71429,-0.36961,-0.778,-15.458,90.98,-20.225,-21.526,-9.5295,10.055,-0.37255,-1.0452,0.26724,10.687,-26.435,-19.378,12
-21.754,-4.1943,-11.42,-0.59445,-0.58189,-1.6099,-19.306,-5.8043,0.71429,-0.36961,-0.778,-31.842,-43.351,-9.6079,-21.508,-16.266,10.364,-0.36471,-1.0185,0.29526,10.107,-30.598,-37.037,12
-21.734,-2.6906,-8.2316,-0.70748,-0.68237,5.9207,-19.295,-4.7806,0.71429,-0.36961,-0.778,4.2912,-5.1805,-4.6516,-21.465,-16.155,9.536,-0.36471,-1.0185,0.29526,4.2357,-7.3102,-18.976,12
-9.0165,-1.1955,-5.6234,-0.4898,-0.34746,-2.6771,-19.28,-2.2929,0.74212,-0.34146,-0.74263,32.433,-32.985,13.967,-21.458,-13.908,8.2317,-0.36471,-1.0185,0.29526,-9.0596,9.6588,13.08,12
-2.3813,-0.62973,-0.01457,-0.25536,-0.30979,0.3491,-17.813,3.8316,0.74212,-0.34146,-0.74263,53.262,-26.955,29.652,-21.414,-12.387,6.2556,-0.36471,-1.0185,0.29526,-13.95,-12.564,18.258,12
5.835,0.16909,3.0678,-0.3056,-0.23443,-0.45391,-14.748,11.289,0.74212,-0.34146,-0.74263,76.057,-11.77,33.95,-17.185,-8.6261,2.3916,-0.3549,-1.0287,0.30388,-11.2,-24.833,28.183,12
6.3812,0.63835,2.1417,-0.20094,-0.14652,-1.6865,-1.523,-1.8013,0.74212,-0.34146,-0.74263,54.823,-45.502,25.765,-6.0067,-4.4994,-0.94372,-0.3549,-1.0287,0.30388,-9.4502,6.5107,42.706,12
4.3392,0.71635,2.4013,-0.10047,-0.029304,11.295,-6.993,-12.174,0.67718,-0.50657,-0.7053,-6.2859,-64.708,4.9575,-0.73955,0.53141,-1.8588,-0.3549,-1.0287,0.30388,-13.221,42.395,52.019,12
-0.62867,0.62561,1.4563,0.054422,0.15071,19.518,4.5168,-0.79773,0.67718,-0.50657,-0.7053,-16.768,77.232,-6.6419,0.077208,3.1504,0.042938,-0.39412,-1.0144,0.24353,-23.144,37.472,58.007,12
-1.6811,-1.3005,1.0935,0.071167,0.10884,-6.5227,-8.1189,5.9351,0.67718,-0.50657,-0.7053,-2.1901,260.57,6.8176,7.5399,2.4286,6.861,-0.39412,-1.0144,0.24353,-22.695,28.518,52.33,12
-2.9446,-2.7687,0.19292,-0.03349,-0.0041863,-20.509,-1.6652,9.7221,0.76994,-0.52158,-0.56582,13.291,33.812,14.259,3.5676,1.0506,7.0629,-0.39412,-1.0144,0.24353,-3.4243,16.633,26.48,12
-1.5924,-1.6934,-0.94188,-0.041863,0.092098,-2.2677,-0.13029,6.7729,0.76994,-0.52158,-0.56582,49.146,-90.95,22.437,5.819,1.9339,1.3884,-0.39412,-1.0144,0.24353,5.1462,-6.0245,1.6072,12
0.63506,0.065323,-0.84675,-0.062794,0.020931,-2.1949,-1.4502,1.5097,0.76994,-0.52158,-0.56582,81.427,-49.255,29.456,6.4796,0.30578,-0.42221,-0.45882,-0.99795,0.21983,3.6926,-7.7616,-28.368,12
1.4832,1.5953,-0.46695,0.050235,0.10047,-1.5306,-2.67,-1.6488,0.76994,-0.52158,-0.56582,86.852,-70.777,29.129,4.8758,-0.28431,-1.4309,-0.45882,-0.99795,0.21983,2.8842,1.162,-62.409,12
0.54836,0.86466,-0.059023,0.13815,0.16327,2.4842,-2.0764,-4.6727,0.66234,-0.66604,-0.55796,80.923,-70.901,22.179,0.92756,-1.7168,-1.6796,-0.45882,-0.99795,0.21983,-2.4284,8.5027,-77.751,12
-0.96311,0.17571,-0.35261,0.037677,0.046049,5.1703,-1.8256,-9.2896,0.66234,-0.66604,-0.55796,52.619,-45.847,14.991,-3.065,-2.1778,-1.7756,-0.39608,-1.039,0.20259,-8.2159,4.2655,-71.687,12
-1.0328,0.12582,-0.48341,-0.15071,-0.058608,6.5117,0.35816,-10.719,0.66234,-0.66604,-0.55796,21.061,14.285,7.9496,-5.0151,-2.1412,-1.1175,-0.39608,-1.039,0.20259,-13.114,-0.85629,-44.297,12
-0.94317,0.18874,-0.62512,-0.17582,-0.13396,1.6213,-0.0042676,-10.328,0.58813,-0.76173,-0.50884,-11.095,43.047,2.8217,-4.3541,-1.9787,-0.86977,-0.39608,-1.039,0.20259,-14.243,-5.9753,-12.86,12
-3.9252,0.80336,-0.42243,-0.26374,-0.20094,3.2385,0.75206,-4.9925,0.58813,-0.76173,-0.50884,-33.375,8.2237,-6.6297,-2.9217,-1.6174,-0.73712,-0.39608,-1.039,0.20259,-11.028,-7.5977,9.6027,12
-12.499,1.2105,-3.2489,0.15071,0.24699,19.424,-2.3999,-18.207,0.58813,-0.76173,-0.50884,-188.21,-152.61,-31.939,-1.3728,-1.4144,-0.4353,-0.36471,-1.0719,0.17672,-3.6773,-8.6611,19.508,12
-21.805,-2.6732,-13.072,2.315,2.0931,-2.0082,-19.017,23.019,0.64193,-0.63039,-0.65029,-138.99,254.23,-24.005,-0.57963,-1.1463,0.36977,-0.36471,-1.0719,0.17672,5.156,-5.046,26.868,12
-21.989,6.031,-15.994,-0.97959,-0.77028,-13.328,-15.867,5.4276,0.64193,-0.63039,-0.65029,-69.359,21.244,-34.612,-2.1676,-1.4028,0.72153,-0.36471,-1.0719,0.17672,13.55,8.4531,24.013,12
-21.952,5.1913,-9.7644,-0.44793,-0.40188,-0.23937,-19.261,-1.3613,0.64193,-0.63039,-0.65029,-34.235,-39.841,-32.106,-8.1662,-3.6159,1.413,-0.38824,-1.0329,0.18966,17.335,27.965,0.78908,12
-21.933,4.713,-12.428,-0.47724,-0.43119,-3.3125,-19.345,-7.7399,0.64193,-0.63039,-0.65029,-53.293,18.698,-16.581,-21.353,-10.514,3.5993,-0.38824,-1.0329,0.18966,16.931,41.359,-21.375,12
-21.906,0.3391,-16.422,-0.45631,-0.44375,6.5836,-3.5802,-9.509,0.76252,-0.51407,-0.66994,-35.021,7.6897,-11.931,-21.327,-16.523,4.7364,-0.38824,-1.0329,0.18966,17.057,0.11278,-7.9632,12
-21.832,-0.32182,-13.892,-0.38514,-0.36421,5.1785,1.56,-15.287,0.76252,-0.51407,-0.66994,11.442,5.0232,-8.3599,-21.26,-18.708,3.2209,-0.38824,-1.0329,0.18966,16.404,-29.276,10.729,12
-21.839,1.0614,-9.7992,-0.47724,-0.48561,2.846,-10.782,-10.875,0.76252,-0.51407,-0.66994,41.848,-17.666,6.9876,-21.263,-16.032,2.7817,-0.35686,-1.0534,0.22629,5.7735,-15.11,37.451,12
-18.392,1.4068,-7.5576,-0.20094,-0.23443,3.7011,-19.312,-8.3869,0.73284,-0.49906,-0.68566,88.225,-1.2492,19.46,-21.297,-17.048,4.2414,-0.35686,-1.0534,0.22629,-9.6205,7.4305,43.777,12
-10.598,0.10544,-5.9905,-0.096285,-0.03349,0.45431,-19.323,-6.5449,0.73284,-0.49906,-0.68566,121.77,-18.832,26.469,-21.308,-17.585,5.4541,-0.35686,-1.0534,0.22629,-9.0874,-29.031,27.906,12
-2.8765,-0.11199,-0.76797,-0.054422,-0.1214,-1.0288,-19.264,0.30775,0.73284,-0.49906,-0.68566,155.7,-31.282,44.529,-21.338,-15.38,5.0435,-0.40784,-1.0144,0.24569,-3.9999,-94.783,9.5321,12
5.5048,0.01294,2.1906,0.12977,0.037677,-3.37,-13.993,-10.181,0.73284,-0.49906,-0.68566,153.5,-43.737,57.974,-12.083,-10.687,2.3302,-0.40784,-1.0144,0.24569,-4.4729,-88.223,-6.4274,12
8.5602,2.2937,1.417,-0.020931,-0.016745,12.532,-5.2333,-18.376,0.63451,-0.7636,-0.47741,104.67,-200.86,37.0,-2.825,-6.1678,0.22286,-0.40784,-1.0144,0.24569,-4.6789,-54.964,-20.122,12
7.2004,1.5977,0.96485,0.15908,0.18001,19.424,0.90045,-16.886,0.63451,-0.7636,-0.47741,38.314,-58.732,-13.599,2.2131,-1.6589,-0.88503,-0.40784,-1.0144,0.24569,-7.3562,-17.483,-13.33,12
1.4129,0.06132,-0.67869,0.046049,0.12977,-6.9063,-3.26,-8.18,0.63451,-0.7636,-0.47741,-5.9661,192.54,-5.7021,7.7428,2.5838,-2.6208,-0.36078,-1.0226,0.28448,-11.97,5.88,13.42,12
-1.8928,0.19576,-1.2666,0.16745,0.18838,-4.0039,1.024,-6.5097,0.60297,-0.79737,-0.4224,-51.802,43.637,-18.159,10.786,4.1742,-2.583,-0.36078,-1.0226,0.28448,-14.164,37.821,29.302,12
-3.0294,-1.0541,-0.65276,0.30979,0.32653,0.1534,-2.0302,-3.0166,0.60297,-0.79737,-0.4224,-69.08,45.094,-19.849,7.6739,3.7396,-1.0422,-0.36078,-1.0226,0.28448,-10.403,54.84,10.796,12
-3.0301,-1.0218,-0.84986,0.15489,0.15071,-1.7729,-2.0473,-0.76593,0.60297,-0.79737,-0.4224,-68.083,73.525,-16.978,4.5063,2.8185,0.84926,-0.39804,-1.0123,0.23922,-1.3603,43.502,-25.011,12
-1.386,-0.39461,0.70133,0.025118,0.10047,-2.8899,-1.0116,0.81635,0.60297,-0.79737,-0.4224,-65.212,68.909,-16.412,0.32582,0.96152,0.15224,-0.39804,-1.0123,0.23922,8.0975,19.806,-62.13,12
0.17934,-0.38118,0.92359,-0.071167,0.0083726,-4.4874,-1.2567,2.0485,0.67718,-0.69981,-0.44401,-59.251,27.565,-16.551,-1.1218,0.34611,-1.3889,-0.39804,-1.0123,0.23922,10.665,-10.72,-81.268,12
-0.42165,-1.1398,0.42374,-0.16745,-0.10466,-1.5463,-0.3647,2.1434,0.67718,-0.69981,-0.44401,-47.212,-21.73,-14.711,-2.1085,-1.1666,-1.6625,-0.39804,-1.0123,0.23922,4.8082,-21.874,-77.302,12
-1.4803,-0.73027,-0.17099,-0.27211,-0.18838,-0.83726,-0.25963,2.7495,0.67718,-0.69981,-0.44401,-35.582,-26.066,-11.293,-2.332,-1.6738,-1.3754,-0.32157,-1.0678,0.23276,-4.6622,0.56777,-56.778,12
-1.033,-0.36995,-0.40172,2.9513,2.3066,0.62164,0.40014,3.3804,0.70501,-0.61914,-0.53438,-20.034,-33.011,-12.112,-3.2771,-1.6123,-0.22645,-0.32157,-1.0678,0.23276,-11.216,27.423,-27.574,12
0.48353,0.066014,-0.057217,-1.147,-0.80377,0.79627,0.19068,1.2467,0.70501,-0.61914,-0.53438,-10.663,-18.242,-11.581,-5.6716,-1.6008,1.92,-0.32157,-1.0678,0.23276,-13.134,33.142,-2.0381,12
0.043288,-0.14421,-1.6972,-0.33072,-0.25118,1.9495,0.7297,-2.2774,0.70501,-0.61914,-0.53438,-7.2083,-26.9,-12.43,-4.7356,-1.3038,2.6223,-0.27843,-1.0719,0.18966,-8.9475,2.918,10.622,12
-5.6497,0.16337,-0.77477,-0.33909,-0.25955,6.9912,3.2253,-18.06,0.69759,-0.5591,-0.62672,-13.63,-61.515,-14.985,-1.4089,-0.45221,1.7795,-0.27843,-1.0719,0.18966,-3.9023,-13.206,18.466,12
-17.613,0.34873,-6.0212,-0.35165,-0.18001,19.477,-19.023,17.483,0.69759,-0.5591,-0.62672,-101.91,1.2026,-38.522,0.30539,-0.84897,1.1034,-0.27843,-1.0719,0.18966,0.69014,-2.7994,29.284,12
-21.928,3.4898,-16.36,-0.23862,-0.20513,-5.4171,-19.131,14.666,0.69759,-0.5591,-0.62672,-8.7722,51.831,9.6138,-1.2803,-1.8504,1.9596,-0.27843,-1.0719,0.18966,5.1682,14.124,38.229,12
-21.916,2.3491,-14.399,-0.17582,-0.23443,-0.90957,-19.218,0.030028,0.69759,-0.5591,-0.62672,-17.339,29.164,0.34373,-5.0954,-3.8753,2.4729,-0.31176,-1.078,0.21336,9.3059,32.924,34.875,12
-22.004,3.7296,-14.159,-0.020931,-0.10466,-6.6917,-19.212,6.5141,0.73098,-0.46717,-0.66012,-28.709,62.305,-11.737,-19.246,-8.8917,5.8262,-0.31176,-1.078,0.21336,13.819,53.307,8.7686,12
-21.825,-1.6587,-10.497,-0.029304,-0.096285,-15.674,-19.328,-6.1023,0.73098,-0.46717,-0.66012,-34.58,-32.865,-20.625,-21.374,-14.766,6.3763,-0.31176,-1.078,0.21336,22.341,7.9292,-1.4375,12
-21.845,-1.209,-7.0035,-0.15908,-0.1214,16.647,-19.244,-5.6082,0.73098,-0.46717,-0.66012,-13.92,-69.402,-17.354,-21.329,-17.698,5.188,-0.36863,-1.0513,0.2069,22.048,-39.349,7.3326,12
-21.837,-1.5627,-5.9722,-0.1214,-0.27211,5.6015,-14.909,-5.7832,0.7718,-0.39587,-0.69548,30.5,-6.727,0.17877,-21.313,-16.461,4.9061,-0.36863,-1.0513,0.2069,13.819,-0.46948,3.1692,12
-8.3827,-1.0692,-3.4857,0.054422,0.025118,1.2482,-12.855,-2.3178,0.7718,-0.39587,-0.69548,65.67,-43.226,19.177,-21.351,-14.983,5.6779,-0.36863,-1.0513,0.2069,-2.6042,8.8795,32.35,12
1.7567,-1.9745,3.2434,-0.13396,-0.23443,4.3133,-17.278,3.8459,0.7718,-0.39587,-0.69548,74.673,-25.701,31.953,-21.392,-9.8863,5.3703,-0.36863,-1.0513,0.2069,-15.662,-22.218,67.418,12
9.6818,-3.7888,1.6906,-0.092098,-0.10047,2.2092,-12.961,5.9157,0.7718,-0.39587,-0.69548,82.774,4.1264,38.707,-12.516,-6.9647,4.5268,-0.38039,-1.037,0.22629,-20.2,-45.101,79.469,12
12.998,1.1212,-0.13067,0.029304,-0.0083726,3.1113,-0.88284,-7.0964,0.69573,-0.56098,-0.65226,37.963,-59.279,16.139,-0.80318,-4.5604,2.9595,-0.38039,-1.037,0.22629,-6.2005,-45.546,67.118,12
9.3449,3.9678,1.4518,0.17582,0.16327,8.3265,-2.4212,-5.4857,0.69573,-0.56098,-0.65226,-9.3636,-35.686,-0.75457,8.7694,-1.1427,0.73453,-0.38039,-1.037,0.22629,17.996,-13.691,46.345,12
-1.0924,3.1052,2.5321,0.1842,0.23443,14.975,-2.7032,2.9521,0.69573,-0.56098,-0.65226,-17.784,13.939,-8.8746,9.7784,2.4756,0.56128,-0.43725,-0.99179,0.26078,36.74,29.469,25.35,12
-5.6157,-1.031,-0.49279,0.03349,0.071167,-7.116,-4.6315,4.1764,0.66419,-0.57036,-0.63851,11.977,162.45,3.908,7.1593,3.5683,-1.1653,-0.43725,-0.99179,0.26078,39.3,34.13,4.0548,12
-4.465,-2.0021,-2.2328,-0.11722,-0.10884,-12.285,-1.1171,6.113,0.66419,-0.57036,-0.63851,29.727,-56.444,7.9064,7.8333,4.9059,-2.411,-0.43725,-0.99179,0.26078,30.563,22.234,-32.824,12
-2.8196,-0.43542,-0.69182,-0.16327,-0.092098,-0.11659,-0.34381,1.2629,0.66419,-0.57036,-0.63851,49.494,-49.486,4.8441,4.5418,4.2984,-2.1601,-0.43725,-0.99179,0.26078,15.604,16.415,-67.0,12
-1.2114,0.97312,0.46653,-0.29723,-0.13815,-3.64,0.85269,0.12082,0.66419,-0.57036,-0.63851,51.091,-10.052,11.777,0.68101,1.9498,-2.0171,-0.44902,-1.0,0.31681,-1.0384,3.8801,-84.897,12
1.2139,1.4239,0.23342,2.8132,1.9508,0.76091,-1.2943,-0.71335,0.66419,-0.57036,-0.63851,43.73,-19.887,10.435,-4.0142,-0.31755,-1.7555,-0.44902,-1.0,0.31681,-11.175,-4.361,-84.295,12
1.829,0.97354,-0.57554,-1.0173,-0.75353,5.4531,-3.1068,-4.7362,0.66419,-0.57036,-0.63851,36.472,-6.9702,5.6895,-7.0071,-1.6887,-0.86568,-0.44902,-1.0,0.31681,-17.49,-25.5,-62.911,12
0.5195,1.2978,-1.9885,-0.27211,-0.21769,0.83164,-1.1568,-6.7683,0.66419,-0.57036,-0.63851,16.331,13.048,3.1504,-5.858,-2.1037,-0.3656,-0.34706,-1.0513,0.28879,-20.53,-24.238,-30.493,12
-2.3477,0.72041,-0.65095,-0.34328,-0.30979,4.9025,1.9508,-10.864,0.64007,-0.69606,-0.52063,-16.198,4.3822,-1.5958,-4.7374,-2.4294,0.055611,-0.34706,-1.0513,0.28879,-18.775,-10.309,2.9767,12
-3.3549,0.065941,-2.8783,-0.35583,-0.31816,-0.75547,1.1752,-14.168,0.64007,-0.69606,-0.52063,-53.35,60.167,3.3513,-2.8802,-1.8604,0.95906,-0.34706,-1.0513,0.28879,-12.019,0.94375,27.909,12
-7.5385,-1.8643,-1.9152,-0.25536,-0.17164,14.095,4.1669,-17.963,0.64007,-0.69606,-0.52063,-98.215,-22.504,-11.375,-1.8107,-1.435,1.5012,-0.34706,-1.0513,0.28879,-3.6838,8.639,43.522,12
-20.969,1.4789,-2.1932,-0.26374,-0.2135,6.5841,-19.152,6.6083,0.68275,-0.62664,-0.64833,-167.17,45.525,-35.496,-2.3641,-2.0385,2.1481,-0.3451,-1.0349,0.25216,5.373,-1.297,57.16,12
-21.727,-7.5995,-17.337,-0.19676,-0.28467,-7.3413,-3.5637,0.0609,0.68275,-0.62664,-0.64833,-66.908,62.687,-14.007,-2.1529,-2.7067,2.3334,-0.3451,-1.0349,0.25216,15.862,-11.668,65.055,12
-21.901,2.128,-16.524,-0.0083726,-0.062794,19.851,-19.07,7.9013,0.68275,-0.62664,-0.64833,-37.036,-40.547,-47.05,-5.4556,-3.8586,3.1404,-0.3451,-1.0349,0.25216,24.777,0.11359,54.285,12
-21.983,5.7137,-10.528,0.016745,0.012559,-11.05,-19.377,-6.0064,0.68275,-0.62664,-0.64833,4.0961,188.95,-28.234,-19.695,-7.5167,6.3325,-0.41961,-1.0021,0.28233,29.388,30.369,17.252,12
-21.807,-2.0799,-15.84,-0.016745,-0.12977,-10.916,-4.5325,-18.596,0.78664,-0.4728,-0.62672,-29.655,-28.694,1.7458,-21.464,-14.67,8.0165,-0.41961,-1.0021,0.28233,31.313,7.4711,-1.9755,12
-21.776,-4.6167,-12.637,-0.054422,-0.17164,11.691,-5.0567,-15.573,0.78664,-0.4728,-0.62672,53.444,-17.048,-0.46549,-21.459,-18.635,10.527,-0.41961,-1.0021,0.28233,24.848,-46.638,7.1005,12
-19.375,-0.94634,-6.5589,-0.17164,-0.25118,2.371,-19.366,-11.861,0.78664,-0.4728,-0.62672,118.39,-9.0738,18.646,-21.386,-16.822,6.7943,-0.41961,-1.0021,0.28233,5.5874,-33.719,27.525,12
-8.1934,-0.93525,-1.5368,-0.15489,-0.16327,-0.17773,-19.363,-10.605,0.75325,-0.55535,-0.61297,167.53,-41.125,47.421,-21.421,-14.245,7.4544,-0.41765,-0.97741,0.36207,-18.353,13.883,26.931,12
3.3077,2.2907,4.543,-0.12559,-0.22606,-0.92968,-19.237,1.0601,0.75325,-0.55535,-0.61297,240.42,16.495,78.576,-21.41,-12.282,6.7505,-0.41765,-0.97741,0.36207,-25.889,-3.6159,11.793,12
13.443,5.6291,2.0435,0.12559,0.10884,2.4952,-7.7587,-18.446,0.75325,-0.55535,-0.61297,174.12,-123.03,50.417,-11.584,-7.8824,2.7621,-0.41765,-0.97741,0.36207,-26.199,-34.65,-6.6757,12
17.618,2.9444,-2.0718,0.17164,0.10884,19.542,-12.612,-18.654,0.75325,-0.55535,-0.61297,76.46,-78.563,-9.5459,2.755,-3.397,-0.7011,-0.4451,-0.97741,0.32759,-18.444,-13.157,-9.2626,12
6.4653,1.4821,-2.3508,-0.15071,-0.041863,-2.5087,3.6658,-16.592,0.56401,-0.81051,-0.44597,-6.7546,164.47,2.5308,9.3925,2.2284,-2.1594,-0.4451,-0.97741,0.32759,-7.8068,27.217,9.68,12
-6.1377,1.8323,0.53333,-0.19257,-0.0083726,3.4286,6.9949,-12.387,0.56401,-0.81051,-0.44597,-91.718,11.376,-17.327,9.5095,5.3457,-1.4306,-0.4451,-0.97741,0.32759,-7.4986,40.09,26.886,12
-7.3762,-0.38244,-2.466,-0.2763,-0.18838,-1.8684,-3.4417,-4.5658,0.56401,-0.81051,-0.44597,-121.28,21.396,-24.628,7.8695,5.1563,-1.3672,-0.4451,-0.97741,0.32759,-7.7802,29.881,3.8777,12
-5.0413,-1.4706,-0.40604,0.17164,0.16327,-2.4198,-6.9003,-0.9213,0.62894,-0.7242,-0.46955,-127.82,-4.9603,-23.368,7.2942,4.8823,-1.7663,-0.45294,-0.98973,0.27586,-7.5601,15.98,-42.91,12
-1.9629,-0.34151,0.87453,2.5788,2.3569,-3.7837,-4.5672,-0.28703,0.62894,-0.7242,-0.46955,-120.84,27.63,-15.32,2.5614,2.8966,-2.3448,-0.45294,-0.98973,0.27586,-12.65,9.7241,-74.718,12
-0.0084845,-0.080824,1.0033,-0.94192,-0.72004,-7.3894,-5.2491,4.7886,0.62894,-0.7242,-0.46955,-113.13,-17.034,-13.729,-1.5984,0.29848,-2.1517,-0.45294,-0.98973,0.27586,-20.449,1.7834,-78.044,12
1.9933,-1.6866,-0.057054,-0.5191,-0.54422,-1.9752,-2.1343,3.4048,0.64193,-0.54221,-0.64833,-98.329,-43.42,-7.5559,-4.3599,-1.2857,-1.5747,-0.4,-1.0226,0.23922,-28.345,2.165,-65.932,12
0.77439,-1.3455,-0.026361,-0.43119,-0.39351,1.5281,1.7286,4.5392,0.64193,-0.54221,-0.64833,-80.993,-20.291,-1.7847,-7.5669,-2.0342,-0.42463,-0.4,-1.0226,0.23922,-32.536,-4.0634,-39.599,12
1.7146,-1.8932,0.12435,-0.35583,-0.28885,1.1402,1.3487,5.1622,0.64193,-0.54221,-0.64833,-51.612,15.195,-0.41841,-5.6958,-1.9449,0.50692,-0.4,-1.0226,0.23922,-31.888,-11.047,-11.358,12
1.5506,-1.2668,-0.050855,-0.33072,-0.32234,0.99773,0.90902,4.7638,0.64193,-0.54221,-0.64833,-26.865,23.571,-0.99711,-3.2117,-1.9197,1.029,-0.4,-1.0226,0.23922,-26.446,-5.4468,9.6339,12
0.069146,0.078061,0.34387,-0.28048,-0.32234,-3.1414,-0.20732,4.0207,0.65121,-0.43152,-0.73674,-6.1696,34.19,1.0802,-0.59666,-1.3499,1.0054,-0.36667,-1.0575,0.14655,-18.61,6.1879,19.422,12
-1.5365,0.059288,-0.39466,-0.11722,-0.14233,-1.1069,-1.1941,1.3771,0.65121,-0.43152,-0.73674,19.107,-11.751,0.88977,0.21297,-1.2634,0.65558,-0.36667,-1.0575,0.14655,-12.732,19.403,21.934,12
-7.4858,-0.96467,0.092127,0.0,-0.12977,4.2771,2.1157,-18.133,0.65121,-0.43152,-0.73674,9.8019,-87.254,-7.8372,0.68229,-1.2865,0.35234,-0.36667,-1.0575,0.14655,-10.767,18.444,18.734,12
-21.708,-7.517,-9.4028,0.0041863,-0.025118,19.993,-18.916,23.233,0.60668,-0.39024,-0.80157,-96.653,-39.584,-39.374,0.45339,-1.4363,0.36568,-0.39216,-1.0472,0.11638,-10.289,12.429,16.637,12
-21.971,6.1443,-16.194,0.28885,0.087912,-0.068477,-8.8287,22.079,0.60668,-0.39024,-0.80157,-4.7798,-47.108,-15.162,-2.1939,-3.0585,2.1492,-0.39216,-1.0472,0.11638,-13.107,-0.057632,17.428,12
-21.938,4.4571,-8.0515,0.17582,0.058608,19.865,-19.056,9.2667,0.60668,-0.39024,-0.80157,-7.5443,14.02,-13.265,-8.2991,-7.3857,4.4328,-0.39216,-1.0472,0.11638,-8.6651,-4.7462,6.7334,12
-21.863,1.724,-16.487,0.037677,-0.016745,-6.4766,-19.273,1.4299,0.60668,-0.39024,-0.80157,0.69189,68.25,-23.063,-21.468,-15.243,9.6962,-0.39216,-1.0472,0.11638,8.6415,2.3919,-24.4,12
-21.815,-1.1781,-13.096,0.10047,0.0041863,-13.706,-19.379,-4.2623,0.64935,-0.30019,-0.77407,-8.6933,17.151,-5.0482,-21.487,-18.622,10.788,-0.38039,-1.0329,0.084052,29.259,-36.361,-31.542,12
-19.294,-0.45459,-9.1883,0.11303,0.016745,-7.7461,-19.339,-4.1486,0.64935,-0.30019,-0.77407,-0.58576,-2.0125,1.4748,-21.42,-18.648,8.203,-0.38039,-1.0329,0.084052,44.021,-14.415,-0.058458,12
-8.4691,-0.78871,-5.3552,0.28048,0.075353,-3.2313,-19.231,5.5999,0.64935,-0.30019,-0.77407,11.532,3.5544,12.721,-21.443,-14.285,8.5358,-0.38039,-1.0329,0.084052,33.429,39.468,23.74,12
0.090568,-2.5082,0.40584,0.10466,-0.1214,-1.7309,-19.128,13.901,0.65492,-0.31144,-0.76228,32.54,-29.867,22.447,-21.519,-10.426,9.4475,-0.37451,-1.0452,0.17888,21.977,7.4415,22.026,12
5.4648,-2.534,1.2877,-0.10466,-0.12977,2.9003,-11.001,13.719,0.65492,-0.31144,-0.76228,65.326,-63.222,30.639,-17.951,-5.0463,4.3727,-0.37451,-1.0452,0.17888,8.0438,-21.469,39.004,12
5.7301,-2.6655,2.5812,-0.23443,-0.2763,7.7423,1.0338,-11.475,0.65492,-0.31144,-0.76228,17.644,-119.26,13.538,-5.8855,-2.1576,3.2359,-0.37451,-1.0452,0.17888,-0.62077,-8.2172,48.806,12
3.5005,-1.2888,2.0735,-0.23862,-0.22187,18.921,-10.128,-9.8693,0.65492,-0.31144,-0.76228,-15.65,-20.394,-1.7919,1.6563,1.277,2.6993,-0.37451,-1.0452,0.17888,-1.4706,-3.4365,54.157,12
-0.18055,0.94662,1.1168,1.0173,0.76609,8.9353,0.61867,7.412,0.53061,-0.43527,-0.86051,5.0916,75.729,4.7686,6.696,4.8352,1.523,-0.40588,-1.0185,0.19181,1.2075,-4.9253,53.142,12
-1.1322,0.043456,0.58286,1.5196,1.3438,-10.124,-5.5379,9.5802,0.53061,-0.43527,-0.86051,32.911,126.09,10.058,10.689,6.2494,-0.062531,-0.40588,-1.0185,0.19181,5.4551,6.909,43.0,12
-1.2363,-0.81088,0.053337,-0.65725,-0.46049,-1.4487,-1.0177,6.1534,0.53061,-0.43527,-0.86051,48.528,-56.816,6.9569,6.9263,6.38,-0.0039186,-0.40588,-1.0185,0.19181,10.0,12.579,15.598,12
-0.85538,-0.66526,0.013811,-0.38095,-0.38932,4.6536,-1.7878,4.3842,0.58256,-0.49156,-0.73281,75.496,-11.214,4.5185,6.1696,5.6014,-1.8553,-0.47843,-0.98152,0.20043,11.989,-3.9454,-19.576,12
0.90045,-0.57822,-0.87309,-0.32234,-0.30979,-3.3724,-2.5035,3.1119,0.58256,-0.49156,-0.73281,95.37,27.487,9.939,2.869,3.2395,-3.0464,-0.47843,-0.98152,0.20043,7.4552,-8.5162,-45.614,12
1.1078,1.1769,0.59013,-0.2763,-0.2763,-3.7154,-4.37,0.61934,0.58256,-0.49156,-0.73281,100.41,-18.252,10.295,-0.1911,1.8077,-3.2325,-0.47843,-0.98152,0.20043,-1.3236,-6.6876,-53.028,12
-0.11442,1.1757,-0.51524,-0.20931,-0.20931,0.010302,-3.5309,-5.5619,0.59184,-0.66792,-0.63065,92.094,-60.187,4.8206,-2.0344,0.054611,-2.5389,-0.47843,-0.98152,0.20043,-12.966,14.034,-43.36,12
-1.0022,1.6253,-0.90635,-0.18838,-0.24699,2.7519,-1.7258,-10.205,0.59184,-0.66792,-0.63065,71.305,-38.878,-0.17151,-5.0947,-1.1945,-1.4451,-0.43137,-1.0,0.21552,-20.787,39.83,-12.366,12
-1.5533,1.4023,-0.36853,-0.10466,-0.16745,-1.8075,0.92376,-15.545,0.59184,-0.66792,-0.63065,33.664,19.663,3.0262,-5.6016,-3.1722,-1.2211,-0.43137,-1.0,0.21552,-23.256,44.204,23.281,12
-1.6798,0.15152,0.33995,-0.016745,-0.07954,-1.4353,-1.069,-8.8803,0.59184,-0.66792,-0.63065,-2.3722,-8.6001,0.85495,-5.1636,-4.1682,-0.82299,-0.43137,-1.0,0.21552,-14.902,35.831,47.358,12
-2.0895,-0.071744,-2.9959,0.13815,0.062794,1.7368,1.3389,-9.6761,0.55473,-0.75047,-0.5835,-28.331,7.0723,-6.2862,-2.6269,-4.0741,-0.41204,-0.46471,-1.0123,0.13578,1.8864,27.065,58.612,12
-7.0564,0.29501,0.81602,0.07954,-0.0041863,5.3591,3.1658,-18.069,0.55473,-0.75047,-0.5835,-49.233,13.52,-7.5199,-1.4449,-3.3007,-0.071286,-0.46471,-1.0123,0.13578,17.624,20.954,62.237,12
-21.832,-0.29843,-3.1005,-0.083726,-0.12559,19.679,-19.223,-7.4727,0.55473,-0.75047,-0.5835,-296.46,82.598,-57.956,-1.5415,-1.551,0.90162,-0.46471,-1.0123,0.13578,23.417,25.684,69.165,12
-21.756,-5.6555,-16.814,-0.03349,-0.11303,-3.2308,0.41118,-8.3867,0.60482,-0.56848,-0.75442,-78.396,184.64,1.886,-5.4642,0.15091,4.0909,-0.46471,-1.0123,0.13578,19.923,17.44,76.036,12
-21.995,6.3038,-11.97,0.19257,0.0,19.851,-19.069,7.9117,0.60482,-0.56848,-0.75442,-27.525,-117.34,-69.272,-12.57,-0.11297,6.7027,-0.55098,-0.96715,0.12284,15.331,-10.908,67.925,12
-21.946,5.3687,-8.3063,0.22606,0.020931,-21.712,-19.559,-17.32,0.60482,-0.56848,-0.75442,-48.968,25.077,-4.3219,-21.507,-4.3165,7.3467,-0.55098,-0.96715,0.12284,10.815,-31.578,29.052,12
-21.801,-1.8665,-12.926,0.20513,-0.016745,3.3953,-2.7975,-18.366,0.60482,-0.56848,-0.75442,-40.318,-94.092,2.1802,-21.403,-11.929,6.0702,-0.55098,-0.96715,0.12284,12.045,-34.277,-21.799,12
-21.811,-1.3494,-10.1,0.012559,-0.13815,7.5068,-7.1763,-14.659,0.67532,-0.45779,-0.778,40.174,7.3047,8.6473,-21.257,-16.639,3.1056,-0.55686,-0.94661,0.19612,6.6214,-20.083,-23.493,12
-20.401,-1.6564,-5.2649,-0.21769,-0.39351,-0.57081,-17.689,-10.484,0.67532,-0.45779,-0.778,104.4,7.0294,9.6743,-21.222,-17.584,0.57912,-0.55686,-0.94661,0.19612,-7.0704,-24.811,16.352,12
-8.4504,-1.7202,-2.0917,-0.27211,-0.34746,-3.4794,-19.399,-10.192,0.67532,-0.45779,-0.778,143.25,-0.51506,32.494,-21.18,-15.246,-0.57479,-0.55686,-0.94661,0.19612,-18.082,-12.908,16.013,12
2.4368,-0.62596,1.3963,-0.2763,-0.28048,-2.9644,-19.292,-1.4421,0.64935,-0.62664,-0.66405,228.47,70.743,73.8,-21.259,-12.412,0.75438,-0.55686,-0.94661,0.19612,-21.017,-19.077,-4.9227,12
10.623,3.7211,1.1349,2.6081,1.8336,4.3251,-14.141,-9.1847,0.64935,-0.62664,-0.66405,150.16,-119.3,48.984,-14.473,-8.2416,0.83792,-0.54706,-0.93429,0.20043,-16.514,-35.63,-22.357,12
13.474,4.0627,0.13406,-0.42282,-0.34746,19.402,2.0677,-17.984,0.64935,-0.62664,-0.66405,76.759,-117.65,22.585,-2.7454,-4.1809,-1.0945,-0.54706,-0.93429,0.20043,-10.478,-24.499,-28.484,12
7.8193,3.9849,-1.7782,-0.36839,-0.28885,11.119,-7.4673,-17.023,0.64935,-0.62664,-0.66405,26.686,294.96,-5.0707,5.2225,-1.8513,-2.1342,-0.54706,-0.93429,0.20043,-3.2014,3.0225,-9.4805,12
-0.30828,2.2826,-0.2893,-0.36002,-0.17582,-7.5128,0.58468,-8.8584,0.64935,-0.62664,-0.66405,-43.672,59.519,-6.3596,9.6311,2.1026,-2.7386,-0.53137,-0.93634,0.2069,3.1062,23.364,16.435,12
-5.8413,0.14768,-0.40776,-0.33909,-0.22606,6.3639,3.3532,-9.2375,0.64935,-0.62664,-0.66405,-88.373,-8.841,-26.571,9.4799,3.4353,-2.4741,-0.53137,-0.93634,0.2069,6.4966,39.246,10.929,12
-6.5607,-1.2566,-1.1026,-0.3056,-0.21769,-1.9206,-2.9429,-4.1872,0.64935,-0.62664,-0.66405,-109.61,1.83,-28.706,7.6955,3.357,-1.3009,-0.53137,-0.93634,0.2069,11.858,36.775,-31.178,12
-3.1504,-1.0634,0.15693,-0.23862,-0.20094,0.3872,-4.5301,-1.5247,0.63822,-0.70356,-0.49312,-122.75,-43.727,-23.948,4.6937,2.7762,-1.382,-0.53137,-0.93634,0.2069,11.76,26.967,-68.266,12
-0.22493,1.1453,1.4083,-0.18838,-0.054422,-1.0215,-5.1895,1.8449,0.63822,-0.70356,-0.49312,-120.5,-7.9693,-20.598,1.7879,2.5156,-1.4367,-0.53137,-0.93634,0.2069,6.4852,20.157,-83.104,12
1.4353,0.96413,1.992,-0.10466,-0.029304,-4.2029,-4.7365,4.5649,0.63822,-0.70356,-0.49312,-110.61,8.0786,-19.369,-0.677,0.82625,-1.3754,-0.53137,-0.93634,0.2069,-2.9838,24.783,-83.701,12
-0.075965,-1.2523,0.90835,-0.029304,0.066981,-4.8254,-1.6366,6.6408,0.6308,-0.52533,-0.67976,-77.996,-16.651,-17.465,-3.8864,-0.18061,-1.0611,-0.53137,-0.93634,0.2069,-9.1464,36.885,-77.447,12
-0.48261,-1.1221,-0.39572,0.046049,0.071167,-1.4067,3.5327,6.7355,0.6308,-0.52533,-0.67976,-48.728,-42.082,-12.313,-7.6531,-1.0389,1.1147,-0.45882,-1.0,0.12284,-13.402,24.248,-56.828,12
1.3977,-0.6951,-0.80993,0.10884,0.12977,2.1369,2.5054,5.9904,0.6308,-0.52533,-0.67976,-15.836,-13.97,-7.6244,-7.1015,-0.46461,1.5393,-0.45882,-1.0,0.12284,-14.533,0.90996,-32.43,12
2.4895,0.27338,0.40355,0.083726,0.11722,-0.19979,-0.93484,2.5554,0.6308,-0.52533,-0.67976,6.1755,28.746,-1.2768,-4.0212,-0.082645,0.73545,-0.45882,-1.0,0.12284,-14.983,-8.1565,-13.937,12
0.55458,0.048546,-2.2798,-0.016745,0.020931,-0.33315,-1.2371,-2.9194,0.63822,-0.42777,-0.74853,7.8096,32.766,4.4224,-2.2515,-0.41479,0.52093,-0.41765,-1.037,0.088362,-14.726,-0.45064,-5.3442,12
-10.769,-2.4608,-0.042525,-0.012559,0.096285,5.2999,3.9977,-18.049,0.63822,-0.42777,-0.74853,-36.507,-55.231,-10.55,-2.4871,-0.79165,0.83542,-0.41765,-1.037,0.088362,-11.512,-2.203,4.1239,12
-21.712,-6.3166,-13.284,0.058608,0.11303,10.85,-18.957,23.15,0.63822,-0.42777,-0.74853,-49.905,-9.2257,-33.253,-1.9475,-0.76163,1.8369,-0.41765,-1.037,0.088362,-9.6051,-8.9876,17.226,12
-21.882,1.6838,-16.522,0.062794,0.092098,6.7757,-15.075,7.3974,0.61967,-0.33771,-0.82711,-9.7249,37.528,-18.796,-2.2797,-2.3589,2.1112,-0.41765,-1.037,0.088362,-6.1788,-7.4683,27.388,12
-21.947,3.9236,-6.2258,0.13396,0.16327,-2.4873,-19.233,3.4614,0.61967,-0.33771,-0.82711,-18.414,94.863,-5.9194,-8.2348,-4.9652,2.4809,-0.43725,-1.0185,0.079741,-0.213,14.606,8.5139,12
-21.914,2.7521,-12.279,-0.087912,-0.083726,-21.591,-19.437,-6.0419,0.61967,-0.33771,-0.82711,-26.849,59.351,-25.598,-21.318,-10.213,3.656,-0.43725,-1.0185,0.079741,8.6185,36.0,-21.126,12
-21.814,-2.7274,-12.709,-0.30979,-0.20094,7.5433,-19.245,-2.668,0.61967,-0.33771,-0.82711,-30.956,-25.745,-3.0195,-21.297,-18.705,4.4606,-0.43725,-1.0185,0.079741,16.953,7.6535,-34.395,12
-21.79,-3.9229,-7.2794,-0.44375,-0.25955,3.0142,-19.334,-7.7074,0.71058,-0.27017,-0.75442,12.256,0.060929,0.62008,-21.138,-18.698,1.1588,-0.42549,-1.037,0.084052,25.375,-29.796,4.0546,12
-14.451,-1.6723,-4.7926,1.9089,1.3857,-2.3698,-19.3,-4.2387,0.71058,-0.27017,-0.75442,53.974,-14.485,17.969,-21.173,-14.291,-0.13123,-0.42549,-1.037,0.084052,12.0,33.061,33.122,12
