-21.704,-7.7514,-13.234,0.34328,0.22606,0.60982,-10.246,-18.652,-0.35065,-0.73171,-0.80354,-47.219,7.8116,-2.4526,-12.286,-18.569,12.072,-0.97843,-0.34497,-0.15733,65.17,-71.879,-26.498,12
-17.837,-5.6281,-7.5486,0.15071,-0.054422,0.90734,-16.601,-10.561,-0.35065,-0.73171,-0.80354,9.6872,2.4719,-10.031,-18.802,-18.621,12.944,-0.97843,-0.34497,-0.15733,68.333,-6.8878,-112.28,12
-7.7571,-2.0449,-2.2577,0.19257,-0.14652,1.1818,-12.854,-15.079,-0.32282,-0.63602,-0.89587,70.565,3.1476,0.43313,-21.528,-14.914,10.567,-1.0059,-0.35318,0.030172,41.841,90.746,-193.93,12
2.6225,0.18684,-0.9095,0.13815,-0.016745,-0.63541,-18.342,-10.455,-0.32282,-0.63602,-0.89587,120.72,-43.042,13.167,-21.579,-8.9672,10.281,-1.0059,-0.35318,0.030172,14.283,135.67,-247.64,12
11.934,2.7919,-2.6119,-0.050235,-0.41026,-5.2807,-19.303,-5.5388,-0.32282,-0.63602,-0.89587,185.69,-66.261,37.93,-21.634,-1.3907,8.9305,-1.0059,-0.35318,0.030172,-16.078,97.758,-240.29,12
16.703,3.7464,-4.3997,-0.19676,-0.23443,-3.187,-19.208,5.9661,-0.40074,-0.81614,-0.6169,217.71,-85.296,47.581,-21.626,-0.71557,8.4434,-0.84706,-0.61191,-0.21767,-53.066,43.463,-207.63,12
8.1372,2.2319,-2.936,-0.2763,-0.66562,2.8873,-10.062,-13.172,-0.40074,-0.81614,-0.6169,212.35,-58.454,33.711,-13.284,-0.74965,8.0354,-0.84706,-0.61191,-0.21767,-52.729,5.4082,-183.42,12
0.52453,2.0563,-2.0781,2.1057,0.74935,6.9628,-19.428,-19.068,-0.40074,-0.81614,-0.6169,11.622,-231.31,-14.37,-0.83936,0.97653,5.653,-0.84706,-0.61191,-0.21767,-46.671,0.75397,-116.46,12
-3.2847,0.092707,-1.4443,0.81633,0.427,0.25715,5.2155,-18.049,-0.40074,-0.81614,-0.6169,-33.011,-176.18,5.3081,1.6439,2.0219,2.1948,-0.84706,-0.61191,-0.21767,-37.397,12.528,-55.025,12
-7.8169,-1.0752,-0.29677,-0.64469,-0.6405,19.4,1.0968,-18.043,-0.54174,-0.88743,-0.24361,-87.201,-67.385,24.64,3.046,3.5229,-1.7093,-0.74314,-0.71663,-0.30388,-24.318,9.8995,3.7468,12
-6.7631,-0.73427,-0.0029263,-0.36002,-0.25536,4.6118,-2.5641,-13.832,-0.54174,-0.88743,-0.24361,-138.9,68.361,21.142,6.3749,6.3937,-3.6282,-0.74314,-0.71663,-0.30388,-19.395,-0.58111,31.387,12
-0.59061,-0.77268,-0.090594,-0.47305,-0.43537,-5.2991,-12.033,-6.2275,-0.54174,-0.88743,-0.24361,-168.02,80.579,11.068,7.0287,8.1267,-3.3333,-0.74314,-0.71663,-0.30388,-10.397,1.6212,24.686,12
5.0343,-0.70271,-0.45272,-0.30979,-0.53585,-6.0126,-12.531,-2.5617,-0.55473,-0.76735,-0.55796,-178.64,59.768,3.9852,6.8943,6.281,-2.9047,-0.74314,-0.6653,-0.35776,-8.3387,9.9316,4.7881,12
10.183,-0.54541,-0.9333,-0.25118,-0.28467,-2.8648,-11.006,-2.5894,-0.55473,-0.76735,-0.55796,-181.15,28.417,-2.4331,3.8479,3.7947,-1.529,-0.74314,-0.6653,-0.35776,1.6434,20.71,-32.665,12
4.5419,-0.32655,-0.17676,-0.22606,-0.37258,1.1124,-11.918,-1.6994,-0.55473,-0.76735,-0.55796,-177.88,33.522,-3.4155,2.6551,2.9252,-0.47874,-0.74314,-0.6653,-0.35776,8.9703,17.318,-55.95,12
-4.7333,-0.20373,4.529,-0.012559,-0.21769,-1.4243,-9.8233,1.8279,-0.55473,-0.76735,-0.55796,-165.7,94.318,-0.22663,2.0904,2.0032,-0.68109,-0.74314,-0.6653,-0.35776,15.653,39.284,-66.867,12
-9.2165,-2.3075,4.3607,0.20094,0.020931,-3.3853,-7.2342,6.2815,-0.48794,-0.4803,-0.88212,-152.96,100.8,-3.5764,-2.1257,2.8889,-4.1056,-0.68627,-0.73511,-0.38362,22.611,52.873,-62.17,12
-7.496,-2.9785,7.5214,0.33909,0.03349,-4.6893,0.298,11.978,-0.48794,-0.4803,-0.88212,-121.47,94.793,-6.4551,-5.45,4.4053,-8.4672,-0.68627,-0.73511,-0.38362,20.113,54.362,-42.741,12
-12.367,-5.9088,2.7524,0.36421,-0.15908,-8.4992,8.9993,0.91705,-0.48794,-0.4803,-0.88212,-82.77,36.241,-2.7474,-12.453,0.70525,-1.4752,-0.68627,-0.73511,-0.38362,23.84,68.064,6.2944,12
-21.837,-1.0698,-12.833,0.45212,-0.016745,-4.1251,-8.9338,23.45,-0.31169,-0.24765,-1.0668,-20.289,-21.999,-9.6195,-13.316,-4.8852,8.4849,-0.6098,-0.75565,-0.45043,54.992,77.256,31.013,12
-21.899,-2.0095,-16.907,0.17164,0.096285,19.606,-19.318,-18.937,-0.31169,-0.24765,-1.0668,29.993,28.507,-31.044,-20.651,-6.4383,6.1677,-0.6098,-0.75565,-0.45043,86.264,116.56,127.27,12
-21.911,3.6162,-8.7798,0.23025,-0.029304,3.4821,-19.017,23.074,-0.31169,-0.24765,-1.0668,-28.602,31.662,26.807,-21.512,-7.0656,8.4384,-0.6098,-0.75565,-0.45043,85.784,68.533,242.19,12
-21.848,-0.041328,-6.6037,0.0083726,-0.3056,-2.1822,-19.204,3.393,-0.3154,-0.26454,-1.057,9.4068,3.7591,35.416,-21.603,-13.012,14.766,-0.6098,-0.75565,-0.45043,73.47,40.03,355.94,12
-21.858,0.97617,-5.3332,-0.054422,-0.50235,-13.669,-19.383,-5.6684,-0.3154,-0.26454,-1.057,-3.9734,-5.4649,12.111,-21.791,-18.252,22.785,-0.67647,-0.70431,-0.42026,41.18,-11.286,437.04,12
-16.499,0.21467,-3.6228,-0.046049,-0.427,-6.6141,-19.329,-4.2097,-0.3154,-0.26454,-1.057,-28.103,23.033,-7.8934,-21.752,-18.524,21.574,-0.67647,-0.70431,-0.42026,15.884,-135.08,391.56,12
-7.3041,-0.45142,-0.54589,-0.43537,-0.61538,-7.0219,-19.225,7.156,-0.3154,-0.26454,-1.057,-33.417,4.1874,-35.304,-21.444,-11.839,9.0747,-0.67647,-0.70431,-0.42026,12.824,-135.94,285.01,12
4.6106,0.78161,2.2072,-0.51073,-0.64887,-9.0031,-19.175,13.17,-0.3154,-0.22326,-1.0668,9.2725,-101.01,-44.341,-13.989,1.3816,5.1628,-0.98627,-0.33265,-0.16595,-9.0729,-63.482,176.27,12
8.4789,-0.20532,-0.28164,-0.35165,-0.30979,1.9629,-13.345,-3.7934,-0.3154,-0.22326,-1.0668,10.676,-139.74,-24.934,-11.489,6.7306,5.0553,-0.98627,-0.33265,-0.16595,-28.824,-45.801,91.578,12
8.8564,-0.39624,-0.004083,-0.38932,-0.66143,4.3227,-7.4916,2.3249,-0.3154,-0.22326,-1.0668,11.038,-143.23,-12.93,-8.1354,3.7294,2.9365,-0.98627,-0.33265,-0.16595,-28.121,-65.288,31.137,12
6.0439,-0.68064,0.37032,3.7049,1.7248,4.8601,-0.97676,0.34351,-0.55288,-0.26079,-0.94106,17.477,-122.38,-10.958,5.3893,2.7278,-1.2178,-0.98627,-0.33265,-0.16595,-15.877,-169.4,12.929,12
0.97171,-2.6257,0.91106,-0.61538,-0.66981,-3.7667,3.8156,-7.5448,-0.55288,-0.26079,-0.94106,-0.86109,-144.4,4.6358,10.452,4.0958,-7.4202,-1.0431,-0.26078,0.053879,6.7327,-98.727,-11.152,12
-4.3048,-1.9339,2.2154,-0.53585,-0.76609,16.922,-5.708,-10.408,-0.55288,-0.26079,-0.94106,-13.125,-185.37,-13.757,14.33,4.9769,-10.314,-1.0431,-0.26078,0.053879,17.587,-72.578,-16.973,12
-3.3106,-1.1389,0.47645,-0.6112,-0.90842,9.3853,0.61699,-1.667,-0.55288,-0.26079,-0.94106,16.383,12.68,-16.616,13.736,5.5926,-9.7412,-1.0431,-0.26078,0.053879,28.51,-3.6279,-25.747,12
2.1263,0.2522,0.13849,-0.54422,-0.79121,0.49605,1.0464,1.6719,-0.77551,-0.2833,-0.7721,36.946,99.631,-10.105,10.848,5.8942,-8.5803,-1.0216,-0.27105,0.18966,30.695,53.308,-46.851,12
2.7239,-0.84143,-0.0020443,-0.52329,-0.7954,-1.4309,0.11892,3.9708,-0.77551,-0.2833,-0.7721,54.924,110.83,-7.6902,6.3342,5.4737,-5.6326,-1.0216,-0.27105,0.18966,34.258,68.529,-81.95,12
2.3758,-1.62,-0.27211,-0.44793,-0.67399,-0.32361,-1.1859,3.1875,-0.77551,-0.2833,-0.7721,71.629,106.07,-4.9464,4.536,4.1508,-3.9175,-1.0216,-0.27105,0.18966,36.785,69.9,-105.74,12
0.23448,-0.61274,-0.10778,-0.36421,-0.54003,0.69642,-2.9662,2.3899,-0.60297,-0.41463,-0.8664,84.198,107.23,-2.7563,1.3254,3.4965,-3.346,-1.0216,-0.27105,0.18966,33.255,58.041,-115.44,12
-1.2825,-0.52025,0.23739,-0.24699,-0.46468,0.096015,-2.4554,0.0031895,-0.60297,-0.41463,-0.8664,89.6,109.38,-2.3086,-0.7135,4.2171,-3.2891,-0.98431,-0.37372,0.040948,27.597,30.802,-158.96,12
-0.75115,0.18361,1.0902,-0.054422,-0.37258,-2.8778,-1.1101,-0.11553,-0.60297,-0.41463,-0.8664,94.693,103.82,2.407,-0.071167,0.94391,-3.6091,-0.98431,-0.37372,0.040948,5.8271,26.155,-137.33,12
-0.41209,1.4125,0.75871,0.066981,-0.29304,-4.3163,-1.1089,2.9743,-0.60297,-0.41463,-0.8664,100.48,79.913,8.0138,-3.2033,0.58581,-1.4186,-0.98431,-0.37372,0.040948,-5.7941,31.006,-153.86,12
0.095443,2.2985,1.5542,0.17164,-0.35165,-3.225,-1.8095,2.221,-0.39518,-0.58349,-0.87623,111.49,76.867,14.029,-7.5383,-2.1069,-0.68868,-0.90196,-0.55647,-0.023707,-16.569,30.721,-120.49,12
-1.0801,0.47204,1.2109,0.11722,-0.25118,-5.9882,-2.3468,3.9374,-0.39518,-0.58349,-0.87623,119.1,59.726,25.159,-10.343,-2.1885,-1.849,-0.90196,-0.55647,-0.023707,-26.464,10.738,-77.893,12
-6.7898,-0.4077,-0.36301,-0.20513,-0.24699,-6.3894,-4.3193,4.6993,-0.39518,-0.58349,-0.87623,124.1,13.254,33.028,-10.248,-4.2897,-1.9749,-0.90196,-0.55647,-0.023707,-41.238,23.434,-20.915,12
-21.671,-9.3741,-12.549,-0.27211,1.1177,19.606,-19.357,-18.918,-0.39703,-0.75797,-0.70138,-165.8,-361.64,-93.212,-19.698,-8.5224,3.7614,-0.90196,-0.55647,-0.023707,-47.243,51.245,68.218,12
-22.132,11.673,-15.707,-0.13396,0.20513,14.81,-19.338,-18.985,-0.39703,-0.75797,-0.70138,-9.8221,-35.131,-27.591,-19.815,-8.6261,6.3916,-0.87255,-0.59343,-0.13147,-36.008,7.8358,148.66,12
-21.862,0.15785,-8.3542,-0.27211,0.062794,-21.275,-19.118,22.81,-0.39703,-0.75797,-0.70138,-150.8,137.65,14.482,-21.476,-8.1908,7.9238,-0.87255,-0.59343,-0.13147,-16.681,-16.398,212.83,12
-21.969,6.0063,-8.4594,-0.28885,0.071167,2.9166,-2.8966,-18.376,-0.3154,-0.66979,-0.88802,-95.529,10.497,-34.702,-21.573,-10.89,12.049,-0.87255,-0.59343,-0.13147,9.1285,-74.578,246.42,12
-21.842,-0.31249,-6.7544,-0.54003,-0.22187,1.4181,-9.2318,-11.302,-0.3154,-0.66979,-0.88802,-20.916,3.6954,-18.811,-21.664,-8.3044,14.564,-0.99804,-0.34086,-0.06681,42.511,-111.54,231.21,12
-20.464,-3.5468,-4.1718,-0.66143,-0.16327,0.34011,-13.037,-10.659,-0.3154,-0.66979,-0.88802,32.94,15.634,-14.957,-21.724,-3.8759,15.41,-0.99804,-0.34086,-0.06681,45.142,-135.74,136.92,12
-11.584,-4.1248,-0.1186,-0.84144,-0.29304,2.0369,-12.963,-7.232,-0.3154,-0.66979,-0.88802,86.987,-2.8882,-5.4627,-16.652,-3.0757,16.43,-0.99804,-0.34086,-0.06681,24.762,-91.132,40.396,12
0.2122,-3.5392,-0.41326,1.0382,0.88331,-0.9692,-17.899,-8.6963,-0.27273,-0.70356,-0.86837,120.63,-75.885,10.323,-11.386,1.2477,15.771,-0.99804,-0.34086,-0.06681,7.4793,11.843,-24.157,12
9.1463,-2.2621,-4.0352,2.0597,1.7834,-4.3826,-19.353,-7.6157,-0.27273,-0.70356,-0.86837,174.28,-83.761,39.055,-14.484,4.4664,10.64,-1.0392,-0.21561,0.15733,-21.84,96.035,-91.65,12
16.815,-0.36337,-6.4432,-1.168,-0.58608,-3.8923,-19.18,2.8146,-0.27273,-0.70356,-0.86837,205.57,-82.056,49.09,-10.373,3.4264,5.6401,-1.0392,-0.21561,0.15733,-43.107,123.77,-170.33,12
14.073,2.9014,-4.3494,-1.3731,-0.97122,1.8623,-16.4,4.5215,-0.46382,-0.87242,-0.47544,220.26,-90.643,40.801,-9.4261,-0.79863,3.1372,-1.0392,-0.21561,0.15733,-58.872,109.22,-207.32,12
3.6568,3.0192,-3.3177,-1.2098,-0.3349,-10.477,-19.48,-19.245,-0.46382,-0.87242,-0.47544,70.834,-123.64,33.586,-4.9605,-3.7573,0.27047,-0.96275,-0.39836,-0.11853,-57.642,70.631,-217.74,12
-2.0109,2.0579,-3.7622,-1.0131,-0.38095,4.1877,1.8681,-18.136,-0.46382,-0.87242,-0.47544,36.888,-183.86,3.8425,-2.101,-4.4814,-2.1407,-0.96275,-0.39836,-0.11853,-52.632,33.046,-196.33,12
-8.8841,-0.24056,-0.99007,-0.87912,-0.020931,19.458,-2.7054,-16.087,-0.46382,-0.87242,-0.47544,-71.037,-201.86,21.333,2.6201,-3.7575,-2.7504,-0.96275,-0.39836,-0.11853,-49.391,-1.9585,-136.35,12
-8.8519,-1.8496,0.34933,-0.79121,0.38932,8.6423,4.4847,-12.919,-0.55102,-0.89493,-0.15128,-85.553,79.938,41.893,4.241,-0.030223,-2.0223,-0.96275,-0.39836,-0.11853,-41.631,2.0796,-105.91,12
-2.8458,-1.1423,2.2972,-0.74097,0.34328,-4.4489,-1.6737,-13.909,-0.55102,-0.89493,-0.15128,-144.16,99.423,28.007,4.579,1.9372,-2.2781,-0.87843,-0.56674,-0.23922,-46.975,6.2424,-76.092,12
5.3196,1.6988,3.1213,-0.25118,0.53585,-8.5865,-16.045,-11.43,-0.55102,-0.89493,-0.15128,-201.94,51.928,16.507,3.6248,1.128,-2.204,-0.87843,-0.56674,-0.23922,-44.919,14.429,-90.212,12
6.158,1.1897,0.3176,-0.32234,1.5615,-2.3149,-18.527,-7.1578,-0.59184,-0.76735,-0.51277,-213.49,28.19,10.481,4.6109,-0.32589,-1.5892,-0.87843,-0.56674,-0.23922,-46.164,33.461,-112.09,12
3.7566,-0.96304,-0.94983,-0.26374,0.2763,-4.1224,-15.458,-2.1891,-0.59184,-0.76735,-0.51277,-216.27,24.731,12.736,5.0319,-0.86773,-1.7726,-0.7549,-0.64271,-0.35776,-36.371,79.256,-132.57,12
2.4307,-2.3429,1.3681,-0.45212,0.25955,-1.0059,-14.772,1.9805,-0.59184,-0.76735,-0.51277,-205.79,33.985,12.578,2.7953,-0.95193,-1.1934,-0.7549,-0.64271,-0.35776,-26.104,118.48,-138.17,12
-3.3573,-1.8311,5.0036,-0.60283,0.38932,-4.9235,-10.002,4.7944,-0.59184,-0.76735,-0.51277,-183.0,65.683,10.795,1.7225,0.70681,-0.31883,-0.7549,-0.64271,-0.35776,-14.355,126.48,-143.07,12
-15.152,-1.4821,6.7929,-0.88749,0.31397,-2.8704,-4.6987,11.32,-0.59184,-0.76735,-0.51277,-170.96,35.104,6.82,-1.0332,0.41302,2.3019,-0.7549,-0.64271,-0.35776,-5.0935,119.02,-117.54,12
-21.799,-3.4962,5.6011,-0.41026,0.94192,0.10967,0.32049,10.267,-0.59184,-0.76735,-0.51277,-136.67,29.44,12.829,-4.3761,2.7861,4.6081,-0.54118,-0.70431,-0.56466,6.2942,72.863,-112.16,12
-21.777,-5.0772,-5.9727,0.23862,2.3318,-11.769,-4.5861,23.57,-0.59184,-0.76735,-0.51277,-69.115,1.2416,23.448,-5.5228,2.9378,4.7823,-0.54118,-0.70431,-0.56466,11.166,39.42,-94.034,12
-21.806,-3.6436,-9.97,-0.14233,2.3025,20.013,-18.906,23.244,-0.50835,-0.14447,-1.0039,27.492,-1.7428,-43.967,-11.509,0.87012,-1.9877,-0.54118,-0.70431,-0.56466,14.182,71.659,-79.494,12
-21.879,-0.014112,-2.2855,-1.0047,0.58189,17.023,-18.927,23.182,-0.50835,-0.14447,-1.0039,55.319,70.089,39.318,-20.884,-6.5867,-13.673,-0.32745,-0.78645,-0.67241,10.056,89.987,-11.168,12
-21.856,-0.12018,0.26287,-1.0842,0.47305,15.949,-19.074,8.4766,-0.50835,-0.14447,-1.0039,-4.2327,-51.15,14.738,-21.168,-18.741,-0.14541,-0.32745,-0.78645,-0.67241,-12.121,-81.003,145.33,12
-21.948,3.471,-1.3718,-1.2057,0.44375,-18.048,-19.549,-19.293,-0.53989,-0.16323,-0.98625,-35.516,-70.837,22.631,-21.075,-18.756,-1.5836,-0.32745,-0.78645,-0.67241,10.624,-86.651,329.24,12
-19.807,1.4769,-0.8355,-0.59027,1.0968,-9.747,-19.473,-15.602,-0.53989,-0.16323,-0.98625,-10.066,29.458,16.646,-20.947,-16.951,-5.1184,-0.32745,-0.78645,-0.67241,27.808,15.958,407.62,12
-9.6143,-1.1038,-1.2572,2.0429,2.2773,-13.911,-19.328,1.8528,-0.53989,-0.16323,-0.98625,-5.8063,61.159,-11.029,-21.13,-17.744,0.57112,-0.57647,-0.66324,-0.57759,21.644,-61.858,405.74,12
4.232,0.52259,0.45756,-1.8085,0.5191,-7.2389,-19.228,6.8829,-0.53989,-0.16323,-0.98625,-10.963,-19.707,-61.777,-21.415,-15.633,9.7184,-0.57647,-0.66324,-0.57759,55.089,-110.47,405.82,12
9.932,0.37024,1.1912,-1.5113,0.29723,-4.735,-19.358,-5.0986,-0.51577,-0.13508,-1.0098,67.704,-97.741,-36.596,-15.981,-6.3287,7.1315,-0.57647,-0.66324,-0.57759,76.548,-172.85,396.04,12
10.067,-0.33526,-0.85123,-1.6117,0.37258,0.29632,-6.0781,1.1053,-0.51577,-0.13508,-1.0098,13.551,-163.81,-12.486,1.2601,1.1063,0.62823,-0.93137,-0.3306,-0.28448,47.728,-128.47,304.41,12
6.6315,1.2552,-0.70808,-1.4987,0.77028,11.105,-5.1557,2.2491,-0.51577,-0.13508,-1.0098,16.521,-96.312,-9.1797,6.2238,0.46054,1.0543,-0.93137,-0.3306,-0.28448,14.017,-106.33,252.25,12
0.07646,0.21742,0.55641,-1.3145,0.99634,5.9149,0.25525,-4.1781,-0.71243,-0.23827,-0.82908,8.0445,-83.75,-9.4244,14.872,-2.2831,-5.3121,-0.93137,-0.3306,-0.28448,8.3546,-80.162,213.6,12
-5.3795,-1.73,0.94957,-1.2015,0.61538,13.932,-10.115,-3.6164,-0.71243,-0.23827,-0.82908,2.027,-105.71,-13.413,18.679,-1.0364,-9.6352,-0.93137,-0.3306,-0.28448,5.8001,-30.403,141.58,12
-4.0492,-1.5803,1.4578,-1.0926,0.38932,8.4803,-0.98789,4.1812,-0.71243,-0.23827,-0.82908,36.293,41.655,-12.398,16.709,-0.63094,-10.094,-1.0627,-0.041068,-0.043103,-0.66215,-12.355,70.507,12
-0.27134,-1.0794,1.6081,-0.88331,0.27211,-0.82912,0.9787,4.8011,-0.71243,-0.23827,-0.82908,69.2,112.89,-2.2243,15.861,0.52787,-10.213,-1.0627,-0.041068,-0.043103,0.22666,-13.24,-35.242,12
2.0311,-1.0478,1.7583,-0.63213,0.59864,-2.19,2.7248,5.156,-0.74397,-0.28893,-0.79568,92.102,93.024,-1.4736,11.618,-2.1189,-8.8872,-1.0627,-0.041068,-0.043103,-2.548,-21.408,-110.67,12
1.6191,-1.1584,1.2957,-0.58189,0.67818,0.5945,1.3931,2.6798,-0.74397,-0.28893,-0.79568,111.15,81.641,1.2895,9.3983,-1.9197,-7.971,-1.0471,-0.063655,0.015086,-2.6244,-29.049,-203.37,12
0.66147,-0.75018,-0.078043,-0.59445,0.69492,2.4634,-1.0959,-0.67599,-0.74397,-0.28893,-0.79568,130.06,93.562,2.9568,6.3985,-3.7271,-6.7072,-1.0471,-0.063655,0.015086,-8.5154,-25.69,-254.43,12
0.72983,-0.1279,-0.62204,-0.72423,0.64469,2.5764,-2.7959,-4.3432,-0.58813,-0.49343,-0.82122,139.42,103.56,3.5352,4.0732,-3.9745,-5.4487,-1.0471,-0.063655,0.015086,-19.244,-21.329,-282.84,12
1.1887,0.15926,-0.59619,-0.78284,0.62376,-0.35002,-4.7333,-4.0214,-0.58813,-0.49343,-0.82122,144.05,105.35,5.7336,2.4854,-5.6364,-3.636,-1.0471,-0.063655,0.015086,-35.024,-19.414,-288.59,12
1.4106,-0.32787,-1.1558,-0.84563,0.5484,-3.228,-5.4632,-2.7534,-0.58813,-0.49343,-0.82122,143.61,92.876,8.4646,-0.76008,-7.7375,-1.7515,-0.98431,-0.39014,0.032328,-44.762,-5.8574,-285.67,12
1.4055,-1.081,0.4185,-0.79121,0.57771,-0.65884,-4.8263,-5.4042,-0.47866,-0.69231,-0.71513,118.49,43.402,9.4617,-5.3716,-9.0227,0.72595,-0.98431,-0.39014,0.032328,-47.045,-18.648,-260.32,12
-0.9653,-2.2399,-0.21211,-0.8247,0.61957,3.0234,-5.8088,-9.5935,-0.47866,-0.69231,-0.71513,100.08,37.348,9.3132,-4.9923,-7.9262,1.3849,-0.98431,-0.39014,0.032328,-51.262,-27.469,-202.92,12
-4.6019,-3.7424,-0.063128,-1.0005,0.52747,-1.1577,-3.2562,-7.7994,-0.47866,-0.69231,-0.71513,70.603,10.67,11.18,-5.5675,-7.0141,1.5868,-0.83333,-0.69405,0.0021552,-52.555,-13.091,-145.69,12
-13.588,-1.4325,-0.64471,-0.98378,0.38095,19.409,-0.87448,-18.141,-0.47866,-0.69231,-0.71513,14.75,-83.083,-16.347,-5.6237,-6.8758,2.4166,-0.83333,-0.69405,0.0021552,-48.704,-5.0377,-98.758,12
-21.787,-3.5642,-16.879,-0.92936,0.92936,-11.513,-18.823,-10.983,-0.49536,-0.7955,-0.57171,-62.17,333.28,2.5282,-6.5911,-6.9132,5.6752,-0.83333,-0.69405,0.0021552,-29.903,-10.05,-73.061,12
-22.008,6.9614,-16.131,-0.55259,1.168,3.0288,-19.002,18.57,-0.49536,-0.7955,-0.57171,-156.86,77.165,-66.321,-5.0631,-5.6036,6.6365,-0.83333,-0.69405,0.0021552,-2.1963,-22.147,-57.223,12
-21.85,-0.94562,-9.1062,2.2313,2.4071,-21.445,-19.279,9.7383,-0.49536,-0.7955,-0.57171,-76.823,-7.6721,-20.465,1.7396,-4.0098,3.0183,-0.73922,-0.79671,-0.038793,10.814,4.2063,-76.721,12
-21.878,-1.061,-9.7165,-1.5447,0.20094,7.7837,4.812,-16.817,-0.36549,-0.68856,-0.82908,-108.58,15.398,-38.819,3.6437,-8.3667,-2.6683,-0.73922,-0.79671,-0.038793,-5.9754,84.689,-139.59,12
-21.745,-4.6902,-12.317,-1.348,0.59445,6.1467,-8.9589,-14.699,-0.36549,-0.68856,-0.82908,-20.922,6.0808,-24.606,-21.032,-18.322,-4.1557,-0.73922,-0.79671,-0.038793,-51.017,104.79,-243.22,12
-21.728,-1.9788,-6.6728,-1.1973,0.50235,7.371,-11.686,-7.2398,-0.36549,-0.68856,-0.82908,22.506,10.234,-16.137,-21.634,-18.583,14.665,-0.59216,-0.90965,-0.18319,-101.01,-82.73,-261.48,12
-11.023,1.1416,0.071164,-1.1889,0.38932,3.9589,-12.371,-11.381,-0.36549,-0.68856,-0.82908,80.308,0.48132,0.55352,-21.913,-18.5,23.95,-0.59216,-0.90965,-0.18319,-40.707,4.6577,-228.3,12
0.30102,1.1105,0.3631,-1.2977,0.38514,-2.2623,-19.315,-6.7696,-0.30798,-0.6848,-0.81532,114.25,-55.821,24.247,-21.822,-18.537,21.25,-0.59216,-0.90965,-0.18319,-92.268,-52.64,-147.53,12
7.5279,0.37367,-2.5664,-1.1094,0.49398,-4.8313,-19.271,-2.3973,-0.30798,-0.6848,-0.81532,175.91,-82.86,44.785,-21.562,-18.611,12.944,-0.59216,-0.90965,-0.18319,-88.854,-106.23,-167.86,12
13.712,-1.257,-6.0394,-0.96285,0.46886,-7.9472,-19.192,9.5547,-0.30798,-0.6848,-0.81532,213.75,-70.945,47.228,-13.432,-15.215,12.468,-0.4098,-0.97947,-0.30388,-73.893,-100.22,-168.71,12
12.144,1.3662,-4.277,-0.74935,0.60283,-7.0703,-12.997,-3.6997,-0.47866,-0.86492,-0.4499,195.37,-63.055,46.074,-4.0658,-4.8718,11.819,-0.4098,-0.97947,-0.30388,-44.424,-43.806,-160.02,12
1.8871,1.1,-3.0589,-0.55678,0.65725,-1.1911,-19.429,-19.15,-0.47866,-0.86492,-0.4499,35.288,-278.15,-2.9748,4.8287,5.6815,3.1487,-0.4098,-0.97947,-0.30388,-24.554,40.079,-100.17,12
-7.3188,0.78922,-2.4027,-0.51073,0.66143,0.50173,11.674,-17.745,-0.47866,-0.86492,-0.4499,22.386,-73.802,5.918,5.3521,13.813,0.32608,-0.27647,-0.98973,-0.38362,-21.471,115.04,-59.703,12
-8.0671,0.32287,-0.96042,-0.55678,0.59864,9.8992,4.9853,-16.318,-0.47866,-0.86492,-0.4499,-31.73,42.703,28.779,6.0304,12.794,-1.6103,-0.27647,-0.98973,-0.38362,-21.326,129.56,-42.155,12
0.045663,-0.768,0.078248,-0.6112,0.41863,6.8157,-3.2125,-8.3737,-0.58256,-0.87617,-0.19253,-92.275,105.69,19.259,2.9392,10.914,-0.61056,-0.27647,-0.98973,-0.38362,-21.582,139.78,-72.227,12
5.6265,-1.5281,0.86247,-0.72841,0.3056,-1.4964,-3.3173,-4.9933,-0.58256,-0.87617,-0.19253,-126.8,133.75,8.8465,-5.2597,6.2756,-1.4362,-0.27647,-0.98973,-0.38362,-18.886,86.247,-105.57,12
3.9017,-1.1446,1.1917,-0.75772,0.28048,-4.0749,-7.1542,-7.5026,-0.58256,-0.87617,-0.19253,-152.82,129.42,-2.2782,-10.884,2.0313,0.13282,-0.27647,-0.98973,-0.38362,-14.834,6.7429,-120.94,12
1.3781,-0.72232,1.8929,-0.62376,0.48142,-6.7279,-9.6132,-5.8709,-0.52876,-0.77111,-0.55992,-163.95,99.805,-4.2125,-5.1879,-0.020635,0.93647,-0.27647,-0.98973,-0.38362,-11.554,-60.234,-118.4,12
-0.10176,-0.97258,1.1967,-0.71586,0.36421,-6.7792,-10.182,-2.3894,-0.52876,-0.77111,-0.55992,-164.01,53.934,-8.3703,-4.3537,-2.1815,-0.15074,-0.27647,-0.98973,-0.38362,-15.436,-35.535,-102.48,12
-0.97018,0.024041,2.6864,-0.86238,0.16745,-0.78635,-8.7085,1.4317,-0.52876,-0.77111,-0.55992,-162.02,31.345,-8.6171,-5.7994,-4.0766,-1.6622,0.031373,-0.97741,-0.53233,-18.198,-6.5223,-53.367,12
-2.1664,-0.77287,2.3936,-0.95029,-0.025118,-2.5051,-7.1819,5.5742,-0.42115,-0.52158,-0.88016,-147.72,73.404,-3.8403,-5.4254,-3.7955,-2.5544,0.031373,-0.97741,-0.53233,-21.048,13.737,-8.5006,12
-2.8974,-0.58244,3.8318,-0.85819,0.037677,-3.6464,-2.1113,5.7017,-0.42115,-0.52158,-0.88016,-125.29,79.051,0.56084,-9.1808,-5.1492,-0.92413,0.031373,-0.97741,-0.53233,-20.853,-2.6759,38.238,12
-7.0104,-2.0049,2.5669,-0.87075,-0.016745,-5.7174,1.1291,7.9576,-0.42115,-0.52158,-0.88016,-97.884,58.777,1.6585,-7.9246,-5.9055,0.45473,0.02549,-0.95893,-0.58621,-9.1565,-53.888,83.027,12
-15.679,-1.4104,3.1362,2.763,2.1559,-5.2139,8.0084,-1.1413,-0.42115,-0.52158,-0.88016,-65.98,2.3112,3.1724,-4.3829,-5.6701,0.98733,0.02549,-0.95893,-0.58621,7.0054,-71.455,121.07,12
-21.918,2.4522,-8.5477,-1.0968,0.15489,2.4141,-10.477,16.646,-0.29499,-0.29644,-1.0314,-34.897,-83.504,-16.072,-2.4312,-5.9531,1.6919,0.02549,-0.95893,-0.58621,22.033,-58.784,150.85,12
-22.127,13.934,-15.525,-0.99634,0.11303,14.426,-19.302,-13.404,-0.29499,-0.29644,-1.0314,17.459,99.825,-22.415,-3.4932,-7.0322,5.7838,0.02549,-0.95893,-0.58621,42.178,-55.139,172.51,12
-21.971,5.5993,-16.243,-0.97959,-0.07954,4.7375,-19.036,23.085,-0.29499,-0.29644,-1.0314,-11.124,7.4507,27.854,-10.963,-12.477,13.272,-0.21765,-0.94661,-0.52371,80.575,-111.27,169.51,12
-21.836,-1.6259,-7.7358,-0.92098,-0.13396,10.609,-19.109,2.9736,-0.3525,-0.28518,-1.0275,10.852,-23.962,35.376,-17.151,-18.594,11.581,-0.21765,-0.94661,-0.52371,110.71,-221.83,141.98,12
-21.814,-2.7379,-4.5938,-0.81633,-0.14652,-21.652,-19.529,-14.308,-0.3525,-0.28518,-1.0275,-46.732,-0.08314,41.484,-13.05,-18.588,8.206,-0.21765,-0.94661,-0.52371,109.83,-292.12,62.879,12
-21.875,0.31455,-3.8348,-0.79121,-0.087912,1.4248,-19.322,-8.4727,-0.3525,-0.28518,-1.0275,-35.26,-2.7667,-16.006,3.0599,-18.415,17.475,-0.49804,-0.98973,-0.051724,98.07,-228.89,-14.161,12
-15.971,-1.9335,-3.4266,-0.67818,0.012559,-3.5914,-19.399,-11.193,-0.3525,-0.28518,-1.0275,-9.2308,8.3492,-17.215,-3.2186,-18.436,18.432,-0.49804,-0.98973,-0.051724,62.546,-47.044,4.2484,12
-7.2309,-1.0791,-1.3392,-0.5191,0.18001,-8.2734,-19.334,1.2839,-0.37662,-0.22702,-1.0275,-21.95,-56.845,-50.508,-13.509,-18.475,21.472,-0.49804,-0.98973,-0.051724,49.17,-2.1964,29.164,12
0.80769,-1.4954,-0.15564,-0.092098,0.2135,-9.1622,-19.233,6.3842,-0.37662,-0.22702,-1.0275,6.8803,-169.06,-72.906,-14.372,-17.282,18.813,-0.49804,-0.98973,-0.051724,9.973,-43.993,93.419,12
10.54,-1.2445,-0.36464,0.19676,0.38514,2.0569,-11.623,-4.9148,-0.37662,-0.22702,-1.0275,35.362,-171.18,-41.564,-7.4957,-7.8752,13.481,-0.5451,-0.94045,0.12716,-1.0091,-65.0,141.42,12
15.584,2.6134,0.70889,0.3056,0.48142,5.7887,-6.7052,1.7539,-0.57885,-0.29081,-0.90177,26.972,-191.1,-26.623,4.7906,0.49483,10.483,-0.5451,-0.94045,0.12716,1.8237,-33.071,142.97,12
7.3407,1.1462,0.7979,0.10466,0.31397,2.9431,-0.016276,-1.6276,-0.57885,-0.29081,-0.90177,35.296,-126.59,-9.2524,11.388,6.8245,5.4454,-0.5451,-0.94045,0.12716,25.423,64.726,109.61,12
1.0628,-2.1281,0.74531,-0.12977,0.24699,1.8857,0.89736,-1.3529,-0.57885,-0.29081,-0.90177,5.5349,-145.93,-3.9905,12.186,9.0147,0.47157,-0.66667,-0.86448,0.16164,44.402,131.43,66.0,12
-5.1334,-2.9238,0.37896,-0.17582,0.14652,7.9129,-10.596,-8.0861,-0.80519,-0.35084,-0.66994,-11.055,-191.82,-10.559,11.079,12.004,-0.6394,-0.66667,-0.86448,0.16164,61.163,173.74,48.583,12
-5.7073,-2.0083,1.1877,-0.12559,0.16327,12.115,-3.5871,-2.277,-0.80519,-0.35084,-0.66994,18.221,-26.971,-17.699,7.1627,13.627,1.7022,-0.66667,-0.86448,0.16164,70.43,166.85,58.585,12
-1.6746,-0.61447,1.1868,-0.22187,-0.012559,3.5059,-1.6133,2.0377,-0.80519,-0.35084,-0.66994,39.737,99.786,-12.904,6.8126,11.082,1.2208,-0.66667,-0.86448,0.16164,80.739,138.51,47.883,12
1.5439,-0.42904,0.0034917,-0.43956,-0.17582,-0.2865,-0.048964,5.9947,-0.80519,-0.35084,-0.66994,57.95,132.08,-12.292,4.6191,9.2628,-0.72436,-0.71961,-0.80082,0.017241,90.106,123.7,28.002,12
2.8772,-0.42444,-0.13294,-0.54422,-0.36002,2.0928,-0.75757,4.4414,-0.77365,-0.45028,-0.69941,74.342,114.49,-11.145,2.6484,6.7115,-2.8519,-0.71961,-0.80082,0.017241,95.586,115.12,10.869,12
3.7028,-0.29089,-0.54197,-0.59445,-0.33072,3.0471,-2.4532,0.22031,-0.77365,-0.45028,-0.69941,83.621,124.85,-13.599,-0.15341,5.0244,-4.5613,-0.71961,-0.80082,0.017241,95.673,87.921,-5.1029,12
3.5137,-0.4329,-0.67054,-0.47305,-0.15908,1.88,-2.7975,-1.5273,-0.77365,-0.45028,-0.69941,93.043,138.34,-14.788,-2.3075,2.9061,-6.3859,-0.72157,-0.79877,-0.012931,90.695,56.954,-21.499,12
2.1206,0.032536,0.88714,3.123,1.8001,-2.0066,-2.9263,-1.5414,-0.53432,-0.60788,-0.75639,102.52,157.87,-11.854,-3.757,1.3711,-7.8898,-0.72157,-0.79877,-0.012931,79.658,30.384,-39.866,12
0.2062,-0.20903,0.9075,-1.0591,-0.56515,-7.4192,-2.5096,2.5087,-0.53432,-0.60788,-0.75639,105.2,133.08,-5.0222,-5.1565,0.16164,-6.8357,-0.72157,-0.79877,-0.012931,64.289,19.531,-51.617,12
-0.32451,0.56904,3.3775,-0.82889,-0.54003,-4.1679,-3.5529,3.1244,-0.53432,-0.60788,-0.75639,102.44,84.847,-3.1859,-8.6218,-0.63063,-5.0628,-0.72157,-0.79877,-0.012931,47.501,10.403,-37.421,12
-1.7546,0.86351,1.7935,-0.74935,-0.51073,-3.4322,-3.2128,0.50295,-0.53432,-0.60788,-0.75639,95.933,42.527,9.2001,-12.448,-3.087,-3.696,-0.68039,-0.846,0.079741,23.322,-1.7318,13.48,12
-6.0585,1.9132,2.6248,-0.78284,-0.32234,-4.3227,-2.0988,-9.8773,-0.40074,-0.77111,-0.70727,84.416,-25.798,20.07,-13.76,-5.7375,-2.7452,-0.68039,-0.846,0.079741,7.4027,-31.725,83.498,12
-21.691,-8.3745,-6.459,-0.75772,0.20931,19.704,-19.238,-8.994,-0.40074,-0.77111,-0.70727,-110.08,-129.36,-72.984,-10.83,-7.8838,0.61622,-0.68039,-0.846,0.079741,-3.3499,-29.78,158.35,12
-21.875,1.301,-16.62,-0.84563,0.27211,16.085,2.0376,-18.019,-0.40074,-0.77111,-0.70727,-33.452,-204.8,-46.201,-12.653,-8.1916,5.8404,-0.76863,-0.75154,0.12069,1.7706,15.479,224.79,12
-22.01,7.0597,-8.7857,-0.59027,-0.071167,-19.93,-19.15,22.593,-0.38219,-0.78236,-0.69941,-71.926,148.98,20.872,-21.497,-12.014,10.556,-0.76863,-0.75154,0.12069,12.591,20.363,288.5,12
-21.975,4.3044,-7.9705,-0.55259,-0.22606,-17.897,-19.437,-7.0675,-0.38219,-0.78236,-0.69941,-121.81,-5.3875,-31.276,-21.534,-17.082,13.813,-0.76863,-0.75154,0.12069,32.389,-46.553,349.85,12
-21.912,3.1831,-5.8819,-0.40188,-0.25118,7.6788,3.9597,-15.913,-0.38219,-0.78236,-0.69941,-59.248,2.0604,-4.6076,-21.561,-18.162,14.759,-0.76863,-0.75154,0.12069,55.243,-131.0,385.81,12
-21.874,-0.22346,-5.5885,-0.46049,-0.21769,-5.1415,-17.838,-9.5371,-0.38219,-0.78236,-0.69941,1.1714,17.97,-2.9448,-16.827,-11.915,14.529,-0.97843,-0.37577,0.26724,55.036,-133.73,329.87,12
-21.115,0.21448,-2.1596,-0.427,-0.10884,2.389,-11.081,-14.02,-0.35807,-0.65103,-0.87033,44.318,13.869,2.8711,-8.6274,-2.0972,16.281,-0.97843,-0.37577,0.26724,21.594,-66.82,236.12,12
-11.318,-2.2812,1.6473,-0.56934,-0.012559,2.07,-15.921,-8.9212,-0.35807,-0.65103,-0.87033,95.376,6.7527,9.7133,-3.4938,3.6989,16.893,-0.97843,-0.37577,0.26724,-28.295,7.0859,135.83,12
0.87113,-3.6573,0.94453,-0.51491,0.12559,-4.3917,-17.703,-7.8978,-0.35807,-0.65103,-0.87033,134.3,-38.04,17.896,-5.3584,6.8167,13.674,-0.99804,-0.096509,0.40948,-69.592,96.424,26.525,12
14.249,-2.8494,-3.8459,-0.38514,0.15908,-6.7643,-19.326,-3.9194,-0.38776,-0.79174,-0.71906,197.27,-58.303,30.837,-10.749,2.5811,9.1082,-0.99804,-0.096509,0.40948,-114.9,72.017,-100.13,12
19.065,-1.7173,-8.1967,-0.30141,-0.5484,-8.1312,-19.222,8.4784,-0.38776,-0.79174,-0.71906,221.47,-55.976,42.306,-11.189,-0.34913,4.0867,-0.99804,-0.096509,0.40948,-126.88,40.662,-198.61,12
15.364,4.5063,-4.9629,-0.90424,-0.7033,-3.9431,-8.1158,-10.591,-0.38776,-0.79174,-0.71906,196.78,-105.09,41.271,-2.8686,-1.831,1.898,-0.99804,-0.096509,0.40948,-130.66,-14.214,-263.48,12
3.0503,5.5675,-3.1937,-1.1052,-0.21769,9.7282,-19.408,-19.04,-0.53247,-0.91182,-0.23183,47.76,-264.15,-9.5691,2.913,-4.6056,1.4364,-0.97451,-0.35524,0.21552,-122.25,1.0772,-250.47,12
-5.0973,3.3513,-2.8563,-0.99634,-0.55678,-2.2977,10.951,-17.798,-0.53247,-0.91182,-0.23183,0.89368,-133.59,18.345,3.3936,-6.1241,2.5896,-0.97451,-0.35524,0.21552,-100.76,31.771,-190.42,12
-15.603,-3.162,-0.4109,-0.98378,-0.20931,10.874,3.8399,-17.991,-0.53247,-0.91182,-0.23183,-67.964,-20.972,39.231,3.8985,-3.046,2.3998,-0.97451,-0.35524,0.21552,-77.79,66.607,-132.19,12
-12.777,-6.0782,0.095065,-0.43537,0.03349,1.8177,-2.1525,-14.256,-0.53247,-0.91182,-0.23183,-123.57,38.667,33.542,0.47236,1.5607,0.067617,-0.9,-0.60164,0.012931,-63.847,96.43,-112.35,12
-2.4409,-3.2082,3.2271,2.9932,2.2815,-3.4359,-10.708,-8.3822,-0.62152,-0.86867,-0.22593,-161.08,46.932,20.213,-2.0685,2.3982,-1.1822,-0.9,-0.60164,0.012931,-66.269,69.668,-104.91,12
7.6769,-2.0262,0.19659,-1.4401,-0.55259,-3.468,-12.288,-7.0449,-0.62152,-0.86867,-0.22593,-183.73,35.966,11.107,-1.6823,1.2898,-2.0188,-0.9,-0.60164,0.012931,-65.555,33.336,-125.83,12
11.696,2.0816,0.50314,-1.0173,-0.38932,2.6745,-12.289,-7.0877,-0.62152,-0.86867,-0.22593,-187.65,31.051,9.6475,-1.6632,0.30338,-2.6619,-0.9,-0.60164,0.012931,-65.622,8.6717,-142.19,12
8.2799,1.1585,-2.5168,-0.98796,-0.18838,-0.40107,-13.531,-3.6389,-0.62709,-0.68668,-0.63065,-179.95,85.469,11.691,-1.4774,0.61708,-2.2921,-0.78235,-0.69405,-0.2069,-66.599,0.80945,-148.99,12
0.42479,0.98253,1.1621,-1.1805,-0.67818,-3.6833,-12.487,-1.2237,-0.62709,-0.68668,-0.63065,-178.26,106.37,9.4279,0.34336,1.4474,-2.261,-0.78235,-0.69405,-0.2069,-68.813,12.735,-138.33,12
-6.4026,-2.0938,2.98,-1.0633,-0.44793,-4.3212,-14.071,4.8262,-0.62709,-0.68668,-0.63065,-179.91,78.313,-1.9469,1.319,1.0369,-0.31274,-0.78235,-0.69405,-0.2069,-70.501,41.423,-120.6,12
-10.491,-1.6952,4.479,-1.0131,-0.44793,0.11541,-6.8929,8.7294,-0.62709,-0.68668,-0.63065,-166.98,49.376,-5.5235,0.41823,1.5122,2.2214,-0.64706,-0.76386,-0.375,-62.967,58.767,-120.98,12
-13.323,-2.5463,5.9498,-0.7619,-0.13396,-3.1055,2.2801,13.156,-0.48609,-0.36773,-0.97839,-136.99,51.645,5.3979,-0.29428,-0.33413,4.5875,-0.64706,-0.76386,-0.375,-56.383,52.93,-99.13,12
-18.758,-2.4926,3.2283,-0.28467,0.75353,-7.6879,10.205,4.6834,-0.48609,-0.36773,-0.97839,-95.647,9.9473,11.337,-0.28471,1.1976,2.7578,-0.64706,-0.76386,-0.375,-51.668,21.667,-99.084,12
-21.859,0.020351,-1.6719,-0.14233,1.2015,5.6443,3.3063,18.753,-0.48609,-0.36773,-0.97839,-6.8862,10.344,0.90008,-1.9335,-0.46065,0.9353,-0.64706,-0.76386,-0.375,-54.663,9.5048,-84.221,12
-21.743,-6.3023,-11.715,-0.40188,0.37258,19.672,-19.25,-10.182,-0.46197,-0.18762,-1.0413,25.505,19.745,-31.876,-11.504,-4.8459,4.414,-0.53333,-0.78029,-0.53448,-53.12,2.1866,-70.398,12
-21.744,-6.2177,-5.0228,-0.34746,0.020931,14.837,-19.062,11.622,-0.46197,-0.18762,-1.0413,27.474,-31.467,-1.2449,-19.172,-15.112,9.7652,-0.53333,-0.78029,-0.53448,-43.157,-24.839,-40.687,12
-21.767,-3.583,-2.8593,-0.50235,0.12559,-1.117,-19.199,4.8101,-0.46197,-0.18762,-1.0413,-9.658,-63.757,9.0558,-21.627,-18.576,16.415,-0.53333,-0.78029,-0.53448,-17.38,-50.397,42.756,12
-21.821,-1.3627,-4.7437,-0.50654,0.11303,-11.826,-19.419,-12.183,-0.46197,-0.18762,-1.0413,-28.065,-89.261,2.8969,-21.835,-18.52,22.022,-0.5451,-0.72279,-0.56466,12.266,-66.014,107.76,12
-21.845,-0.1992,-4.9548,-0.49817,0.21769,-10.265,-16.832,-17.84,-0.46197,-0.18762,-1.0413,11.211,-37.543,5.346,-21.684,-18.567,17.322,-0.5451,-0.72279,-0.56466,37.813,-114.52,128.26,12
-15.072,-3.4809,-4.3554,-0.49398,0.2763,-6.7814,-19.468,-19.041,-0.46197,-0.18762,-1.0413,66.187,40.806,13.997,-19.615,-18.603,10.716,-0.5451,-0.72279,-0.56466,84.532,-38.75,93.414,12
-3.605,-2.0747,-0.1762,-0.56096,0.18001,-3.9607,-19.36,-9.3097,-0.46197,-0.18762,-1.0413,94.859,58.317,8.9194,-14.773,-18.64,6.9638,-0.5451,-0.72279,-0.56466,84.928,54.736,95.736,12
5.6365,-2.5298,-2.9961,-0.66143,0.11303,-9.1836,-19.245,4.2272,-0.51577,-0.21764,-1.0118,56.353,-32.674,-31.248,-13.929,-15.754,2.5664,-0.6902,-0.71663,-0.39009,75.747,88.196,75.001,12
12.873,2.2866,-2.6574,-0.66981,0.0083726,-6.6947,-19.111,19.582,-0.51577,-0.21764,-1.0118,95.503,-147.19,-30.597,-13.678,-7.5553,2.466,-0.6902,-0.71663,-0.39009,70.832,27.563,32.188,12
14.558,3.8981,-0.5018,-0.82051,-0.037677,8.5388,-3.7387,8.3047,-0.51577,-0.21764,-1.0118,36.271,-117.24,6.3633,-10.504,-3.7496,3.0417,-0.6902,-0.71663,-0.39009,69.386,-63.227,26.208,12
5.3521,1.0833,0.055389,2.2187,1.8503,11.162,-0.2924,-2.5072,-0.64935,-0.38086,-0.84479,10.168,-47.992,4.0284,-1.0473,2.3479,-1.2055,-0.7098,-0.74333,-0.27371,77.97,-120.46,10.345,12
-3.0596,-2.0712,1.0346,0.12559,1.0005,6.3122,-4.2549,-5.6913,-0.64935,-0.38086,-0.84479,-56.925,-116.49,8.2198,4.0736,9.5204,-1.9615,-0.7098,-0.74333,-0.27371,77.518,-93.785,9.3474,12
-5.4374,-2.3713,1.3866,-1.2643,0.016745,19.644,-12.689,-7.5214,-0.64935,-0.38086,-0.84479,-80.34,-62.132,-17.541,4.9819,13.096,-0.42855,-0.7098,-0.74333,-0.27371,52.464,-31.91,37.469,12
-1.8948,0.2937,1.058,-1.0298,-0.18001,5.0405,-5.1456,12.168,-0.64935,-0.38086,-0.84479,-1.4927,116.16,-16.428,3.2233,13.979,-1.1031,-0.7098,-0.74333,-0.27371,25.781,28.735,68.098,12
2.0987,0.61818,0.88721,-0.97959,-0.30141,-10.783,-0.18383,12.31,-0.7013,-0.33021,-0.83694,36.134,114.5,-13.123,-4.6386,13.162,2.231,-0.77843,-0.74743,-0.06681,6.5397,-10.308,28.393,12
3.8265,1.1015,0.75176,-0.92936,-0.28885,-0.13493,-1.3621,-0.56946,-0.7013,-0.33021,-0.83694,65.691,81.912,-23.634,-0.34366,9.5029,1.2876,-0.77843,-0.74743,-0.06681,-15.491,-59.01,-18.131,12
5.0628,0.39592,-0.18542,-0.90005,-0.15071,-11.895,-0.10487,6.3446,-0.7013,-0.33021,-0.83694,83.628,126.5,-1.7832,0.56444,6.5434,0.33759,-0.77843,-0.74743,-0.06681,-23.255,-27.492,-31.959,12
3.8267,0.58509,-0.13682,-0.80795,0.071167,-7.8529,-1.4937,6.076,-0.48423,-0.46341,-0.91749,90.195,65.153,7.9342,-0.42293,4.6023,-0.76988,-0.78627,-0.73511,-0.012931,-26.716,-14.501,-24.938,12
0.69368,-0.3404,-0.62011,-0.75772,0.28885,-1.4174,-2.5977,2.6059,-0.48423,-0.46341,-0.91749,107.35,33.972,13.819,-0.71938,2.8536,-1.6386,-0.78627,-0.73511,-0.012931,-31.178,-11.924,-25.775,12
-1.0166,-1.6949,-1.2262,-0.65306,0.16327,-0.50538,-5.0941,0.49024,-0.48423,-0.46341,-0.91749,117.31,20.662,18.515,-3.8382,-0.15341,-0.341,-0.78627,-0.73511,-0.012931,-34.034,-28.2,-22.781,12
-1.8513,-2.8883,-1.9126,-0.59864,0.12559,-0.59388,-6.7506,0.18778,-0.48423,-0.46341,-0.91749,125.17,10.491,21.49,-1.6366,-1.5161,0.39295,-0.78627,-0.73511,-0.012931,-31.657,-59.82,-24.584,12
-1.6461,-2.0396,-2.7415,-0.50235,-0.029304,-3.4017,-6.1128,-1.3813,-0.44527,-0.6379,-0.79175,127.66,21.659,28.688,1.5141,-1.1442,0.57821,-0.75294,-0.75975,-0.023707,-25.956,-46.244,-22.439,12
-0.72246,-0.2407,-0.89535,-0.27211,0.2428,-1.004,-8.4331,-2.7129,-0.44527,-0.6379,-0.79175,121.5,-23.784,29.41,1.8908,-2.2959,0.40604,-0.75294,-0.75975,-0.023707,-19.913,-16.481,-16.479,12
-0.53163,3.3492,2.933,-0.58608,0.15489,6.2889,-7.4294,-13.236,-0.44527,-0.6379,-0.79175,91.132,-42.93,18.809,3.0447,-1.0879,-2.794,-0.75294,-0.75975,-0.023707,-14.253,10.956,-7.6148,12
-3.0496,5.5089,5.6537,-0.54422,0.13815,10.399,-3.6737,-16.871,-0.53989,-0.76173,-0.56385,63.23,-2.2837,4.2416,0.47568,-2.3142,-2.4178,-0.7451,-0.79261,-0.015086,-6.1139,34.927,2.0555,12
-15.952,1.6235,0.48296,-0.41444,0.19676,6.6132,0.55672,-13.635,-0.53989,-0.76173,-0.56385,34.989,11.393,-11.059,-0.9117,-4.7436,-1.3622,-0.7451,-0.79261,-0.015086,7.4184,23.711,0.99429,12
-21.568,-15.015,-18.004,-0.59864,0.33909,19.434,-1.3696,-18.145,-0.53989,-0.76173,-0.56385,-164.62,-148.45,-84.401,-0.5393,-12.289,0.073037,-0.7451,-0.79261,-0.015086,20.034,28.567,-8.9103,12
-21.896,2.8642,-16.395,0.041863,0.066981,-21.612,-19.437,-6.1151,-0.46753,-0.77486,-0.66012,-204.52,-14.102,-5.8697,-1.9312,-16.365,-0.50575,-0.7451,-0.79261,-0.015086,42.086,61.36,7.4483,12
-21.704,-6.7225,-13.089,-0.43956,1.0926,-4.3295,5.5219,19.514,-0.46753,-0.77486,-0.66012,-110.55,8.9954,-9.423,-10.917,-18.642,4.7762,-0.7451,-0.79055,-0.0625,69.958,119.72,64.101,12
-21.754,-4.2173,-12.148,-0.70748,0.058608,-19.127,-19.423,-6.6103,-0.46753,-0.77486,-0.66012,-111.72,50.842,23.515,-21.026,-18.632,7.7559,-0.7451,-0.79055,-0.0625,91.399,91.403,139.18,12
-21.772,-3.8467,-10.841,-0.2428,0.15489,11.673,9.3839,-12.102,-0.46753,-0.77486,-0.66012,-56.566,29.74,20.314,-21.322,-18.664,6.6293,-0.7451,-0.79055,-0.0625,98.937,37.355,113.88,12
-21.811,-1.3666,-4.344,2.9388,2.2229,-10.693,-16.989,-11.769,-0.44341,-0.61351,-0.84086,25.991,16.988,6.0924,-21.23,-18.717,2.2516,-0.79412,-0.71253,-0.053879,74.058,27.031,18.539,12
-12.779,-1.4579,-0.32069,-1.3857,-0.15908,3.0258,-15.135,-12.56,-0.44341,-0.61351,-0.84086,80.617,13.139,2.2967,-21.327,-18.675,5.4516,-0.79412,-0.71253,-0.053879,14.292,82.679,-66.245,12
-0.69199,-1.2591,0.9709,-1.0633,-0.12559,-6.2313,-17.536,-11.075,-0.44341,-0.61351,-0.84086,137.41,-9.8145,4.4206,-21.435,-17.922,9.8122,-0.79412,-0.71253,-0.053879,-46.278,129.87,-108.0,12
12.845,-1.3588,-4.8065,-1.034,-0.075353,-5.0804,-19.358,-9.0291,-0.43043,-0.74484,-0.69745,195.65,-73.333,18.61,-21.527,-17.636,11.431,-0.79412,-0.71253,-0.053879,-66.128,155.64,-146.2,12
18.987,1.1343,-5.5505,-0.97541,-0.1214,-12.028,-19.211,9.5858,-0.43043,-0.74484,-0.69745,261.86,-85.738,38.045,-21.587,-10.955,11.536,-0.69608,-0.78234,-0.26724,-57.234,93.43,-206.05,12
12.792,0.27858,-4.9644,-0.97959,-0.087912,-10.644,-8.465,-18.78,-0.43043,-0.74484,-0.69745,177.15,-90.946,39.502,-17.956,-4.6692,10.079,-0.69608,-0.78234,-0.26724,-37.282,6.129,-204.78,12
2.0926,0.42187,-3.7305,-0.88331,-0.22606,6.2481,-19.409,-19.085,-0.43043,-0.74484,-0.69745,26.334,-313.47,-11.389,-7.5924,0.83802,5.8023,-0.69608,-0.78234,-0.26724,-21.453,-62.747,-161.9,12
-6.8398,1.0799,-1.7028,-0.74935,-0.12977,14.687,6.4571,-16.666,-0.5974,-0.87992,-0.20825,-18.919,-83.848,10.885,5.4271,4.3299,2.9873,-0.48431,-0.88501,-0.39224,-0.0080708,-54.667,-112.81,12
-9.7659,-0.59145,-0.11639,-0.54003,0.025118,9.2928,-1.8379,-17.457,-0.5974,-0.87992,-0.20825,-76.636,70.858,39.497,3.9247,11.876,-0.44789,-0.48431,-0.88501,-0.39224,26.935,0.48655,-51.452,12
-1.7686,-1.4667,1.468,-0.33909,-0.0083726,-1.2968,-0.44458,-12.775,-0.5974,-0.87992,-0.20825,-130.54,113.42,31.202,-1.7597,19.375,-5.4687,-0.48431,-0.88501,-0.39224,-5.0713,-58.3,-9.2657,12
3.9804,-1.0383,1.7487,-0.19676,0.13396,-4.1891,-12.005,-8.4651,-0.60668,-0.803,-0.36346,-182.47,68.981,11.473,13.068,16.489,-2.0922,-0.48431,-0.88501,-0.39224,-13.071,-158.09,-86.767,12
3.8607,0.40051,0.17289,-0.19676,0.096285,-4.9728,-15.852,-5.9882,-0.60668,-0.803,-0.36346,-197.27,54.266,-0.6376,6.9142,9.0651,-1.4947,-0.47255,-0.93634,-0.31681,-18.838,-70.486,-152.74,12
1.7085,0.43136,-0.013809,-0.40188,-0.07954,-2.2929,-14.165,-1.6166,-0.60668,-0.803,-0.36346,-202.46,29.915,3.8944,4.3395,4.9371,-3.2948,-0.47255,-0.93634,-0.31681,-32.005,-58.687,-111.24,12
0.64074,0.79115,1.3238,-0.52747,-0.13815,0.75828,-11.834,2.7701,-0.60668,-0.803,-0.36346,-191.22,62.279,2.1915,4.5323,1.3514,-1.8595,-0.47255,-0.93634,-0.31681,-39.048,62.919,-99.244,12
-2.0544,0.19538,3.6597,-0.43537,-0.050235,-3.2408,-11.072,5.664,-0.57514,-0.55535,-0.77996,-175.89,136.99,2.5808,-9.5042,-2.9189,2.1145,-0.38039,-0.97331,-0.34267,-27.218,96.827,-72.271,12
-6.0088,-1.5816,3.6682,-0.427,-0.15071,-8.2545,-0.3448,15.025,-0.57514,-0.55535,-0.77996,-140.14,128.56,2.3831,-13.167,-5.5192,6.0782,-0.38039,-0.97331,-0.34267,-13.35,29.429,-28.72,12
-8.312,-2.581,3.3256,-0.43537,-0.15071,-11.685,8.7028,19.787,-0.57514,-0.55535,-0.77996,-73.811,46.059,5.4889,-9.7408,-5.4217,4.8331,-0.38039,-0.97331,-0.34267,-0.99878,-28.065,23.726,12
-11.808,-3.0433,1.6103,-0.65725,-0.32234,-4.129,-8.5411,12.23,-0.35622,-0.30019,-1.0236,-34.377,-90.298,14.722,-7.5579,-4.0671,4.2862,-0.38039,-0.97331,-0.34267,5.4503,-11.522,69.177,12
-21.775,-4.1867,-12.198,-0.60701,0.029304,17.493,-15.618,17.394,-0.35622,-0.30019,-1.0236,18.072,-69.722,-6.7349,-6.1577,-4.4127,5.7273,-0.3451,-0.96509,-0.3944,12.134,10.531,103.39,12
-21.917,4.4495,-16.357,-0.62794,-0.16327,0.56248,-19.08,15.739,-0.35622,-0.30019,-1.0236,60.696,147.83,-1.5379,-10.089,-8.276,12.399,-0.3451,-0.96509,-0.3944,34.194,26.257,137.24,12
-21.976,3.8408,-11.107,2.2397,1.1763,6.0132,-19.192,3.5589,-0.37662,-0.29644,-1.0177,24.83,48.192,8.6896,-21.789,-17.027,23.305,-0.3451,-0.96509,-0.3944,80.739,12.864,169.36,12
-21.857,-2.1058,-9.2527,0.096285,0.48142,0.20998,-19.24,-0.28284,-0.37662,-0.29644,-1.0177,42.921,42.323,19.353,-21.863,-18.5,23.95,-0.48824,-0.92813,-0.32112,131.82,21.908,253.68,12
-21.808,-2.0465,-7.0579,-0.92936,-0.61957,-1.9224,-19.28,-1.3166,-0.37662,-0.29644,-1.0177,7.1121,9.2867,15.638,-21.775,-18.493,21.659,-0.48824,-0.92813,-0.32112,176.54,-12.238,295.71,12
-18.605,-3.0629,-6.2546,-0.69911,-0.57352,-6.2491,-19.311,-3.4031,-0.37662,-0.29644,-1.0177,-8.3271,-0.65067,6.8109,-21.78,-18.551,21.854,-0.48824,-0.92813,-0.32112,180.28,-68.563,293.1,12
-3.8152,0.85945,-3.9016,-0.59864,-0.1842,-7.6,-19.253,3.3988,-0.33766,-0.29644,-1.0079,-19.65,-20.721,-18.88,-21.616,-18.579,17.05,-0.48824,-0.92813,-0.32112,162.87,-68.835,284.81,12
9.0735,2.8893,-0.055755,-0.55259,-0.40607,-5.4852,-19.137,14.999,-0.33766,-0.29644,-1.0079,-8.0302,-72.397,-33.17,-18.431,-5.2554,11.456,-0.77255,-0.74127,0.088362,116.63,-6.8402,321.9,12
17.455,1.491,-0.32897,-0.51073,-0.10466,-1.6373,-16.72,5.2622,-0.33766,-0.29644,-1.0079,18.2,-89.356,-11.014,-10.562,5.931,5.0986,-0.77255,-0.74127,0.088362,33.543,-56.831,339.51,12
13.21,-0.41624,0.28885,-0.49817,-0.30979,4.8258,-4.8306,-2.8599,-0.42857,-0.32083,-0.97446,-6.223,-123.61,-9.1734,-0.073414,4.536,0.6018,-0.77255,-0.74127,0.088362,-30.776,-79.345,328.7,12
3.662,-1.2815,1.5057,-0.38514,0.35583,7.2164,-7.6274,-3.33,-0.42857,-0.32083,-0.97446,1.9425,-112.86,-10.599,11.551,-5.3992,-4.9158,-0.96471,-0.37372,0.29526,-27.978,-50.902,290.2,12
-4.271,-4.6342,1.5724,-0.18838,-0.31816,-0.97672,0.20261,-0.53089,-0.42857,-0.32083,-0.97446,-35.202,-109.01,6.1231,19.519,-2.3586,-11.858,-0.96471,-0.37372,0.29526,1.0323,-40.393,172.27,12
-7.2037,-4.4608,1.5038,-0.075353,-0.5484,5.4487,-12.508,-2.3314,-0.42857,-0.32083,-0.97446,-61.553,-215.53,-5.9931,19.58,1.2491,-15.094,-0.96471,-0.37372,0.29526,7.6997,69.795,108.84,12
-2.7858,-2.1251,1.6403,-0.046049,-0.58608,13.946,-3.7013,4.1315,-0.68089,-0.29081,-0.81729,-10.231,-58.246,-19.992,17.316,5.4497,-12.03,-0.96471,-0.37372,0.29526,1.1044,146.35,44.046,12
2.586,-1.0162,1.1717,-0.046049,-0.51491,0.086437,-1.7723,8.9123,-0.68089,-0.29081,-0.81729,23.329,28.024,-19.506,10.197,7.1072,-10.28,-1.0235,-0.17864,0.26293,-0.37184,124.4,-29.049,12
3.2968,-0.19109,1.1933,-0.096285,-0.55678,0.75554,-0.63656,9.6111,-0.68089,-0.29081,-0.81729,54.258,27.164,-27.619,6.9547,5.6496,-8.0404,-1.0235,-0.17864,0.26293,-10.841,100.79,-58.625,12
2.3579,0.7898,2.1658,-0.29304,-0.6405,2.9798,-1.5884,3.5337,-0.71614,-0.34897,-0.79371,84.819,49.611,-29.465,4.1975,4.9144,-5.5564,-1.0235,-0.17864,0.26293,-16.656,93.861,-86.109,12
0.18326,-0.071968,0.30931,-0.10466,-0.0083726,2.2445,-3.6492,1.4129,-0.71614,-0.34897,-0.79371,100.41,57.895,-31.88,2.9095,4.7444,-3.5649,-1.0333,-0.2423,-0.045259,-23.358,87.94,-122.29,12
1.8611,-0.12373,-2.9375,0.029304,0.32234,2.708,-4.705,0.79183,-0.71614,-0.34897,-0.79371,118.36,68.358,-34.508,3.1076,2.3829,-3.7142,-1.0333,-0.2423,-0.045259,-33.152,113.88,-151.98,12
6.378,2.3109,-2.4868,-0.23862,-0.90842,-0.86599,-4.8979,-0.68064,-0.55659,-0.60225,-0.74853,144.8,106.63,-31.379,-4.3516,-1.6772,-3.7193,-1.0333,-0.2423,-0.045259,-32.547,174.39,-180.01,12
2.224,1.9333,-1.205,-0.38514,-0.99634,-7.827,-5.3698,-1.3363,-0.55659,-0.60225,-0.74853,158.7,135.84,-19.251,-19.495,-5.9218,-5.1815,-1.0333,-0.2423,-0.045259,-31.649,174.38,-179.99,12
-6.7337,-3.2126,3.4161,-0.36421,-0.45631,-11.663,-4.1897,-4.1178,-0.55659,-0.60225,-0.74853,144.32,62.777,-3.2256,-21.055,-10.829,-5.8852,-1.0333,-0.2423,-0.045259,-48.776,59.605,-77.384,12
-11.649,-5.9219,-0.26981,0.84144,0.012559,-3.2597,-5.137,-11.717,-0.55659,-0.60225,-0.74853,108.54,-5.3056,4.0871,-10.353,-9.3179,-4.7888,-1.0333,-0.2423,-0.045259,-52.318,-7.4234,40.183,12
-18.682,1.7571,-2.4734,2.8341,1.5364,-0.96913,-4.723,-13.881,-0.44341,-0.82176,-0.56189,80.939,-3.1947,3.608,-1.6573,-6.3763,-4.6313,-1.0333,-0.2423,-0.045259,-57.955,93.225,99.353,12
-22.088,9.9748,-13.513,-0.5191,-0.43119,19.419,0.23498,-18.086,-0.44341,-0.82176,-0.56189,-35.217,-165.7,-23.468,-9.0535,-5.6733,-2.3253,-0.79412,-0.34908,-0.57974,-64.078,145.19,117.12,12
-21.894,2.2958,-14.099,0.38514,0.20513,19.575,-19.338,-18.948,-0.44341,-0.82176,-0.56189,-142.07,334.08,-41.769,-19.175,-9.0747,0.52543,-0.79412,-0.34908,-0.57974,-54.036,108.07,135.74,12
-21.87,0.54874,-10.077,0.16327,0.49817,-21.424,-18.445,22.843,-0.38219,-0.81426,-0.66208,-73.153,59.998,-16.453,-21.216,-12.55,1.0392,-0.79412,-0.34908,-0.57974,-27.926,26.099,168.13,12
-21.704,-7.7053,-7.7356,-0.18838,-0.46886,3.0585,-12.396,-18.787,-0.38219,-0.81426,-0.66208,-73.798,6.9765,-6.9632,-21.149,-14.658,-0.82666,-0.71961,-0.11499,-0.71336,5.9696,-67.315,207.29,12
-21.652,-6.2796,-4.8073,0.16327,-0.38095,-8.1624,-19.419,-11.167,-0.38219,-0.81426,-0.66208,-38.011,37.628,15.535,-21.137,-12.134,-2.3775,-0.71961,-0.11499,-0.71336,36.286,-87.727,210.99,12
-21.75,-4.917,-2.7794,-0.15071,-0.55678,0.21253,-17.211,-10.244,-0.38219,-0.81426,-0.66208,-3.7055,-7.6694,3.1811,-16.369,-3.967,-4.6983,-0.71961,-0.11499,-0.71336,55.255,-22.122,129.85,12
-15.241,-1.6038,-0.31277,-0.19676,-1.2182,2.0236,-14.318,-12.977,-0.37662,-0.72983,-0.80747,55.393,10.455,12.785,-21.073,5.3301,-9.9939,-0.71961,-0.11499,-0.71336,54.597,73.74,5.7697,12
-6.5603,-1.7839,1.1237,-0.18001,-0.90842,-5.7873,-18.971,-9.9439,-0.37662,-0.72983,-0.80747,101.85,-23.587,22.73,-20.967,12.012,-15.764,-0.77059,-0.065708,-0.68103,41.628,51.455,-112.32,12
7.5426,-0.36132,-1.7799,-0.18838,-0.88331,-4.6106,-19.366,-5.9415,-0.37662,-0.72983,-0.80747,161.66,-64.736,32.623,-21.022,11.459,-13.094,-0.77059,-0.065708,-0.68103,16.59,-28.628,-196.49,12
17.903,0.29843,-6.8889,0.36839,-0.29723,-6.2682,-19.248,3.9333,-0.46011,-0.84615,-0.56385,205.33,-64.806,38.821,-21.217,7.2748,-7.5217,-0.77059,-0.065708,-0.68103,-2.9156,-76.125,-246.95,12
17.504,3.6109,-7.2224,0.32653,-0.1214,-9.6263,-16.27,2.7361,-0.46011,-0.84615,-0.56385,218.88,-76.684,38.38,-19.491,2.306,-1.3951,-0.77843,-0.28131,-0.6444,-11.249,-137.49,-238.92,12
8.7375,2.5208,-4.9626,0.050235,0.17582,-8.0196,-17.152,-19.115,-0.46011,-0.84615,-0.56385,82.567,-169.63,21.546,-8.8733,-1.7531,2.6936,-0.77843,-0.28131,-0.6444,-15.0,-225.33,-206.71,12
2.7436,0.19352,-3.4773,-0.14652,0.11303,19.442,-2.182,-18.196,-0.46011,-0.84615,-0.56385,4.9939,-190.69,-10.026,-0.89359,-4.4706,1.9431,-0.77843,-0.28131,-0.6444,-14.08,-241.08,-147.69,12
-9.043,-0.37639,0.31349,0.10466,-0.046049,16.376,-5.1338,-9.4158,-0.56215,-0.8818,-0.11002,-55.543,-20.912,10.267,4.6655,-3.9852,0.47782,-0.77843,-0.28131,-0.6444,-10.429,-217.05,-82.154,12
-20.99,-2.0285,0.038491,0.037677,-0.062794,8.0246,1.9783,-18.008,-0.56215,-0.8818,-0.11002,-72.682,176.51,15.994,13.246,-1.2712,-1.1156,-0.92745,-0.44353,-0.15302,-3.6958,-154.14,-63.875,12
-5.1686,-1.1644,2.1794,-0.20931,-0.3056,-8.8846,-1.7613,-15.729,-0.56215,-0.8818,-0.11002,-124.91,212.99,12.201,19.187,-1.5672,-3.7242,-0.92745,-0.44353,-0.15302,-3.3618,-30.974,-106.26,12
9.6012,-0.25982,2.2503,-0.427,-0.50654,-15.346,-7.7297,-6.6337,-0.53803,-0.86304,-0.40472,-158.4,138.46,3.3707,13.191,-4.688,-4.7969,-0.92745,-0.44353,-0.15302,2.2587,100.2,-195.9,12
11.674,-0.8792,-1.416,-0.32653,-0.27211,-8.7332,-11.397,-1.0426,-0.53803,-0.86304,-0.40472,-168.74,66.275,-1.1841,1.7736,-6.3999,-3.9867,-0.86275,-0.6037,-0.13578,14.567,146.1,-239.8,12
6.5281,-0.64899,-1.3005,0.17582,-0.27211,-7.2485,-10.011,0.85404,-0.53803,-0.86304,-0.40472,-164.89,26.236,2.8911,-4.6863,-3.9348,-2.478,-0.86275,-0.6037,-0.13578,24.698,117.92,-234.26,12
-1.2799,0.3582,0.27434,3.2695,1.8503,-4.2935,-10.525,0.94122,-0.48237,-0.62289,-0.778,-172.06,-11.307,7.1617,-5.5086,0.52776,-3.2236,-0.86275,-0.6037,-0.13578,26.663,63.069,-218.15,12
-7.3321,-0.56545,0.72806,-1.2391,-0.2135,-3.6738,-8.7069,5.5488,-0.48237,-0.62289,-0.778,-170.71,-21.412,16.471,-2.6029,3.702,-4.8045,-0.86275,-0.6037,-0.13578,19.857,28.771,-188.34,12
-6.9986,0.43687,2.8498,-0.48561,-0.88749,0.86582,-4.5186,6.5536,-0.48237,-0.62289,-0.778,-148.96,-16.492,25.366,-0.031303,5.8742,-4.5813,-0.62549,-0.83984,-0.27371,11.922,25.21,-153.08,12
-5.7486,-0.45019,2.9069,-0.66981,-0.6405,-0.90845,-0.8064,12.43,-0.48237,-0.62289,-0.778,-116.06,31.436,30.001,-0.16934,6.9267,-3.3307,-0.62549,-0.83984,-0.27371,9.3455,54.835,-115.16,12
-13.908,-3.6101,2.654,-0.69911,-0.52329,2.5545,7.1908,-3.6878,-0.52319,-0.30206,-0.96464,-77.661,40.777,25.532,-2.944,8.7688,-3.1241,-0.62549,-0.83984,-0.27371,10.059,72.337,-70.197,12
-21.637,-10.584,0.43688,-0.47305,-0.43119,16.351,-13.726,23.436,-0.52319,-0.30206,-0.96464,-58.455,45.906,-12.998,-4.3435,9.3832,-2.6767,-0.45882,-0.92608,-0.33621,6.9493,84.521,-34.641,12
-21.71,-6.9422,-7.288,-0.025118,0.70748,9.0646,-19.379,-19.045,-0.52319,-0.30206,-0.96464,-23.849,156.75,12.762,-7.766,11.341,0.087877,-0.45882,-0.92608,-0.33621,11.931,97.946,6.1184,12
-21.772,-5.8525,-10.264,-0.12559,0.03349,-0.52328,-11.77,2.2292,-0.32653,-0.20075,-1.0452,6.3131,-4.8338,12.188,-16.893,10.436,0.61556,-0.45882,-0.92608,-0.33621,16.691,125.08,74.895,12
-21.792,-2.3393,-6.0421,-0.092098,-0.14233,9.2054,-19.133,6.5104,-0.32653,-0.20075,-1.0452,23.25,-23.535,-4.8473,-21.418,5.3282,0.81849,-0.45882,-0.92608,-0.33621,21.054,166.48,207.78,12
-21.829,-1.4929,-2.8396,-0.054422,-0.15908,-8.245,-19.399,-10.229,-0.32653,-0.20075,-1.0452,1.5093,-20.749,-8.1921,-21.268,0.0026055,-1.7395,-0.41961,-0.89938,-0.45474,19.635,150.26,363.51,12
-21.845,-0.65998,-2.312,0.071167,-0.11722,-6.4147,-19.437,-14.984,-0.32653,-0.20075,-1.0452,-14.916,-2.7866,9.85,-21.156,-8.7523,-1.2293,-0.41961,-0.89938,-0.45474,0.22257,94.071,423.61,12
-20.681,0.20536,0.19743,0.075353,-0.11722,2.3882,-19.369,-12.184,-0.38219,-0.19137,-1.0452,4.911,16.832,22.821,-21.05,-18.767,-1.73,-0.41961,-0.89938,-0.45474,-36.659,14.527,417.89,12
-9.9481,-2.5955,-1.9178,-0.17582,-0.19257,-2.2102,-19.304,-6.654,-0.38219,-0.19137,-1.0452,27.274,4.1309,17.451,-21.083,-18.76,0.0099216,-0.68039,-0.59754,-0.52371,-59.31,-42.315,337.14,12
1.6671,-2.5449,-2.429,-0.15071,-0.39351,-7.3918,-19.269,3.796,-0.38219,-0.19137,-1.0452,21.733,-40.401,-14.461,-21.219,-11.183,1.7013,-0.68039,-0.59754,-0.52371,-49.124,-65.016,218.8,12
10.878,-1.9875,-1.4841,0.10466,-0.15071,-11.043,-19.215,11.21,-0.39147,-0.22514,-1.0354,104.7,-100.68,-12.198,-21.237,-4.2004,-1.0434,-0.68039,-0.59754,-0.52371,-74.7,-127.05,124.33,12
13.584,0.60584,-1.5455,-0.0083726,-0.55678,-4.0176,-8.8246,2.6853,-0.39147,-0.22514,-1.0354,61.944,-98.968,11.006,-8.3636,1.0975,-4.2472,-0.68039,-0.59754,-0.52371,-75.096,-148.72,98.18,12
11.295,2.9105,-0.96963,-0.23862,-0.36421,6.9096,-3.1895,-5.0904,-0.39147,-0.22514,-1.0354,42.039,-78.769,12.645,3.3937,2.9356,-4.4366,-0.92353,-0.34086,-0.33836,-76.322,-127.67,78.451,12
3.1734,1.9377,0.31124,-0.33072,-0.062794,6.7015,-4.9021,-2.0948,-0.39147,-0.22514,-1.0354,16.897,-18.518,8.3609,9.4084,2.6118,-1.8173,-0.92353,-0.34086,-0.33836,-58.673,-86.311,94.274,12
-5.0582,-0.11982,0.8629,-0.32653,-0.12559,2.6546,4.2808,0.35517,-0.39147,-0.22514,-1.0354,1.7911,6.2206,18.517,15.027,2.5593,-2.07,-0.92353,-0.34086,-0.33836,-36.723,-45.713,92.502,12
-6.1226,-1.4472,1.2276,-0.26792,-0.33072,4.1107,-9.3701,-1.3649,-0.39147,-0.22514,-1.0354,-37.156,-107.89,17.118,19.142,2.428,-1.2015,-1.0157,-0.17659,-0.19397,-14.925,-2.3333,78.425,12
-3.4069,-0.36193,2.4832,3.3993,1.7541,7.9473,-3.1096,4.8823,-0.39147,-0.22514,-1.0354,-19.475,-37.053,5.3776,19.127,4.2138,-1.6226,-1.0157,-0.17659,-0.19397,12.764,73.484,47.174,12
0.73432,-0.35229,-0.40013,-0.77028,-0.59027,1.5956,-1.7436,7.8142,-0.63451,-0.3152,-0.85069,6.9609,40.848,2.6269,17.756,3.5661,-2.3946,-1.0157,-0.17659,-0.19397,28.865,139.59,-4.4288,12
2.2692,0.17656,2.7948,-0.49398,-0.41863,1.6728,-1.7478,8.3877,-0.63451,-0.3152,-0.85069,38.904,51.171,-3.1657,9.7333,1.856,-2.3968,-1.0157,-0.17659,-0.19397,41.627,159.12,-35.777,12
1.1477,-0.81712,-0.9788,-0.65725,-0.49398,1.4711,-1.7854,8.5921,-0.63451,-0.3152,-0.85069,63.621,57.712,-8.7759,4.1358,0.26055,-1.9453,-0.93137,-0.16427,-0.4181,48.981,140.46,-61.075,12
0.029026,0.56891,-1.3067,-0.59445,-0.35165,3.7968,-2.5063,7.7877,-0.54917,-0.40338,-0.88802,85.758,37.491,-12.624,0.24077,-0.50192,-1.1918,-0.93137,-0.16427,-0.4181,55.35,95.148,-85.043,12
0.18404,1.4043,-0.85256,-0.56934,-0.42282,5.0151,-3.7927,5.8814,-0.54917,-0.40338,-0.88802,110.75,51.37,-15.427,-0.32405,-1.0884,-0.83567,-0.93137,-0.16427,-0.4181,54.116,43.555,-109.46,12
0.91842,0.038615,-0.92284,-0.56096,-0.38095,2.3684,-4.8373,2.4068,-0.54917,-0.40338,-0.88802,129.27,77.973,-12.889,-0.22588,-0.9017,-2.1701,-0.76863,-0.3306,-0.58621,48.838,0.48718,-138.38,12
-0.55017,-0.26925,0.11261,-0.59027,-0.29723,0.28979,-7.1445,0.40609,-0.54917,-0.40338,-0.88802,143.55,90.308,-7.5258,-0.31997,-1.2525,-4.2501,-0.76863,-0.3306,-0.58621,31.319,-27.896,-162.99,12
-0.48523,1.0291,1.6505,-0.43537,-0.25536,-7.2632,-6.6564,0.69872,-0.43414,-0.63227,-0.79568,145.77,83.863,2.4508,0.96474,-2.2873,-4.7289,-0.76863,-0.3306,-0.58621,9.3392,-35.556,-170.58,12
0.17454,1.879,4.1902,-0.36421,-0.44375,-0.30177,-6.996,-5.5403,-0.43414,-0.63227,-0.79568,114.36,-14.171,2.6164,0.1307,-3.5119,-4.186,-0.76863,-0.3306,-0.58621,-10.539,-12.63,-166.51,12
-4.3752,-2.4524,2.4845,-0.18838,-0.29304,2.5473,-5.8462,-12.34,-0.43414,-0.63227,-0.79568,81.046,-15.856,6.0412,-6.5329,-5.9459,-4.589,-0.73333,-0.53593,-0.5431,-26.328,6.3085,-139.58,12
-21.681,-8.8772,-2.6516,0.03349,-0.25536,-3.866,-2.0819,-12.153,-0.41929,-0.81426,-0.62475,61.469,8.5596,8.786,-10.593,-6.3412,-5.1191,-0.73333,-0.53593,-0.5431,-34.814,-16.386,-76.345,12
-22.017,7.9202,-16.056,0.49398,1.3564,19.457,-5.9361,-18.363,-0.41929,-0.81426,-0.62475,-121.29,-139.89,-36.291,-10.995,-6.6662,-3.625,-0.73333,-0.53593,-0.5431,-38.559,-31.84,-10.2,12
-22.129,13.526,-12.119,0.49817,1.8043,4.6053,-19.419,-19.092,-0.41929,-0.81426,-0.62475,-161.81,48.591,-9.3709,-12.168,-6.8045,-1.4548,-0.7,-0.54004,-0.55819,-32.709,-21.342,47.213,12
-21.881,0.59404,-8.5571,-0.11303,0.46468,-21.305,-19.148,22.83,-0.41929,-0.81426,-0.62475,-112.33,124.43,43.859,-18.628,-8.5156,-3.5612,-0.7,-0.54004,-0.55819,-24.428,-1.1116,82.194,12
-21.785,-3.6661,-11.74,-0.0083726,0.17582,-10.354,-6.4094,-12.226,-0.36735,-0.72795,-0.79961,-106.19,55.557,-4.2037,-21.055,-16.982,-4.1824,-0.7,-0.54004,-0.55819,-5.248,-4.1552,69.251,12
-21.825,-1.1922,-3.6126,-0.54422,-0.17582,7.9876,-5.9865,-18.449,-0.36735,-0.72795,-0.79961,-34.399,-5.5276,-2.5756,-20.951,-18.807,-6.6903,-0.7,-0.54004,-0.55819,30.089,-25.165,36.233,12
-20.145,-0.84893,-1.9185,-0.4898,-0.13815,-4.8514,-19.013,-8.2388,-0.36735,-0.72795,-0.79961,46.098,13.667,3.7033,-20.892,-18.767,-8.6779,-0.76078,-0.47844,-0.54526,63.087,42.987,-30.215,12
-9.7611,0.17486,-0.98426,-0.6112,-0.19676,-0.58993,-17.068,-9.7343,-0.32282,-0.65854,-0.8723,94.398,-31.403,6.2183,-20.951,-12.219,-7.8818,-0.76078,-0.47844,-0.54526,79.39,165.23,-113.06,12
3.9026,0.32577,-0.39173,-0.55259,-0.03349,0.75563,-19.418,-7.1196,-0.32282,-0.65854,-0.8723,154.85,-80.081,18.916,-21.032,-6.2486,-8.8645,-0.76078,-0.47844,-0.54526,37.062,151.49,-222.43,12
14.197,-1.7797,-5.8128,3.6504,2.0555,-10.205,-19.225,8.1971,-0.32282,-0.65854,-0.8723,215.55,-104.72,47.241,-21.194,-5.228,-3.8031,-0.51765,-0.6653,-0.6681,10.135,26.03,-290.67,12
17.79,0.91343,-7.8967,-0.84563,-0.62376,-5.4965,-19.23,7.6502,-0.48237,-0.87054,-0.47937,240.87,-106.63,45.455,-21.403,-1.5736,1.6401,-0.51765,-0.6653,-0.6681,15.073,-72.553,-289.23,12
10.185,3.9061,-4.6695,-0.9168,-0.43956,-6.9871,-19.479,-19.21,-0.48237,-0.87054,-0.47937,69.216,-216.47,27.332,-15.002,2.2862,-0.37527,-0.51765,-0.6653,-0.6681,6.0237,-151.67,-224.72,12
1.0143,1.8089,-4.1214,-0.98796,-0.35583,8.3396,13.396,-14.893,-0.48237,-0.87054,-0.47937,65.917,-180.11,22.994,1.3191,3.4455,-0.45273,-0.51765,-0.6653,-0.6681,-7.7596,-75.779,-126.47,12
-8.3887,0.24145,-1.2204,-0.96285,-0.2135,17.805,2.5825,-17.984,-0.48237,-0.87054,-0.47937,-55.206,-142.2,35.138,4.7438,4.6698,1.9835,-0.4098,-0.80493,-0.58405,-4.6209,58.554,-47.609,12
-11.804,-2.7201,-0.4027,-0.87493,0.0,9.679,-0.18935,-15.965,-0.60297,-0.87242,-0.1336,-91.456,5.3182,34.099,0.21177,10.77,2.0177,-0.4098,-0.80493,-0.58405,-0.921,87.433,12.826,12
-4.618,-2.433,0.29682,-0.854,-0.23443,1.583,-5.1604,-9.1068,-0.60297,-0.87242,-0.1336,-136.25,18.06,22.891,4.0811,10.857,-1.3217,-0.4098,-0.80493,-0.58405,-10.398,55.328,41.477,12
1.1017,-1.0442,1.485,-0.78702,-0.26374,0.25622,-10.288,-5.0744,-0.60297,-0.87242,-0.1336,-151.4,13.441,4.6252,6.6854,8.9882,-1.1756,-0.32353,-0.81109,-0.65302,-3.8436,82.424,17.149,12
5.2077,-1.2917,0.031118,-0.5484,-0.3349,-2.5977,-9.9451,-4.4086,-0.66048,-0.76548,-0.42633,-154.51,31.637,5.8041,-0.40798,6.7269,0.69051,-0.32353,-0.81109,-0.65302,4.6644,71.464,0.46168,12
7.8457,0.138,-0.90337,-0.31816,0.054422,2.1664,-10.056,-3.6166,-0.66048,-0.76548,-0.42633,-163.42,38.698,2.16,-0.13004,4.0797,-0.025179,-0.32353,-0.81109,-0.65302,8.5953,15.725,2.1807,12
6.6442,0.11274,1.4312,-0.087912,0.52747,6.3546,-11.511,-3.6058,-0.66048,-0.76548,-0.42633,-156.77,106.71,-2.9822,1.7388,3.0702,-0.98191,-0.32353,-0.81109,-0.65302,9.5571,4.1885,10.98,12
0.045854,-1.2826,5.074,-0.14233,0.18838,1.5765,-12.273,-0.54579,-0.66048,-0.76548,-0.42633,-153.37,160.98,-14.127,-0.053298,3.1672,-1.2791,-0.2549,-0.80493,-0.67241,2.903,3.0483,17.356,12
-3.7168,-2.5414,3.9607,-0.10466,0.44375,-5.1413,-8.3162,2.0432,-0.54174,-0.57411,-0.80157,-145.35,166.22,-28.625,-0.76259,3.7849,-2.5087,-0.2549,-0.80493,-0.67241,-6.1363,-3.2181,16.877,12
-6.8152,-1.6637,2.9871,-0.30979,-0.16327,-9.2476,-4.5495,7.4301,-0.54174,-0.57411,-0.80157,-135.9,66.864,-36.623,-4.2247,3.4501,-1.9942,-0.2549,-0.80493,-0.67241,-18.476,-16.366,14.596,12
-6.5958,-0.010412,4.5464,-0.2135,-0.22187,-6.4329,0.82849,9.5813,-0.54174,-0.57411,-0.80157,-112.08,10.112,-24.411,-6.7933,2.6523,-1.7736,-0.28039,-0.78029,-0.69612,-28.643,-45.593,21.905,12
-15.773,-0.73085,4.7869,-0.34328,-0.20513,-16.652,6.5939,14.84,-0.32282,-0.35084,-1.0393,-72.998,-31.564,-3.5635,-9.8702,1.7542,-2.579,-0.28039,-0.78029,-0.69612,-39.513,-73.379,45.431,12
-21.733,-5.7886,-2.4683,-0.44375,0.1214,-1.1,-4.862,16.767,-0.32282,-0.35084,-1.0393,-41.124,-149.31,-7.0639,-15.111,0.751,-3.9,-0.28039,-0.78029,-0.69612,-50.822,-91.171,87.982,12
-21.874,1.2548,-12.003,-0.03349,0.52747,19.278,11.775,-17.562,-0.32282,-0.35084,-1.0393,-2.5718,-30.433,-40.625,-19.949,-1.8874,-3.7402,-0.28039,-0.78029,-0.69612,-55.232,-101.25,164.17,12
-21.905,2.818,-4.7148,-0.34328,-0.14233,-0.365,-19.037,23.034,-0.32282,-0.35084,-1.0393,23.932,148.38,80.721,-21.178,-2.7681,-3.8051,-0.49608,-0.64682,-0.67888,-47.062,-74.286,255.76,12
-21.794,-3.7438,-2.9685,-0.13396,0.092098,16.412,-19.08,9.8351,-0.4397,-0.29081,-1.0295,-7.2548,-24.148,7.1687,-21.232,-3.8464,-2.6402,-0.49608,-0.64682,-0.67888,-22.56,-101.6,343.89,12
-21.689,-7.9831,1.871,2.8509,2.0387,-6.2755,-19.37,-11.208,-0.4397,-0.29081,-1.0295,-17.228,-38.543,8.6665,-21.153,-4.73,-2.9969,-0.49608,-0.64682,-0.67888,10.083,-248.42,412.79,12
-21.769,-5.9798,3.4829,-0.98796,-0.48561,-8.2486,-19.413,-11.616,-0.4397,-0.29081,-1.0295,-11.276,-8.6946,8.8262,-21.083,-5.4441,-4.4076,-0.87843,-0.33676,-0.40302,40.517,-310.94,362.4,12
-16.619,-2.3868,3.8799,-0.79121,-0.41026,-6.6323,-19.358,-6.055,-0.46011,-0.27392,-1.0314,10.295,32.925,5.8141,-21.189,-5.9205,-1.046,-0.87843,-0.33676,-0.40302,34.769,-275.3,218.25,12
-7.4722,-0.12964,1.4515,-0.80795,-0.47724,-7.4731,-19.167,8.0086,-0.46011,-0.27392,-1.0314,18.24,-31.375,-36.415,-10.421,2.8409,1.09,-0.87843,-0.33676,-0.40302,0.97677,-189.58,117.8,12
3.6342,1.623,-1.0855,-0.71586,-0.36839,-6.7822,-19.283,0.45763,-0.46011,-0.27392,-1.0314,86.743,-92.978,-15.379,-7.4802,6.9502,4.0246,-0.87843,-0.33676,-0.40302,-81.315,-106.33,84.636,12
11.168,2.2163,-2.3795,-0.47305,0.36421,-2.959,-5.8804,-5.8653,-0.52876,-0.35835,-0.9391,51.789,-162.54,-5.471,-10.473,2.2967,4.6669,-1.0314,-0.11088,0.16164,-134.23,-83.806,87.684,12
16.972,2.9304,-1.3257,-0.41444,-0.12977,8.007,-6.0229,-3.2836,-0.52876,-0.35835,-0.9391,31.641,-150.78,-7.7831,-3.5732,-2.7398,2.0193,-1.0314,-0.11088,0.16164,-144.52,-143.14,97.097,12
12.004,1.8345,0.27037,-0.36421,-0.41863,3.5358,-4.1337,1.4849,-0.52876,-0.35835,-0.9391,10.967,-78.642,7.4935,3.1946,-6.7856,0.44197,-1.0314,-0.11088,0.16164,-121.45,-134.31,113.72,12
5.0081,0.097757,1.293,-0.25118,-0.31397,5.486,5.2543,-3.2866,-0.52876,-0.35835,-0.9391,11.617,-71.859,9.8658,15.277,-7.3677,1.2254,-0.99216,-0.045175,0.44828,-76.78,-65.75,81.432,12
-2.4083,-3.3218,1.4905,-0.083726,0.10047,13.667,-11.944,-0.33553,-0.72913,-0.39212,-0.7721,28.249,-72.76,-3.012,15.046,-3.9589,-0.88544,-0.99216,-0.045175,0.44828,-35.714,73.135,54.511,12
-5.5116,-4.7221,0.027646,-0.016745,0.025118,4.5712,1.7312,5.7885,-0.72913,-0.39212,-0.7721,64.448,63.576,-6.2537,13.14,1.3522,-1.7761,-0.99216,-0.045175,0.44828,-14.42,155.87,-35.421,12
-4.6916,-1.2804,0.11634,0.012559,-0.12559,-1.8767,1.842,4.99,-0.72913,-0.39212,-0.7721,82.48,74.221,0.34988,6.45,-0.51828,-1.828,-0.99216,-0.045175,0.44828,1.1037,200.14,-75.987,12
-1.8764,1.8991,0.12882,-0.012559,-0.3056,-2.01,-1.5385,3.5801,-0.70686,-0.48593,-0.71906,93.079,39.436,2.0731,3.1828,2.5041,-1.5935,-1.0431,-0.065708,0.21552,25.455,157.69,-121.65,12
0.474,2.5627,-0.24304,0.03349,-0.22187,1.0028,-3.386,1.997,-0.70686,-0.48593,-0.71906,99.642,26.71,-0.095435,6.0082,1.2996,-4.0392,-1.0431,-0.065708,0.21552,28.052,130.12,-136.12,12
1.2099,2.1316,0.17079,0.15489,-0.18001,3.4861,-5.5827,-0.84844,-0.70686,-0.48593,-0.71906,98.715,28.371,-5.2883,6.704,2.2379,-5.211,-1.0431,-0.065708,0.21552,28.855,156.61,-172.11,12
1.7653,0.62399,-0.028051,0.083726,-0.22187,1.4375,-3.3613,-2.4662,-0.70686,-0.48593,-0.71906,95.668,79.594,-6.0282,3.3382,0.4026,-4.7403,-0.99804,-0.24846,-0.16595,19.896,176.28,-174.65,12
2.4319,0.12049,-0.526,-0.075353,-0.36839,-0.76292,-3.5473,-1.2683,-0.63636,-0.64165,-0.6444,78.961,86.183,3.3309,-0.90256,-0.7832,-3.3204,-0.99804,-0.24846,-0.16595,14.887,160.11,-163.04,12
2.2468,-0.21828,-1.1775,-0.12977,-0.34328,1.4367,-3.0421,-2.2315,-0.63636,-0.64165,-0.6444,71.958,95.427,8.1405,-4.1,-0.13288,-2.2879,-0.99804,-0.24846,-0.16595,14.082,115.58,-152.5,12
-0.61441,-0.59242,0.041419,-0.2763,-0.52329,1.559,-3.9124,-3.1175,-0.63636,-0.64165,-0.6444,53.641,106.99,10.989,-6.223,-0.6867,-1.6698,-0.99804,-0.24846,-0.16595,7.1647,70.148,-128.72,12
-4.4468,-3.9236,-0.97418,0.78702,0.025118,-1.5596,-3.0887,-2.9304,-0.55102,-0.71857,-0.63851,45.443,87.069,13.516,-4.9076,-0.02074,-1.074,-0.81373,-0.45791,-0.49569,3.7803,36.916,-97.766,12
-12.528,-7.963,2.9675,3.4746,1.8713,1.8379,-2.0187,-0.88464,-0.55102,-0.71857,-0.63851,42.323,47.834,9.2091,-4.2751,-0.15445,-0.44522,-0.81373,-0.45791,-0.49569,-1.1797,43.612,-68.33,12
-21.489,-20.014,-6.9486,-0.52747,0.096285,19.586,-19.378,-18.94,-0.55102,-0.71857,-0.63851,-106.56,-83.705,-82.169,-6.565,-0.40697,-1.6974,-0.81373,-0.45791,-0.49569,-1.0459,56.994,-36.692,12
-21.841,0.12887,-16.546,0.17582,0.70748,17.504,-19.378,-18.961,-0.46939,-0.70356,-0.72495,-81.177,-12.766,-37.787,-13.098,-2.1899,-0.99491,-0.71569,-0.50924,-0.58836,-4.6777,52.872,1.1828,12
-21.92,2.5624,-7.4536,-0.2428,-0.20513,-11.713,-19.088,22.918,-0.46939,-0.70356,-0.72495,-70.653,-44.248,-27.582,-19.608,-4.9241,0.58713,-0.71569,-0.50924,-0.58836,-0.79445,28.274,49.882,12
-21.861,-0.3972,-5.3726,-0.28467,-0.6112,0.10033,11.441,-15.26,-0.46939,-0.70356,-0.72495,-116.31,35.475,-33.959,-21.175,-7.47,-1.9985,-0.71569,-0.50924,-0.58836,7.0044,18.214,104.29,12
-21.809,-2.9784,-6.7944,-0.35583,-0.68237,5.506,-11.526,-12.969,-0.46939,-0.70356,-0.72495,-41.949,-3.6172,-27.696,-20.983,-12.657,-6.6953,-0.71569,-0.50924,-0.58836,6.6166,33.292,159.73,12
-21.74,-5.9441,-5.1034,-0.29304,-0.65725,7.0239,-10.927,-9.5595,-0.41744,-0.56098,-0.87623,-1.5803,7.7222,-19.526,-20.986,-18.769,-4.8864,-0.68824,-0.44148,-0.64224,-2.202,-4.76,229.61,12
-15.488,-6.4043,-1.3238,-0.31816,-0.56934,2.0367,-12.005,-12.413,-0.41744,-0.56098,-0.87623,48.892,18.043,-5.1987,-21.019,-18.761,-3.1047,-0.68824,-0.44148,-0.64224,19.268,-66.058,255.56,12
-7.9457,-3.7237,0.79118,-0.22187,-0.53585,2.2354,-15.319,-8.1082,-0.41744,-0.56098,-0.87623,85.114,0.06629,8.831,-21.092,-13.501,-3.0917,-0.68824,-0.44148,-0.64224,58.507,-37.961,218.88,12
0.33845,-1.7712,-1.3278,-0.13396,-0.50235,-3.7458,-17.92,-7.8084,-0.40074,-0.66792,-0.82711,119.09,-53.484,19.654,-20.56,-0.52505,-1.5054,-0.82941,-0.2423,-0.54957,53.805,30.383,152.04,12
10.637,-1.5608,-2.9826,0.15071,-0.43956,-8.3322,-19.363,-5.6452,-0.40074,-0.66792,-0.82711,161.17,-103.63,36.918,-15.529,6.7637,-0.63057,-0.82941,-0.2423,-0.54957,29.876,25.327,76.157,12
18.954,0.78492,-4.9925,0.28885,-0.41863,-2.4575,-19.182,7.5163,-0.40074,-0.66792,-0.82711,202.93,-100.38,34.607,-10.011,7.771,-1.9031,-0.82941,-0.2423,-0.54957,2.2985,50.317,6.763,12
10.191,6.1099,-2.8185,0.11722,-0.64887,0.30144,-9.9848,-7.3921,-0.40074,-0.66792,-0.82711,164.14,-106.05,22.02,-11.809,3.3286,0.86435,-0.82941,-0.2423,-0.54957,-22.168,27.353,-45.482,12
4.4804,4.7683,-2.6551,0.21769,-0.35165,-4.7113,-19.489,-19.188,-0.56957,-0.81801,-0.40079,62.42,-150.35,7.1815,0.21165,0.019385,1.9385,-0.78431,-0.2423,-0.63793,-37.828,-48.515,-43.593,12
-5.5558,1.5264,-1.631,0.16327,-0.37258,-5.0287,5.1754,-18.104,-0.56957,-0.81801,-0.40079,4.0659,-135.27,2.8587,5.2716,-0.95735,3.2646,-0.78431,-0.2423,-0.63793,-30.917,-39.643,-56.901,12
-10.32,-1.6758,-1.3298,-0.0041863,-0.23025,15.078,0.58258,-12.039,-0.56957,-0.81801,-0.40079,-64.041,-121.74,16.784,10.498,-1.026,2.3966,-0.78431,-0.2423,-0.63793,-34.641,-35.033,1.1015,12
-8.5081,-2.8803,0.73025,-0.15489,-0.67399,6.0298,1.8363,-8.4521,-0.63636,-0.82552,-0.20432,-78.294,70.875,28.563,12.488,2.9177,1.7709,-0.82941,-0.21561,-0.57759,-25.122,1.252,-8.8182,12
-1.2494,-1.1684,2.4633,-0.29304,-0.64469,-3.4428,-1.9855,-6.467,-0.63636,-0.82552,-0.20432,-117.77,95.123,20.596,9.7468,2.6722,0.21694,-0.82941,-0.21561,-0.57759,-16.375,32.152,-31.696,12
3.9792,-0.98132,0.090629,-0.27211,-0.44375,-7.8281,-6.6719,-5.8077,-0.63636,-0.82552,-0.20432,-150.17,83.703,11.546,5.8601,1.2392,-0.083875,-0.82941,-0.21561,-0.57759,-2.6283,42.374,-66.541,12
7.3045,-1.589,-0.4588,2.0931,0.77446,-6.9785,-10.758,-4.5244,-0.63636,-0.82552,-0.20432,-168.48,38.566,8.3231,1.3726,0.61374,-0.62556,-0.82941,-0.21561,-0.57759,14.417,23.356,-81.895,12
7.0401,-0.99615,1.6051,2.8592,1.0466,-0.72343,-10.137,-1.8683,-0.62523,-0.68668,-0.56582,-167.98,18.928,3.7476,1.0073,0.50588,-1.4122,-0.82941,-0.21561,-0.57759,23.304,-3.5125,-73.867,12
3.3455,-0.10377,2.6117,-0.43956,-0.62794,-1.4759,-9.4329,5.2219,-0.62523,-0.68668,-0.56582,-150.74,52.15,6.678,0.026846,0.8449,-2.5098,-0.82941,-0.21561,-0.57759,25.498,0.43926,-57.617,12
-3.9393,-0.0061453,1.7258,-0.427,-0.78284,-2.8747,-4.0538,8.4769,-0.62523,-0.68668,-0.56582,-119.83,85.235,11.068,-1.0753,1.4901,-3.988,-0.82941,-0.21561,-0.57759,21.175,-0.97112,-39.639,12
-8.2987,1.2975,3.3694,-0.3349,-0.90005,-5.4668,1.7556,11.2,-0.56401,-0.44653,-0.84283,-76.717,83.336,12.101,-0.67548,2.3241,-6.5921,-0.75294,-0.33265,-0.625,11.549,5.8511,-20.405,12
-10.728,-2.4747,4.4194,-0.3056,-0.46049,-1.9524,-3.3911,5.4463,-0.56401,-0.44653,-0.84283,-65.156,-18.064,5.8128,-1.1404,1.6114,-8.8569,-0.75294,-0.33265,-0.625,-3.8884,24.087,-8.9829,12
-20.777,-6.0905,4.4308,-0.34328,-0.41444,7.784,-1.4242,23.913,-0.56401,-0.44653,-0.84283,12.047,-14.432,-10.486,-2.1278,0.0026055,-8.7395,-0.75294,-0.33265,-0.625,-11.993,39.497,-0.63482,12
-21.696,-7.1327,1.6738,-0.18838,-0.59027,19.606,-19.338,-18.938,-0.51577,-0.36773,-0.90766,-43.735,49.795,-28.339,-3.2121,-1.6106,-2.0597,-0.70784,-0.33881,-0.68103,-3.138,45.264,4.1777,12
-21.751,-6.3901,-0.92248,0.28885,0.062794,19.675,-9.1831,11.394,-0.51577,-0.36773,-0.90766,-8.1762,54.761,1.7804,-6.9674,-0.95767,-0.76663,-0.70784,-0.33881,-0.68103,-3.6516,29.815,1.4339,12
-21.658,-9.5069,1.7549,0.14233,-0.2428,12.979,-19.001,18.721,-0.51577,-0.36773,-0.90766,-9.787,-11.645,1.3223,-17.541,1.3325,1.2541,-0.70784,-0.33881,-0.68103,-23.851,20.623,5.8149,12
-21.76,-4.9052,5.1269,0.016745,-0.38932,-20.926,-19.54,-19.332,-0.51577,-0.36773,-0.90766,-57.986,2.0477,43.563,-21.651,3.1666,9.6583,-0.70784,-0.33881,-0.68103,-49.761,-20.993,28.818,12
-21.788,-3.0047,3.9296,0.096285,-0.2763,-0.47242,-19.454,-17.717,-0.49165,-0.33021,-0.94499,-96.798,-2.1513,7.5852,-21.852,4.0937,15.371,-0.6902,-0.27105,-0.7306,-50.782,-51.248,87.583,12
-21.819,-1.9954,-0.053273,0.28048,-0.15908,4.9233,-6.3484,-15.039,-0.49165,-0.33021,-0.94499,-23.979,0.79025,5.0893,-21.854,3.8519,16.193,-0.6902,-0.27105,-0.7306,-23.666,-104.47,182.88,12
-16.467,-0.91005,-1.2187,-0.041863,-0.029304,-2.5383,-14.6,-16.391,-0.49165,-0.33021,-0.94499,36.211,19.087,14.381,-21.681,4.7379,10.789,-0.6902,-0.27105,-0.7306,12.507,-131.75,249.58,12
-7.935,0.792,-1.2761,0.058608,0.062794,-4.8262,-19.45,-14.312,-0.4898,-0.25516,-0.99018,72.049,27.169,11.13,-21.503,-0.33465,6.5354,-0.89412,-0.063655,-0.52371,37.781,-135.77,271.79,12
-1.3003,2.3895,-0.85863,0.029304,-0.1214,-3.7681,-19.3,-2.2318,-0.4898,-0.25516,-0.99018,65.714,-14.786,-6.3612,-21.356,-2.1108,2.9153,-0.89412,-0.063655,-0.52371,59.631,-123.04,260.18,12
3.9677,1.1116,-3.1526,-0.20094,-0.2428,-6.9798,-19.204,9.345,-0.4898,-0.25516,-0.99018,47.991,-80.847,-29.3,-21.311,1.4954,0.54352,-0.89412,-0.063655,-0.52371,72.528,-72.135,227.44,12
6.5306,-0.2663,-3.2029,-0.20513,-0.28885,10.818,-13.724,3.8178,-0.4898,-0.25516,-0.99018,96.769,-89.408,-0.6084,-11.636,3.9689,-2.1141,-0.89412,-0.063655,-0.52371,50.541,-80.589,194.96,12
6.9757,-0.29823,-2.5953,-0.28467,-0.29723,7.6034,-6.7968,1.507,-0.54731,-0.42777,-0.87819,58.303,-61.133,0.022484,-1.43,2.1428,-7.7158,-1.0059,0.16632,-0.26509,8.6701,-102.47,142.71,12
3.8253,-0.35473,-1.1056,-0.44375,-0.23862,4.9031,0.16616,3.7448,-0.54731,-0.42777,-0.87819,32.288,-68.58,0.76155,6.8893,2.3158,-11.415,-1.0059,0.16632,-0.26509,-19.081,-130.73,102.37,12
0.3116,0.076697,0.72269,2.7253,1.9257,-2.8531,0.43442,1.8578,-0.54731,-0.42777,-0.87819,5.956,-86.298,0.02236,16.61,3.0301,-12.994,-1.0059,0.16632,-0.26509,-46.246,-82.361,47.913,12
-0.57155,0.79964,1.2825,-0.98796,-0.3349,-1.3374,-0.78256,-6.9692,-0.65492,-0.49343,-0.74853,-38.924,-162.55,3.8469,18.794,2.4538,-11.617,-1.0431,0.26694,-0.0043103,-63.172,2.4121,-3.4536,12
-1.3007,0.38962,3.1719,-0.66562,-0.17582,13.434,-9.2255,-7.7019,-0.65492,-0.49343,-0.74853,-46.799,-166.5,-16.447,16.103,1.3743,-9.5667,-1.0431,0.26694,-0.0043103,-77.848,42.809,-61.913,12
-0.3664,-0.87168,1.9531,-0.74516,-0.28048,8.8504,-4.8748,2.6156,-0.65492,-0.49343,-0.74853,-30.294,-27.954,-25.089,13.497,-0.035434,-6.5434,-1.0431,0.26694,-0.0043103,-79.454,61.777,-126.76,12
0.35631,-0.64359,2.0894,-0.67399,-0.19676,4.951,-4.0941,10.397,-0.76994,-0.47092,-0.6444,2.3161,45.114,-29.069,9.3922,-0.73162,-4.1616,-1.0431,0.26694,-0.0043103,-76.313,52.727,-175.7,12
1.116,-0.74807,2.1853,-0.62376,-0.21769,-0.86195,1.369,13.133,-0.76994,-0.47092,-0.6444,49.523,96.936,-26.202,7.3851,-1.5034,-3.3356,-1.0431,0.14579,-0.088362,-73.674,29.362,-204.66,12
1.9994,-0.98176,1.1853,-0.58189,-0.15489,-2.4587,0.73214,5.887,-0.76994,-0.47092,-0.6444,78.423,89.674,-26.852,6.1304,-1.9071,-2.7099,-1.0431,0.14579,-0.088362,-68.297,10.48,-218.08,12
2.2492,-1.3478,-0.34236,-0.66143,-0.1214,-0.97746,-3.2363,3.0992,-0.76994,-0.47092,-0.6444,100.65,85.416,-21.626,4.8068,-1.8926,-2.2613,-1.0431,0.14579,-0.088362,-64.26,1.3096,-223.68,12
2.1393,-1.4084,-1.4636,-0.58608,-0.20094,0.58812,-5.0821,1.6893,-0.63636,-0.62852,-0.67583,118.72,107.44,-16.147,3.4967,-2.1849,-1.4947,-1.0431,-0.086242,-0.12931,-56.429,-5.5285,-228.15,12
0.82723,-0.45237,-4.4407,-0.31397,0.1842,-3.9093,-7.2479,5.9006,-0.63636,-0.62852,-0.67583,139.84,136.03,-4.4458,2.6856,-2.3075,-1.7508,-1.0431,-0.086242,-0.12931,-50.036,-12.552,-234.45,12
0.81632,-0.4118,-3.4581,-0.3977,-0.029304,-4.8169,-5.0607,-4.0929,-0.63636,-0.62852,-0.67583,121.1,73.101,6.8038,2.2267,-2.4308,-2.0799,-1.0431,-0.086242,-0.12931,-46.288,-14.813,-239.04,12
-3.628,-2.4369,-2.3667,-0.22187,0.22606,5.77,-9.6881,-15.343,-0.48794,-0.7955,-0.55992,80.46,18.461,1.5251,2.6016,-3.4823,-2.2262,-1.0431,-0.086242,-0.12931,-45.325,-8.2609,-236.2,12
-13.961,-1.9457,-1.2067,-0.27211,0.41444,-3.1945,-0.75497,-15.101,-0.48794,-0.7955,-0.55992,50.644,26.65,2.6167,2.4173,-4.4675,-2.7546,-0.97255,-0.39836,-0.10776,-43.562,6.4318,-235.23,12
-21.967,3.8955,-12.523,-0.22187,0.47724,19.22,2.9095,-17.964,-0.48794,-0.7955,-0.55992,-20.993,-217.4,-28.286,3.4388,-6.3916,-4.1633,-0.97255,-0.39836,-0.10776,-45.167,25.498,-235.82,12
-22.122,12.168,-10.673,-0.012559,0.76609,-21.419,-19.345,4.0685,-0.48794,-0.7955,-0.55992,-142.63,333.9,7.1615,7.4973,-8.1885,-5.8469,-0.97255,-0.39836,-0.10776,-43.759,58.582,-247.31,12
-21.949,4.0032,-9.1345,-0.22187,0.17164,-21.282,-18.326,22.84,-0.46011,-0.82176,-0.61297,-64.185,10.734,9.5458,10.111,-13.894,-5.403,-0.79608,-0.63655,-0.28664,-46.481,127.49,-274.05,12
-21.831,-1.3825,-7.8192,-0.26792,0.7033,-11.588,-19.241,3.6096,-0.46011,-0.82176,-0.61297,-177.07,38.835,-0.16584,4.9882,-18.624,-2.4,-0.79608,-0.63655,-0.28664,-17.001,238.89,-283.96,12
-21.983,5.224,-12.056,-0.28885,0.5484,0.38559,-0.042191,-0.25867,-0.46011,-0.82176,-0.61297,-113.67,31.045,16.393,-3.0001,-18.741,-8.0829,-0.79608,-0.63655,-0.28664,110.79,325.1,-282.62,12
-21.771,-3.8943,-11.129,-0.40188,0.6112,5.9458,-1.5982,-18.239,-0.45826,-0.62477,-0.83497,-58.664,-6.3858,-12.038,-20.303,-18.863,-13.276,-0.79608,-0.63655,-0.28664,168.83,329.79,-245.77,12
-21.788,-3.0382,-8.8734,0.75772,0.88749,4.7817,-15.174,-11.492,-0.45826,-0.62477,-0.83497,-12.958,1.047,-13.316,-21.316,-18.686,4.4407,-0.20784,-0.95688,-0.54095,119.98,238.61,-192.77,12
-21.919,3.0045,-5.1928,2.3569,2.202,4.328,-12.299,-10.113,-0.45826,-0.62477,-0.83497,27.316,15.507,-2.0001,-21.197,-18.765,0.47841,-0.20784,-0.95688,-0.54095,74.947,26.114,-163.02,12
-11.761,1.1887,-0.3246,-1.0842,0.037677,1.748,-15.537,-10.124,-0.45826,-0.62477,-0.83497,74.802,24.206,3.601,-20.802,-18.863,-12.329,-0.20784,-0.95688,-0.54095,45.763,-73.647,-186.43,12
-2.8098,0.59132,0.6848,-0.854,0.27211,-2.5727,-15.432,-11.474,-0.42672,-0.6379,-0.84872,113.19,-1.1319,5.5397,-20.614,-18.932,-18.228,0.092157,-1.0411,-0.41164,30.663,-75.483,-276.25,12
8.7258,-2.9576,-1.5715,-0.9168,0.28885,-8.5558,-19.383,-7.6172,-0.42672,-0.6379,-0.84872,154.6,-60.629,9.0583,-20.661,-18.913,-17.331,0.092157,-1.0411,-0.41164,14.067,60.158,-285.88,12
16.133,-2.1168,-4.5063,-0.85819,0.15489,-6.4149,-19.294,-2.6226,-0.42672,-0.6379,-0.84872,203.28,-91.391,22.967,-20.902,-16.185,-10.528,0.092157,-1.0411,-0.41164,-1.9182,149.3,-226.44,12
11.696,0.029628,-5.4079,-0.80795,0.15071,-5.8316,-18.92,5.0582,-0.48794,-0.82552,-0.52259,193.37,-69.64,34.347,-21.085,-6.0051,-7.5086,0.092157,-1.0411,-0.41164,-7.5012,75.736,-147.12,12
2.5204,0.74582,-3.375,-0.854,0.15489,0.29914,-19.459,-19.137,-0.48794,-0.82552,-0.52259,122.19,-120.3,6.2628,-16.464,2.7521,-4.7895,0.44706,-0.98973,-0.35129,-11.365,12.514,-84.829,12
-6.2493,1.3551,-2.3623,-0.92936,0.058608,3.5321,1.0458,-18.194,-0.48794,-0.82552,-0.52259,74.426,-20.194,10.113,-9.289,12.442,-0.84667,0.44706,-0.98973,-0.35129,-13.741,-27.566,-48.014,12
-8.8944,2.2977,-1.2879,-0.67818,0.41026,3.2504,4.919,-18.003,-0.58442,-0.87242,-0.222,-40.131,-84.92,26.039,-6.2856,21.816,2.5804,0.44706,-0.98973,-0.35129,-18.398,-44.452,-35.302,12
-3.9929,1.6665,-0.94475,-0.72423,-0.14652,4.276,1.497,-10.695,-0.58442,-0.87242,-0.222,-88.638,2.3543,24.404,-5.584,21.872,5.1769,0.48039,-0.94867,-0.40302,-25.92,-60.588,-23.017,12
0.92251,-0.67072,-0.69194,-0.50235,0.15489,1.5014,-4.2799,-7.199,-0.58442,-0.87242,-0.222,-120.37,23.589,23.239,-4.984,19.101,6.1009,0.48039,-0.94867,-0.40302,-32.769,-63.275,-26.376,12
3.105,-1.7129,-0.35416,-0.42282,0.083726,1.1652,-5.5392,-7.3903,-0.58442,-0.87242,-0.222,-145.86,53.202,18.402,-5.4679,12.647,6.7157,0.48039,-0.94867,-0.40302,-38.514,-63.273,-31.907,12
3.9903,-0.52339,-0.23658,-0.22187,0.63213,-1.6518,-8.549,-6.3815,-0.61781,-0.77111,-0.44794,-157.08,74.048,13.224,-4.2058,6.972,6.2028,0.48039,-0.94867,-0.40302,-21.404,-57.812,-31.258,12
4.6577,1.4588,1.205,-0.40607,0.50235,-4.5893,-9.5068,-4.1462,-0.61781,-0.77111,-0.44794,-159.08,61.04,7.9103,-6.073,4.795,2.5002,0.4451,-0.89322,-0.51509,-6.1764,-43.138,-36.876,12
3.394,0.50202,1.6768,-0.38095,0.3349,-1.7596,-9.1127,-0.37948,-0.61781,-0.77111,-0.44794,-162.03,34.648,3.9042,-8.8452,0.67284,-1.7164,0.4451,-0.89322,-0.51509,-3.3223,-44.975,-18.028,12
1.162,0.48644,3.0227,-0.34746,0.30141,-0.15568,-8.5701,2.3929,-0.55844,-0.54597,-0.79371,-151.72,53.994,3.0716,-8.8345,-3.0882,-1.8211,0.4451,-0.89322,-0.51509,4.5237,-32.372,15.938,12
-2.2857,-1.3722,3.6239,-0.48561,0.32653,-1.5124,-5.5098,4.4698,-0.55844,-0.54597,-0.79371,-130.86,78.006,5.8776,-13.823,-6.6568,0.32341,0.3902,-0.89528,-0.56897,12.348,-21.959,66.893,12
-7.5744,-6.1272,5.1433,-0.67399,0.25536,-5.5039,-1.0707,9.7664,-0.55844,-0.54597,-0.79371,-104.92,66.37,7.4953,-16.415,-10.746,-0.5998,0.3902,-0.89528,-0.56897,11.872,-69.562,151.84,12
-18.527,-9.0098,1.6418,-0.76609,-0.087912,0.58693,-4.0126,4.6802,-0.55844,-0.54597,-0.79371,-91.585,-15.598,2.2763,-14.184,-16.484,-1.3763,0.3902,-0.89528,-0.56897,18.457,-57.381,287.59,12
-21.837,-1.6083,-3.429,2.4574,1.2433,-6.3559,2.4467,19.913,-0.48052,-0.32083,-0.96071,-1.0519,61.295,17.013,-15.199,-18.685,-0.48633,0.3902,-0.89528,-0.56897,24.611,37.398,425.03,12
-21.726,-7.151,-5.612,0.046049,0.33072,19.657,-12.575,-6.0468,-0.48052,-0.32083,-0.96071,-31.934,-85.736,-18.562,-20.946,-18.789,-4.8665,0.1098,-0.97125,-0.56034,5.6001,111.17,542.32,12
-21.818,-2.5295,-5.2277,-0.79958,0.25955,14.064,-18.956,23.182,-0.48052,-0.32083,-0.96071,10.058,71.459,19.719,-20.979,-18.784,-3.4288,0.1098,-0.97125,-0.56034,-24.834,101.84,631.34,12
-21.839,-0.99156,-7.5313,-0.87493,-0.15489,14.163,-19.052,13.574,-0.43414,-0.27205,-0.98232,2.202,26.033,34.905,-21.038,-18.742,-1.1662,0.1098,-0.97125,-0.56034,-38.563,-14.313,653.52,12
-21.862,-0.32596,-1.3872,-0.90424,-0.17582,-15.378,-19.377,-4.0706,-0.43414,-0.27205,-0.98232,-1.3792,13.041,51.99,-20.906,-18.772,-4.199,-0.4902,-0.76797,-0.58836,-34.69,-57.904,654.04,12
-21.9,1.0398,-3.6538,-0.96285,-0.25536,-21.086,-19.443,-9.6413,-0.43414,-0.27205,-0.98232,-27.785,24.315,35.666,-20.92,-18.771,-4.074,-0.4902,-0.76797,-0.58836,-35.951,-76.22,654.19,12
-16.131,0.51343,-3.838,-0.82051,-0.041863,-8.901,-19.322,-8.3988,-0.43414,-0.27205,-0.98232,-21.432,62.6,4.4203,-20.994,-18.746,-1.6248,-0.4902,-0.76797,-0.58836,-41.236,-84.121,602.9,12
-7.3257,0.62726,-1.3646,-1.0005,-0.37677,-10.156,-19.257,4.9877,-0.43414,-0.27205,-0.98232,-30.255,9.1099,-38.447,-20.998,-14.841,-3.1066,-0.4902,-0.76797,-0.58836,-43.213,-120.18,498.17,12
3.4523,1.6258,-0.53789,-0.7326,-0.24699,-6.5528,-19.144,13.331,-0.43414,-0.27205,-0.98232,-17.368,-76.891,-70.89,-14.515,-6.4669,-3.6879,-0.94706,-0.088296,-0.40302,-44.394,-148.59,359.44,12
9.3855,1.9351,-1.2995,-0.61957,-0.012559,-0.76914,-10.643,-4.9044,-0.43414,-0.27205,-0.98232,32.746,-139.23,-26.535,-5.1511,2.4057,-4.4318,-0.94706,-0.088296,-0.40302,-56.066,-130.81,220.76,12
10.131,-1.5063,-0.85136,-0.3977,-0.2428,3.9086,-1.7904,-3.79,-0.51391,-0.24578,-0.97053,12.167,-175.72,-8.4429,0.22961,0.46857,-3.1432,-0.94706,-0.088296,-0.40302,-84.212,-108.86,118.9,12
6.498,-1.6697,0.74446,-0.2763,0.1214,2.3524,0.6753,0.20312,-0.51391,-0.24578,-0.97053,29.663,-117.91,-2.0116,4.8494,-3.1526,-3.2618,-1.0275,0.25051,-0.051724,-82.622,-93.406,68.596,12
0.50855,-2.7004,1.8622,-0.22187,0.15489,4.1575,-0.91624,-2.5147,-0.51391,-0.24578,-0.97053,15.313,-135.57,-5.0112,8.8779,-2.7269,-3.6884,-1.0275,0.25051,-0.051724,-81.169,-91.737,19.15,12
-3.2275,-2.7657,1.6248,-0.25955,0.20513,2.5644,-9.4281,-10.133,-0.74212,-0.2833,-0.76817,-11.641,-204.65,-3.0597,17.515,-1.4633,-6.3336,-1.0275,0.25051,-0.051724,-71.911,-81.605,-29.142,12
-2.58,-0.29059,1.2265,-0.25118,0.087912,16.58,-2.7821,-1.9733,-0.74212,-0.2833,-0.76817,16.289,-102.36,-19.504,19.372,0.83646,-9.354,-1.0275,0.25051,-0.051724,-65.356,-0.6069,-89.749,12
-0.70403,0.3528,1.3896,-0.22187,-0.054422,6.5805,0.12953,2.0619,-0.74212,-0.2833,-0.76817,39.248,44.378,-14.649,19.374,1.5999,-9.0138,-1.0412,0.22998,0.17457,-66.38,76.495,-220.87,12
1.8262,0.10349,1.5777,-0.36421,-0.39351,-1.6415,-1.5969,4.6642,-0.74212,-0.2833,-0.76817,53.661,85.885,-7.7041,15.301,-0.40562,-7.5619,-1.0412,0.22998,0.17457,-65.472,77.571,-348.29,12
3.7217,-0.22595,1.0639,-0.44375,-0.33072,-1.219,-2.852,6.8765,-0.79221,-0.36398,-0.67191,68.051,73.448,-12.052,12.399,-1.2321,-5.2074,-1.0412,0.22998,0.17457,-62.102,37.556,-408.12,12
4.5043,-0.97092,0.5863,-0.4898,-0.35583,3.2548,-4.1583,3.9705,-0.79221,-0.36398,-0.67191,86.336,86.476,-13.847,11.91,-3.2491,-1.9125,-1.0412,-0.19918,0.036638,-60.407,9.5581,-429.46,12
3.6497,-1.1713,0.57879,0.19257,0.016745,2.8805,-4.2968,-1.9569,-0.79221,-0.36398,-0.67191,94.13,121.08,-14.926,9.1345,-4.254,-0.4002,-1.0412,-0.19918,0.036638,-54.746,19.11,-430.53,12
1.1001,-0.45786,-0.58858,2.5243,1.6327,2.3716,-4.7853,-1.2989,-0.6679,-0.52158,-0.74067,94.241,121.08,-12.619,2.9866,-5.7065,-1.6499,-1.0412,-0.19918,0.036638,-57.021,42.94,-409.15,12
-0.62041,0.21226,-1.6441,-1.0424,-0.76609,3.3876,-5.7889,0.31735,-0.6679,-0.52158,-0.74067,100.56,121.01,-12.601,0.96375,-6.277,-2.6993,-1.0412,-0.19918,0.036638,-59.166,61.893,-367.15,12
-1.6333,1.8665,-0.40044,-0.61957,-0.50654,0.94985,-6.0873,2.1635,-0.6679,-0.52158,-0.74067,111.49,146.78,-9.9024,1.7279,-5.1156,-4.5579,-0.81569,-0.67762,-0.12069,-55.156,85.883,-341.67,12
-3.2561,0.17878,-2.9523,-0.55678,-0.42282,-1.2376,-4.8816,0.95188,-0.6679,-0.52158,-0.74067,108.84,108.82,-6.0068,-0.28427,-6.2046,-5.4561,-0.81569,-0.67762,-0.12069,-59.545,113.77,-316.05,12
-8.8497,0.060459,-4.7946,-0.55678,-0.55259,2.5498,-4.7108,-1.7725,-0.46753,-0.70356,-0.73281,109.28,96.522,-2.5737,-4.5544,-7.1746,-3.4629,-0.81569,-0.67762,-0.12069,-56.58,105.05,-295.32,12
-21.839,0.55398,-8.5501,-0.52747,-0.45631,19.478,-6.966,-18.383,-0.46753,-0.70356,-0.73281,-22.207,-121.98,-47.975,-5.4921,-6.6372,-0.71728,-0.43725,-0.90965,-0.40948,-51.028,49.824,-277.33,12
-21.926,4.3986,-16.33,-0.45631,-0.0041863,-6.5179,-19.459,-19.205,-0.46753,-0.70356,-0.73281,-120.95,-150.17,-11.519,-3.7088,-7.9273,0.2703,-0.43725,-0.90965,-0.40948,-47.096,-5.7886,-262.98,12
-21.927,4.4258,-12.991,-0.066981,1.101,-21.305,-19.099,22.822,-0.35807,-0.77111,-0.73674,-193.53,185.79,43.138,-2.8753,-10.922,-0.18151,-0.43725,-0.90965,-0.40948,-42.132,-30.082,-255.42,12
-21.887,1.3969,-12.085,-0.36002,0.36421,5.6382,-19.395,-14.757,-0.35807,-0.77111,-0.73674,-119.31,-31.1,-18.226,-4.9395,-18.11,-0.97841,-0.43725,-0.90965,-0.40948,-43.695,-42.708,-249.18,12
-21.875,0.80761,-9.7063,-0.071167,-0.13815,8.6365,-3.8865,-3.5038,-0.35807,-0.77111,-0.73674,-93.366,20.016,-4.5378,-9.7055,-18.702,-2.2476,-0.15098,-0.94867,-0.5194,-44.562,-75.565,-232.63,12
-21.831,-2.3781,-8.2667,-0.23443,-0.19257,0.76166,-9.6847,-10.05,-0.31911,-0.5666,-0.97446,-46.477,-3.7554,-9.1339,-4.5376,-18.718,-5.8422,-0.15098,-0.94867,-0.5194,-20.84,-73.267,-178.75,12
-21.847,-0.56737,-6.5247,-0.087912,-0.22606,0.43773,-11.212,-10.296,-0.31911,-0.5666,-0.97446,-16.041,-2.5919,-0.80767,-3.1485,-18.718,-5.8109,-0.15098,-0.94867,-0.5194,50.111,37.993,-88.908,12
-18.464,0.48644,-3.472,-0.050235,-0.12977,1.1456,-11.789,-12.536,-0.31911,-0.5666,-0.97446,28.823,14.207,7.9395,-5.6688,-18.665,-0.48533,-0.015686,-0.98563,-0.52586,19.851,117.97,2.4664,12
-9.0836,0.64458,1.2054,-0.1842,-0.054422,0.2194,-13.266,-10.713,-0.31911,-0.5666,-0.97446,71.929,13.409,9.1055,-6.2301,-18.631,0.88094,-0.015686,-0.98563,-0.52586,-11.83,145.52,39.102,12
-1.488,-1.8614,0.81142,-0.083726,-0.066981,-4.5276,-16.057,-9.6294,-0.30983,-0.58349,-0.93713,108.01,-10.438,9.9212,-11.799,-18.682,0.84717,-0.015686,-0.98563,-0.52586,-31.315,135.98,9.9272,12
5.9016,-1.1391,-2.4078,-0.23025,-0.25536,-5.5789,-19.355,-6.8361,-0.30983,-0.58349,-0.93713,145.02,-64.753,15.496,-12.801,-18.651,1.932,-0.015686,-0.98563,-0.52586,-40.266,48.759,-46.419,12
12.758,-0.54699,-5.2703,-0.32234,-0.50654,-7.0151,-19.301,0.62106,-0.30983,-0.58349,-0.93713,176.68,-77.73,31.299,-11.493,-14.394,4.5511,0.13922,-0.96304,-0.57112,-33.202,-16.768,-94.72,12
15.948,1.0884,-5.0178,-0.38095,-0.53585,1.9508,-16.804,3.7835,-0.42486,-0.82176,-0.65029,191.19,-80.811,35.08,-7.605,-10.596,6.366,0.13922,-0.96304,-0.57112,-22.015,-47.093,-67.117,12
6.9703,1.9881,-2.9474,-0.69074,-0.69074,4.439,-13.54,-10.456,-0.42486,-0.82176,-0.65029,144.12,-97.955,21.618,-4.6261,-5.1242,6.5771,0.13922,-0.96304,-0.57112,-1.7333,-47.661,-30.966,12
-2.7392,1.6066,-0.7712,2.5536,0.91261,-1.1606,-15.16,-18.978,-0.42486,-0.82176,-0.65029,44.239,-207.6,5.5202,-1.2602,1.1894,4.9449,0.16078,-0.9117,-0.6056,20.155,-31.196,3.9642,12
-8.7634,-0.21327,-2.5876,0.14652,-0.13815,-0.49925,5.3442,-18.05,-0.42486,-0.82176,-0.65029,-11.64,-173.09,14.951,1.357,6.0508,3.0838,0.16078,-0.9117,-0.6056,29.184,9.9574,44.888,12
-7.1518,0.52049,1.4047,-0.74097,-0.63632,16.74,-1.0681,-11.761,-0.55659,-0.85929,-0.31041,-68.852,-142.25,20.693,1.5623,8.1122,2.2181,0.16078,-0.9117,-0.6056,26.276,60.255,80.789,12
-1.7161,-1.0633,-1.4431,-0.77865,-0.6112,7.4217,1.2901,-9.6009,-0.55659,-0.85929,-0.31041,-80.987,42.461,34.096,-1.1882,8.3516,2.1572,0.16078,-0.9117,-0.6056,15.491,76.884,99.541,12
2.5231,-0.90472,0.065944,-0.86656,-0.92936,-2.1435,-2.9521,-7.0961,-0.55659,-0.85929,-0.31041,-123.71,88.393,26.266,-2.6769,6.9359,2.5864,0.14706,-0.9692,-0.56466,8.0397,49.932,101.11,12
5.2588,0.19361,1.049,-0.67818,-0.92517,-7.2746,-6.4997,-6.4081,-0.62338,-0.7561,-0.4833,-149.71,96.176,20.359,-2.3841,5.9017,2.1701,0.14706,-0.9692,-0.56466,7.2507,6.9328,83.469,12
6.1619,-1.0244,0.51833,-0.61957,-0.72423,-5.2484,-9.773,-5.0203,-0.62338,-0.7561,-0.4833,-159.59,62.88,12.664,-0.92797,4.5242,1.4241,0.14706,-0.9692,-0.56466,8.0155,-24.305,63.941,12
2.9176,0.081178,1.8705,-0.67399,-0.69074,-1.0142,-9.0928,-2.3502,-0.62338,-0.7561,-0.4833,-165.69,32.116,5.4457,-0.944,3.4997,0.96665,0.052941,-0.96509,-0.52586,8.1359,-12.263,52.271,12
-1.1982,1.3238,2.7823,-0.68237,-0.72423,-0.87761,-10.457,3.8225,-0.62338,-0.7561,-0.4833,-155.51,54.583,9.2022,-4.4047,0.92182,-0.81849,0.052941,-0.96509,-0.52586,6.6655,20.227,69.245,12
-4.3346,1.0751,5.3283,-0.53166,-0.69492,-5.3466,-2.6668,7.5736,-0.57699,-0.5122,-0.81336,-109.68,102.56,15.742,-10.91,-1.5347,-3.4726,0.052941,-0.96509,-0.52586,8.7753,33.724,96.228,12
-6.8395,-0.44901,4.728,-0.5191,-0.83307,-8.0947,3.8794,9.7172,-0.57699,-0.5122,-0.81336,-72.6,64.946,19.273,-17.11,-5.5781,-6.8102,0.052941,-0.96509,-0.52586,11.093,14.193,160.01,12
-20.106,-8.3537,-0.8992,-0.33072,-0.64887,-5.1942,1.9123,10.044,-0.57699,-0.5122,-0.81336,-29.722,7.4532,22.021,-21.135,-12.829,-2.8914,-0.019608,-0.98768,-0.52586,32.624,-23.018,271.64,12
-21.825,-1.6811,-6.2355,-0.3056,-0.44375,-0.30979,2.0234,-8.5478,-0.49722,-0.32833,-0.96267,-28.524,-59.164,18.19,-21.212,-18.71,2.9603,-0.019608,-0.98768,-0.52586,67.664,-73.799,401.01,12
-21.804,-2.7349,-12.962,-0.054422,-0.35583,19.885,-19.046,10.247,-0.49722,-0.32833,-0.96267,-4.6102,-34.816,-26.832,-17.605,-18.65,6.0467,-0.019608,-0.98768,-0.52586,100.36,-35.577,499.11,12
-21.696,-7.1173,-4.9142,-0.020931,-0.25118,-10.529,-19.078,22.93,-0.49722,-0.32833,-0.96267,14.877,145.17,69.679,-17.829,-17.824,5.588,-0.48431,-0.93429,-0.3319,104.73,24.344,597.16,12
-21.828,-2.0284,-5.8562,-0.14652,-0.43537,8.9669,-19.106,10.239,-0.50093,-0.29081,-0.97446,27.284,26.149,23.147,-21.249,-17.804,6.5577,-0.48431,-0.93429,-0.3319,74.561,23.413,655.41,12
-21.888,2.4571,-4.9683,-0.22606,-0.29723,-6.861,-19.299,2.7685,-0.50093,-0.29081,-0.97446,5.351,-32.531,8.1548,-21.467,-17.456,13.377,-0.48431,-0.93429,-0.3319,38.545,-59.348,655.52,12
-16.405,2.0794,-3.1286,-0.37258,-0.427,-10.662,-19.305,0.20939,-0.50093,-0.29081,-0.97446,-23.621,-30.773,-6.8678,-19.785,-11.251,15.927,-0.48431,-0.93429,-0.3319,10.134,-117.7,581.52,12
-5.362,-0.084049,-2.0076,-0.37677,-0.40607,-10.764,-19.284,3.3136,-0.50093,-0.29081,-0.97446,-39.608,-13.549,-27.499,-16.75,-7.5118,13.822,-0.99804,-0.30801,-0.14009,-18.206,-115.02,440.14,12
4.1548,2.8682,-0.84713,0.16327,-0.39351,-9.2161,-19.164,14.325,-0.52134,-0.28705,-0.96071,-23.2,-37.016,-32.932,-11.316,1.1748,8.4754,-0.99804,-0.30801,-0.14009,-58.673,-86.34,291.03,12
8.7036,2.697,0.62168,3.6463,2.0471,2.0958,-17.232,1.5343,-0.52134,-0.28705,-0.96071,-22.709,-34.819,-13.195,-3.0671,6.7299,8.9927,-0.99804,-0.30801,-0.14009,-78.826,-36.979,161.61,12
8.6128,-0.84368,2.0714,-0.78702,-0.39351,8.1732,-8.8877,2.3144,-0.52134,-0.28705,-0.96071,-36.841,-80.182,-11.448,3.7955,2.945,9.5014,-1.0431,0.13552,0.096983,-78.703,-6.7262,47.23,12
5.4655,-3.5795,1.8042,-0.60283,-0.51073,4.7512,-5.5524,1.197,-0.59926,-0.26642,-0.92731,-40.272,-64.184,-11.395,8.7637,1.7961,7.6106,-1.0431,0.13552,0.096983,-61.289,-60.683,-49.716,12
1.1595,-4.4384,0.55844,-0.47305,-0.51073,0.65554,-8.8432,8.7519,-0.59926,-0.26642,-0.92731,-54.271,-144.04,-14.069,12.628,-2.5075,-5.7504,-1.0431,0.13552,0.096983,-50.121,-110.81,-60.544,12
-2.9196,-2.5045,2.0799,-0.38932,-0.61538,13.044,-4.3233,10.248,-0.59926,-0.26642,-0.92731,-13.502,-98.581,-19.235,14.943,4.8097,-12.03,-1.0431,0.13552,0.096983,-16.377,-75.743,-95.238,12
-3.167,-0.74008,2.1544,-0.35583,-0.66562,1.2024,1.3412,10.36,-0.59926,-0.26642,-0.92731,43.158,28.926,-18.613,16.637,7.3663,-14.371,-1.0431,0.13552,0.096983,-21.904,-0.10172,-122.82,12
-1.3886,-0.26723,2.1023,-0.31816,-0.68655,2.9147,-0.29006,11.588,-0.70686,-0.2439,-0.84872,79.416,17.187,-23.838,10.698,7.3394,-11.06,-1.0431,0.13552,0.096983,-31.761,73.414,-185.85,12
0.0030313,-0.15157,2.0285,-0.29723,-0.76609,4.1236,-3.0264,6.2753,-0.70686,-0.2439,-0.84872,123.01,51.981,-26.934,6.343,3.1086,-7.1362,-1.0431,0.13552,0.096983,-41.781,94.759,-202.87,12
1.1253,-0.20585,2.5183,-0.10884,-0.57771,1.6756,-4.6662,2.6897,-0.70686,-0.2439,-0.84872,148.01,66.226,-23.824,4.6168,2.0177,-3.2324,-1.0431,-0.13552,0.15733,-44.981,115.87,-218.3,12
2.0889,-0.40404,0.068899,0.14652,-0.29304,3.4405,-8.4064,0.94742,-0.60853,-0.50469,-0.778,169.08,70.603,-22.125,2.0774,0.82479,-1.5213,-1.0431,-0.13552,0.15733,-44.162,108.06,-236.26,12
2.7047,0.62403,-1.1123,0.26792,-0.29723,3.7548,-10.389,-1.2319,-0.60853,-0.50469,-0.778,187.4,108.4,-19.262,1.6634,-0.89149,-2.1487,-1.0431,-0.13552,0.15733,-45.242,89.791,-249.46,12
1.0777,1.1679,0.45248,0.31397,-0.28885,-7.1361,-12.761,-1.8865,-0.60853,-0.50469,-0.778,203.9,163.47,-3.6925,0.75038,-3.3755,-4.5542,-0.95294,-0.44353,-0.13362,-44.136,74.704,-250.73,12
-1.4939,-0.054241,-0.11014,0.41863,-0.092098,-7.1455,-10.873,-7.0526,-0.45269,-0.78612,-0.59921,166.29,35.952,4.3954,-1.4904,-3.8238,-6.3787,-0.95294,-0.44353,-0.13362,-54.94,53.556,-252.9,12
-4.5895,-3.8581,-2.6209,0.59445,-0.22606,4.0301,-9.2639,-17.475,-0.45269,-0.78612,-0.59921,106.87,-43.087,-0.26347,-2.6956,-8.1011,-5.1134,-0.95294,-0.44353,-0.13362,-67.115,38.961,-236.39,12
-13.365,-3.9646,-2.7673,0.28885,-0.47305,1.3065,-2.0947,-18.383,-0.45269,-0.78612,-0.59921,63.758,-10.362,-1.3158,-9.4967,-13.656,-2.5578,-0.95294,-0.44353,-0.13362,-67.13,55.352,-194.31,12
-21.87,0.56756,-10.949,0.35583,0.18838,19.391,2.1469,-17.98,-0.45269,-0.78612,-0.59921,-41.805,-183.99,-26.473,-11.898,-16.26,1.0203,-0.78039,-0.65708,-0.32759,-59.37,41.477,-122.18,12
-22.147,14.408,-15.503,0.53166,-0.15908,17.106,-19.338,-18.963,-0.5102,-0.86492,-0.40275,-138.8,333.87,-42.41,-8.9711,-18.657,1.2546,-0.78039,-0.65708,-0.32759,-41.042,96.924,-22.007,12
-21.824,-2.2109,-16.894,0.26792,0.56515,-21.336,-19.029,22.835,-0.5102,-0.86492,-0.40275,-79.779,39.513,-48.295,-19.832,-18.65,5.9633,-0.78039,-0.65708,-0.32759,-7.1784,161.87,100.04,12
-21.973,6.2344,-14.102,0.38514,0.03349,-16.579,-19.447,-9.0131,-0.5102,-0.86492,-0.40275,-134.23,4.645,-8.3287,-21.179,-18.711,1.8561,-0.63922,-0.62218,-0.57328,23.992,172.95,186.84,12
-21.835,-0.17774,-11.132,3.4286,1.7457,0.43014,-3.7615,-12.788,-0.3859,-0.76923,-0.73084,-65.37,51.663,-5.1255,-21.023,-18.756,-2.6462,-0.63922,-0.62218,-0.57328,43.099,162.71,233.89,12
-21.864,-0.74466,-8.0039,-0.19676,-0.49398,3.2298,-16.144,-8.4728,-0.3859,-0.76923,-0.73084,-15.369,4.0069,-17.193,-20.836,-18.842,-9.1817,-0.63922,-0.62218,-0.57328,54.163,138.03,209.09,12
-19.545,1.4867,-2.5609,0.07954,-0.61957,3.754,-12.962,-11.027,-0.3859,-0.76923,-0.73084,35.976,3.6769,-13.888,-20.83,-18.817,-10.733,-0.63922,-0.62218,-0.57328,36.083,89.411,156.87,12
-4.4118,-0.62457,-1.5509,-0.012559,-0.49398,0.94843,-17.1,-7.9705,-0.3859,-0.76923,-0.73084,89.194,-14.286,-6.8358,-20.881,-15.425,-9.4796,-0.55882,-0.53183,-0.73276,12.225,37.571,85.067,12
5.6585,-1.1089,0.38441,0.025118,-0.3056,-6.0829,-19.38,-7.259,-0.34323,-0.79925,-0.68173,117.41,-85.394,15.245,-20.896,-8.2171,-11.713,-0.55882,-0.53183,-0.73276,-4.072,23.678,4.3749,12
11.888,-1.9748,-4.7777,0.20931,-0.44375,-7.8133,-19.294,-1.647,-0.34323,-0.79925,-0.68173,178.18,-98.663,35.23,-19.855,-2.7593,-11.93,-0.55882,-0.53183,-0.73276,-28.367,35.841,-37.749,12
14.444,0.53203,-5.4258,0.28467,-0.51491,-8.371,-19.196,13.092,-0.34323,-0.79925,-0.68173,240.1,-106.62,41.142,-13.633,0.52578,-5.4216,-0.51765,-0.51335,-0.77155,-29.764,-32.085,-80.419,12
7.8365,2.112,-3.3678,0.20931,-0.48561,-11.65,-8.3009,-18.209,-0.49165,-0.89681,-0.25933,140.12,-113.69,58.508,-5.9097,0.78727,-2.2731,-0.51765,-0.51335,-0.77155,-20.306,-37.735,-73.314,12
-0.87063,1.1071,-1.4793,0.39351,-0.33909,19.616,-19.318,-18.947,-0.49165,-0.89681,-0.25933,-25.354,-362.68,-45.361,-2.6174,2.6835,0.35293,-0.51765,-0.51335,-0.77155,-12.781,-75.241,-41.38,12
-7.3783,0.2281,-0.89526,0.46049,-0.42282,-7.782,14.251,-0.68821,-0.49165,-0.89681,-0.25933,4.7003,84.173,35.861,3.3572,3.6953,1.5285,-0.51765,-0.51335,-0.77155,-4.3774,-114.58,-10.494,12
-7.3039,0.04582,-0.77482,0.63213,-0.3977,8.7484,-2.341,-16.28,-0.49165,-0.89681,-0.25933,-58.5,63.154,18.576,9.2862,3.6989,1.8933,-0.60588,-0.50924,-0.67457,5.187,-109.67,18.168,12
-2.5955,0.48403,-0.49328,0.77865,-0.24699,0.58834,-0.83698,-12.411,-0.57328,-0.87054,-0.13752,-88.548,133.73,27.418,7.8181,6.4657,0.57329,-0.60588,-0.50924,-0.67457,21.58,-68.198,7.6118,12
0.43772,0.33614,0.15657,0.67818,-0.31397,-6.5388,-3.8392,-6.6948,-0.57328,-0.87054,-0.13752,-121.54,124.7,20.087,9.9498,6.4021,-1.7945,-0.60588,-0.50924,-0.67457,17.893,-41.946,-2.4718,12
2.2733,-0.031003,-0.687,0.7326,-0.25536,-4.4392,-7.0806,-5.0859,-0.57328,-0.87054,-0.13752,-140.35,109.48,15.276,9.4474,5.3098,-3.0158,-0.7098,-0.53593,-0.54095,16.694,17.703,-46.053,12
3.1331,-0.088017,0.82366,0.80795,-0.15908,-6.2755,-7.9195,-3.8337,-0.55288,-0.77111,-0.49509,-137.21,111.65,12.739,5.6286,3.9008,-2.9195,-0.7098,-0.53593,-0.54095,7.9246,56.374,-71.524,12
2.3596,0.20217,2.3445,0.71167,-0.15071,-8.2768,-6.7801,-0.78636,-0.55288,-0.77111,-0.49509,-141.62,48.572,9.5617,2.495,2.1744,-1.5579,-0.7098,-0.53593,-0.54095,-3.553,57.627,-84.763,12
1.0238,-0.17995,2.8575,0.44793,-0.37258,-2.4258,-8.0452,1.4172,-0.55288,-0.77111,-0.49509,-139.72,11.489,6.4314,0.4128,1.7134,0.33567,-0.7098,-0.53593,-0.54095,-11.526,50.302,-99.289,12
-0.38689,-1.3624,2.5195,0.40607,-0.51073,-1.5212,-6.489,1.5978,-0.51763,-0.5666,-0.79371,-131.86,0.95165,9.1212,-2.304,0.91494,2.4937,-0.57255,-0.61396,-0.63147,-16.073,26.411,-97.336,12
