-21.932,3.6727,-5.3642,-0.52329,0.12559,11.512,-18.927,23.138,-0.52134,-0.90807,-0.10216,-30.57,-118.23,-27.932,-14.805,-13.912,2.8044,-0.88627,-0.5462,-0.15733,33.817,24.477,376.24,12
-21.862,0.14747,-14.387,-0.84563,-0.046049,11.574,-18.966,23.157,-0.52134,-0.90807,-0.10216,-13.514,-8.3052,-18.839,-21.275,-18.676,6.3787,-0.88627,-0.5462,-0.15733,42.132,48.074,493.86,12
-21.998,7.4748,-6.8536,-0.78702,-0.12559,19.994,-18.916,22.306,-0.48609,-0.91182,-0.15128,-6.4548,-10.027,-13.479,-21.269,-18.668,6.202,-0.88627,-0.5462,-0.15733,43.91,28.345,573.52,12
-21.773,-4.2878,-5.1122,-0.7619,-0.17582,-10.439,-19.286,2.1188,-0.48609,-0.91182,-0.15128,-14.941,-12.144,10.666,-21.34,-18.658,8.2234,-1.0275,-0.014374,-0.17888,44.693,-37.009,554.33,12
-21.682,-9.8342,-3.9167,-0.65725,-0.2428,-11.496,-19.385,-7.7717,-0.48609,-0.91182,-0.15128,-33.377,-46.822,-12.573,-21.372,-18.641,9.943,-1.0275,-0.014374,-0.17888,31.782,-107.23,524.81,12
-17.489,-7.8501,-3.1907,-0.54422,-0.10047,-3.2516,-19.335,-6.7388,-0.4564,-0.90432,-0.17485,-24.616,-20.121,-21.817,-21.264,-18.693,5.7112,-1.0275,-0.014374,-0.17888,12.168,-147.61,496.3,12
-9.5462,-7.5398,-5.0575,-0.38095,0.2135,-5.4402,-19.256,6.1078,-0.4564,-0.90432,-0.17485,-25.321,-30.389,-40.46,-21.282,-12.391,3.8596,-0.87059,0.61602,0.010776,-20.615,-284.16,438.17,12
-6.5329,-1.637,-0.41049,-0.18001,0.3977,-10.045,-19.218,6.9074,-0.4564,-0.90432,-0.17485,45.255,-92.563,-22.346,-15.319,-3.0403,-3.027,-0.87059,0.61602,0.010776,-50.387,-352.93,410.1,12
-1.5492,1.196,0.065532,-0.41863,0.087912,-0.88284,-8.8156,-7.3038,-0.4564,-0.90432,-0.17485,39.248,-120.94,-2.6058,6.3846,-1.9749,-8.4946,-0.87059,0.61602,0.010776,-80.096,-271.7,409.06,12
9.1647,2.877,2.2695,-0.56096,0.17582,6.0033,-6.1264,-2.7359,-0.41002,-0.94371,-0.088409,49.592,-86.734,13.584,18.734,-2.3635,-9.3473,-0.87059,0.61602,0.010776,-99.922,-63.976,326.44,12
13.798,4.5641,0.8213,-0.7326,-0.15489,9.617,-6.7544,-1.179,-0.41002,-0.94371,-0.088409,58.425,-62.236,7.9676,15.68,-0.20604,-7.6041,-0.35882,0.8809,0.57759,-102.92,-5.1486,162.61,12
8.9694,-0.99748,1.6471,-0.64469,0.10884,0.63762,-1.1863,-4.7717,-0.41002,-0.94371,-0.088409,51.172,-24.548,15.095,19.529,-2.2655,-12.551,-0.35882,0.8809,0.57759,-89.523,-29.508,-9.4376,12
1.0708,-2.0267,1.7229,-0.48561,0.26374,5.0081,-6.6837,-9.9508,-0.42486,-0.92495,0.070727,6.7129,-92.544,10.892,15.356,-0.70952,-11.952,-0.35882,0.8809,0.57759,-73.261,16.791,-100.19,12
-4.5635,-1.1154,0.92066,-0.54003,0.12559,14.81,-3.345,1.1475,-0.42486,-0.92495,0.070727,3.0489,-8.2874,-11.378,9.7885,1.1666,-11.338,-0.27255,0.78029,0.76078,-58.199,14.94,-143.19,12
-3.6722,-0.73156,0.79732,-0.80377,-0.40607,4.0737,-0.87624,4.4553,-0.42486,-0.92495,0.070727,16.235,82.039,-11.679,5.0922,3.6704,-9.9623,-0.27255,0.78029,0.76078,-55.918,45.553,-146.7,12
-1.5903,-0.28154,0.30098,-0.86238,-0.55678,-1.0236,-0.55111,6.2747,-0.42672,-0.93246,0.086444,33.032,99.853,-5.9882,2.4187,4.6748,-6.5163,-0.27255,0.78029,0.76078,-58.843,58.259,-149.41,12
0.8981,0.54952,0.49156,-0.87493,-0.53166,-0.76536,-0.898,6.2391,-0.42672,-0.93246,0.086444,53.216,82.22,-4.9168,0.77505,3.7724,-4.7593,-0.27255,0.78029,0.76078,-68.121,64.03,-144.24,12
2.9667,0.65734,-0.14084,-0.4898,-0.16327,0.083212,-2.4859,6.8557,-0.42672,-0.93246,0.086444,80.183,65.07,-7.3049,0.83103,1.405,-2.5027,-0.27255,0.78029,0.76078,-74.176,68.905,-134.66,12
2.2097,0.62507,-0.70164,2.6792,1.9173,-2.5602,-2.8968,5.3712,-0.42672,-0.93246,0.086444,97.7,56.638,-7.5709,-1.222,0.36612,-0.38794,-0.27255,0.78029,0.76078,-71.73,80.191,-147.0,12
2.2641,0.937,-2.5472,-1.4778,-0.77446,-4.1856,-3.0895,5.8974,-0.46197,-0.89118,0.19253,111.66,50.443,-3.4591,-3.9963,-1.1374,0.25563,-0.27255,0.78029,0.76078,-73.899,42.793,-150.28,12
0.29841,1.746,0.44135,-0.83726,-0.38932,-4.7283,-4.0618,3.7184,-0.46197,-0.89118,0.19253,123.17,37.484,3.9439,-1.5737,-1.5503,-2.0254,-0.68824,0.34908,0.83621,-79.098,7.6283,-151.12,12
-1.0662,0.27939,-0.72222,-0.88749,-0.50235,-2.4858,-5.7244,1.8139,-0.46197,-0.89118,0.19253,124.23,46.097,4.558,0.66677,-2.6268,-1.6834,-0.68824,0.34908,0.83621,-82.312,27.295,-147.77,12
-1.9489,-0.029038,-0.055245,-0.86656,-0.41444,0.16773,-5.9052,-2.3977,-0.4898,-0.77861,0.389,99.318,-2.4611,4.6761,1.7622,-2.6951,-1.5098,-0.68824,0.34908,0.83621,-75.476,64.628,-128.15,12
-2.7417,0.21523,1.9983,-0.65725,-0.43119,4.0089,-4.7637,-11.021,-0.4898,-0.77861,0.389,76.699,25.655,0.51827,1.8164,-3.1383,-0.834,-0.75686,0.086242,0.79526,-67.083,113.94,-106.81,12
-1.7572,-1.5328,7.0831,-0.54003,-0.47724,-3.8161,-1.7024,-9.842,-0.4898,-0.77861,0.389,43.659,7.4533,0.78389,0.031657,-3.2962,-0.62314,-0.75686,0.086242,0.79526,-55.149,140.39,-81.929,12
-11.001,-9.5234,-5.1308,-0.38514,-0.46468,13.41,-5.2531,-18.379,-0.4898,-0.77861,0.389,-9.8296,-175.68,-27.34,-2.3911,-1.8601,-0.0096715,-0.75686,0.086242,0.79526,-42.464,134.26,-65.008,12
-21.721,-6.8826,-17.304,-0.071167,0.8247,17.437,-0.63673,-18.128,-0.4564,-0.71107,0.50491,-67.387,123.24,-22.107,-5.3706,-3.7805,3.9464,-0.75686,0.086242,0.79526,-38.148,81.088,-60.058,12
-22.01,7.0524,-16.134,0.2763,-1.5113,-21.315,-19.158,22.829,-0.4564,-0.71107,0.50491,-128.52,128.44,36.207,-10.503,-11.826,8.367,-0.93725,-0.065708,0.53879,-29.126,-22.075,-76.896,12
-21.784,-3.2107,-14.857,-0.058608,0.4898,-7.2016,-7.7216,-18.698,-0.4564,-0.71107,0.50491,-192.86,-31.099,-87.607,-12.309,-18.622,6.8293,-0.93725,-0.065708,0.53879,-19.815,-96.41,-60.082,12
-21.84,-1.4234,-8.7913,-0.17164,0.046049,9.8038,-5.9866,-18.462,-0.42115,-0.89869,0.21807,-70.233,19.785,-11.492,-12.605,-18.64,6.0472,-0.93725,-0.065708,0.53879,17.688,-26.489,-17.793,12
-21.761,-3.8561,-7.8734,-0.30979,0.21769,-2.285,-19.348,-8.0527,-0.42115,-0.89869,0.21807,-14.065,5.6452,-18.534,-17.403,-18.7,1.0025,-0.9098,-0.11704,0.6056,55.85,127.17,-76.328,12
-21.835,-0.67279,-6.0711,-0.28885,-0.025118,10.655,-9.6596,-11.501,-0.42115,-0.89869,0.21807,14.46,8.4792,-0.6626,-21.113,-18.76,-1.9901,-0.9098,-0.11704,0.6056,50.203,280.61,-74.004,12
-14.168,-0.66685,-4.0495,-0.30141,-0.17164,4.2785,-14.908,-11.546,-0.42115,-0.89869,0.21807,72.747,22.208,17.948,-21.163,-18.703,-0.331,-0.9098,-0.11704,0.6056,11.004,256.61,-44.945,12
-3.2257,-1.8438,1.3604,-0.43537,-0.11303,-4.8345,-18.288,-11.942,-0.42857,-0.90619,0.19057,118.43,-13.111,23.304,-21.082,-18.687,1.3052,-0.9098,-0.11704,0.6056,-27.993,163.03,-95.331,12
9.849,-2.552,-1.6192,-0.68237,-0.41863,-7.1246,-19.339,-3.2257,-0.42857,-0.90619,0.19057,164.79,-75.409,24.298,-21.077,-17.459,-2.9355,-1.0333,-0.16838,0.068966,-42.692,111.46,-131.21,12
15.8,-1.6305,-2.9678,-0.58608,-0.26792,-10.673,-19.316,0.083717,-0.42857,-0.90619,0.19057,238.88,-44.958,39.683,-9.0487,-10.143,-0.33008,-1.0333,-0.16838,0.068966,-49.089,100.09,-149.28,12
15.79,-2.1305,-3.4865,-0.72004,-0.23025,-8.884,-14.318,-14.961,-0.47124,-0.68856,0.55796,143.37,-130.61,28.309,-7.5469,-2.9844,5.5591,-1.0333,-0.16838,0.068966,-49.143,148.5,-135.32,12
7.6418,2.7588,-2.5833,-0.87075,-0.38095,9.9131,-8.8789,-18.584,-0.47124,-0.68856,0.55796,52.565,-103.64,4.7471,-10.051,2.1665,10.65,-0.96863,-0.32649,-0.24784,-41.962,76.644,-90.775,12
-1.4433,2.4687,-1.8515,2.2983,1.9592,-2.944,0.61929,-18.269,-0.47124,-0.68856,0.55796,-17.286,-11.754,16.625,-4.0106,8.2029,5.2851,-0.96863,-0.32649,-0.24784,-16.289,-13.093,-37.018,12
-9.0564,0.29722,-1.4048,-0.82051,0.0,1.1037,-2.2234,-18.381,-0.36735,-0.60413,0.67583,-91.785,6.4224,27.024,1.386,11.324,5.3578,-0.96863,-0.32649,-0.24784,-1.3176,11.868,-30.47,12
-5.8964,-1.1406,-0.92371,-1.0549,0.016745,4.8989,-5.9324,-15.018,-0.36735,-0.60413,0.67583,-135.44,12.914,26.245,4.2751,11.842,7.2171,-0.96863,-0.32649,-0.24784,11.58,44.935,-13.936,12
0.597,-1.5671,-1.2779,-1.101,-0.68655,-0.41497,-10.317,-7.9367,-0.36735,-0.60413,0.67583,-159.83,27.286,20.673,1.0419,12.418,3.798,-0.92941,-0.36756,-0.32328,25.807,85.205,-1.78,12
5.1646,-1.6657,0.018507,-0.96285,-0.57352,-4.0455,-11.653,-3.9565,-0.36735,-0.60413,0.67583,-170.3,41.336,14.681,-1.7801,10.718,1.765,-0.92941,-0.36756,-0.32328,25.985,67.06,-1.2339,12
5.3269,-1.192,1.2927,-0.84144,-0.16745,-5.6428,-10.059,-1.8927,-0.4397,-0.81238,0.39293,-174.77,10.922,13.343,-4.0816,7.4225,1.2461,-0.92941,-0.36756,-0.32328,25.527,39.187,5.8948,12
2.6684,-1.6002,1.077,-0.62376,-0.59027,2.6712,-11.65,0.37131,-0.4397,-0.81238,0.39293,-176.18,-8.3299,12.409,-4.1887,6.0826,0.26246,-0.86078,-0.37988,-0.40948,26.537,-3.3749,15.727,12
0.55208,-0.83633,2.3668,-0.74516,-0.54422,1.6146,-9.5746,3.9228,-0.4397,-0.81238,0.39293,-154.09,65.945,15.842,-5.3874,4.4244,-0.56003,-0.86078,-0.37988,-0.40948,26.536,-21.461,22.045,12
-2.8172,-0.051498,3.3427,-0.52747,-0.20931,-2.3549,0.085625,11.533,-0.48423,-0.90994,0.019646,-126.37,100.35,18.551,-6.3673,4.1121,-1.7944,-0.86078,-0.37988,-0.40948,23.513,-36.534,36.215,12
-3.7497,-0.39543,3.4697,-0.5484,-0.34328,-4.0548,3.1504,16.034,-0.48423,-0.90994,0.019646,-71.1,121.44,23.44,-7.27,3.2093,-1.0687,-0.86078,-0.37988,-0.40948,16.254,-44.209,59.973,12
-6.537,0.084162,3.2286,-0.66562,-0.43119,-4.6192,5.2802,-6.6363,-0.48423,-0.90994,0.019646,-23.263,50.508,23.337,-9.5455,1.1846,-1.5449,-0.92549,-0.35934,-0.30603,6.6725,-32.934,88.91,12
-18.342,1.9506,4.7756,-0.78702,-0.5484,0.36966,-17.208,19.758,-0.48423,-0.90994,0.019646,5.7221,19.025,13.837,-17.856,-2.7954,0.4644,-0.92549,-0.35934,-0.30603,1.0017,-43.453,120.31,12
-21.713,-6.2796,-11.934,-0.854,0.054422,11.687,-17.553,1.1038,-0.53989,-0.89118,-0.16503,-9.9892,4.1366,-16.003,-21.299,-8.2495,2.0459,-0.92549,-0.35934,-0.30603,0.90772,-88.761,181.05,12
-21.882,1.6562,-8.7141,-0.70748,-0.17582,5.0506,-19.04,20.713,-0.53989,-0.89118,-0.16503,8.635,100.28,19.027,-21.315,-14.32,4.9506,-1.0157,-0.20739,-0.17888,10.036,-73.609,289.75,12
-21.786,-3.6166,-1.536,-0.59445,-0.1214,5.9059,-19.166,7.1424,-0.53989,-0.89118,-0.16503,27.004,17.712,14.434,-21.302,-18.013,6.7244,-1.0157,-0.20739,-0.17888,23.089,10.909,388.08,12
-21.867,-1.6102,-1.2502,-0.67818,0.0,-4.9591,-19.266,-0.88791,-0.54545,-0.87617,-0.17878,0.60091,-31.015,22.087,-21.252,-18.66,5.9628,-1.0157,-0.20739,-0.17888,23.86,-1.8004,442.73,12
-21.903,3.2062,-3.1325,-0.97122,-0.016745,-10.678,-19.381,-2.5029,-0.54545,-0.87617,-0.17878,-36.615,-28.074,11.114,-21.313,-18.68,6.9827,-1.0157,-0.20739,-0.17888,31.053,-108.31,470.66,12
-18.55,2.7728,-3.9083,-1.0466,-0.23025,-7.2638,-19.326,-2.8514,-0.54545,-0.87617,-0.17878,-44.234,2.0937,-11.69,-21.275,-18.673,6.7122,-1.0,0.32444,-0.064655,47.037,-89.847,481.62,12
-11.031,1.5615,-1.5226,-1.0842,-0.46468,-6.3623,-19.25,2.6822,-0.55288,-0.87054,-0.23183,-35.758,-11.753,-29.47,-21.231,-18.624,5.5688,-1.0,0.32444,-0.064655,37.892,-70.727,460.67,12
1.6517,1.7602,-1.6416,-1.0382,0.17582,-6.6826,-19.203,8.4522,-0.55288,-0.87054,-0.23183,72.657,-75.956,-21.184,-21.235,-15.746,4.4106,-1.0,0.32444,-0.064655,20.487,-69.809,407.97,12
7.5397,2.8126,1.0321,1.0884,0.3977,0.72844,-7.0964,-5.6809,-0.55288,-0.87054,-0.23183,38.793,-97.636,6.5497,-12.766,-10.011,2.8744,-0.73137,0.81109,0.05819,21.059,-66.444,345.85,12
7.3408,-0.37155,1.0613,-0.071167,0.44375,16.871,-9.8662,-6.4183,-0.55288,-0.87054,-0.23183,25.404,-74.933,7.6006,4.045,-8.7226,-1.259,-0.73137,0.81109,0.05819,-4.8375,-70.827,262.71,12
6.2686,-3.3293,0.81615,-1.3815,-0.41026,-5.3997,0.25857,1.1048,-0.53247,-0.87242,-0.074656,20.165,-48.642,7.731,13.873,-7.858,-3.7991,-0.73137,0.81109,0.05819,-13.187,-44.019,194.76,12
1.8763,-4.4203,0.47585,-1.147,-0.3977,-3.6718,-3.8178,-0.59219,-0.53247,-0.87242,-0.074656,-4.2697,-236.29,9.9519,19.384,-5.6227,-6.2707,-0.73137,0.81109,0.05819,-16.035,-5.6115,94.32,12
0.18749,-4.3239,0.25296,-1.0759,-0.68237,11.941,-2.9667,0.35649,-0.53247,-0.87242,-0.074656,6.6243,-136.76,1.8123,19.336,-3.2678,-5.778,-0.47255,0.96304,0.15948,-19.833,27.485,-29.913,12
-0.94715,-2.1376,0.69183,-1.0382,-0.71586,14.024,-6.8343,1.7152,-0.55288,-0.87054,0.11002,20.922,-5.1633,-11.478,19.329,-3.7174,-6.738,-0.47255,0.96304,0.15948,-29.166,9.7997,-156.28,12
-0.9122,0.66052,1.7226,-0.92098,-0.56096,9.8459,-5.8083,5.308,-0.55288,-0.87054,0.11002,46.006,101.74,-23.294,16.442,-3.6153,-5.5349,-0.47255,0.96304,0.15948,-29.882,27.956,-265.14,12
1.2161,1.3185,1.6871,-0.77028,-0.43537,2.57,-3.8291,5.2092,-0.55288,-0.87054,0.11002,64.522,124.31,-26.776,9.6749,-3.0382,-4.8186,-0.66863,0.86037,0.18319,-27.186,28.259,-322.85,12
1.7971,0.55093,1.2496,-0.49817,-0.13396,1.5333,-3.2458,3.1447,-0.55288,-0.87054,0.11002,81.66,100.65,-26.449,6.0456,-2.6098,-3.9847,-0.66863,0.86037,0.18319,-30.219,30.196,-350.0,12
1.7771,0.034052,-0.61799,-0.44793,-0.15071,0.081354,-3.8491,1.225,-0.51948,-0.88931,0.096267,97.178,81.047,-26.275,2.5818,-3.3395,-2.9482,-0.66863,0.86037,0.18319,-34.381,26.902,-356.91,12
0.74362,0.69799,-0.36876,-0.43956,0.10466,0.44717,-4.9008,0.019849,-0.51948,-0.88931,0.096267,109.86,68.81,-27.849,0.78612,-3.0054,-2.5357,-0.66863,0.86037,0.18319,-34.395,25.486,-353.29,12
-0.1496,-0.095893,-0.66126,-0.5191,0.12977,-5.0774,-4.5556,-2.0911,-0.51948,-0.88931,0.096267,130.13,97.598,-17.72,-0.87456,-3.8423,-1.2338,-0.91961,0.48871,0.17457,-37.491,39.075,-340.49,12
-0.91424,-0.24765,-2.4118,-0.65725,-0.012559,-6.9085,-5.1294,-0.065137,-0.50835,-0.82739,0.25933,119.58,47.612,-2.7233,-3.1483,-4.8776,0.23528,-0.91961,0.48871,0.17457,-32.333,52.137,-317.77,12
-1.0682,0.88258,-2.4574,-0.66143,-0.12559,1.9368,-5.6513,-1.7632,-0.50835,-0.82739,0.25933,116.15,-16.574,-2.8788,-4.9545,-4.0616,0.83859,-0.91961,0.48871,0.17457,-20.363,46.312,-289.32,12
-1.3044,1.5813,-1.8577,-0.6112,-0.18838,7.0275,-4.7864,-14.284,-0.50835,-0.82739,0.25933,96.452,24.54,-8.0907,-9.8335,-3.6633,0.671,-1.049,0.082136,0.092672,-15.263,17.658,-264.02,12
-2.7944,2.8491,1.1827,-0.57352,-0.45631,-0.49637,-2.5209,-16.444,-0.50835,-0.82739,0.25933,65.295,50.356,-4.4069,-11.002,-4.5507,2.9287,-1.049,0.082136,0.092672,-8.7988,-36.072,-222.2,12
-3.2318,2.5008,1.2356,-0.64887,-0.3349,-4.516,2.3386,-17.626,-0.50649,-0.72608,0.45383,21.897,57.396,-1.8777,-8.1178,-3.6685,3.1499,-1.049,0.082136,0.092672,-6.2357,-49.062,-157.4,12
-6.5509,3.8093,-0.61506,-0.85819,-0.3349,-1.0587,-5.4619,-18.471,-0.50649,-0.72608,0.45383,-26.785,66.506,2.3237,-7.8139,-5.1482,3.1801,-1.049,0.082136,0.092672,-1.158,-8.0777,-82.975,12
-21.985,5.791,-8.1525,-0.73679,-0.18001,19.579,-17.575,-18.881,-0.50649,-0.72608,0.45383,-193.77,325.42,-63.159,-14.299,-5.9903,3.9713,-1.0471,-0.16632,0.15733,8.8529,23.531,-15.582,12
-21.763,-7.3168,-17.353,-0.54003,0.29723,-21.419,-19.233,13.345,-0.59369,-0.76923,0.19646,-219.95,48.438,-26.966,-20.523,-9.6368,6.3202,-1.0471,-0.16632,0.15733,13.868,-31.518,38.138,12
-22.14,14.075,-15.523,1.2768,2.876,9.3603,-19.15,9.7403,-0.59369,-0.76923,0.19646,-118.7,21.554,-26.557,-21.378,-16.25,6.0,-1.0471,-0.16632,0.15733,19.566,-90.111,82.881,12
-21.96,4.0805,-9.8117,1.5782,1.7164,-5.0788,-16.28,-19.063,-0.59369,-0.76923,0.19646,-102.0,-29.255,-17.436,-21.416,-18.636,9.4015,-1.0373,-0.12731,0.24569,30.978,-115.82,118.75,12
-21.801,-2.8755,-7.9851,-0.87493,-0.10047,0.8458,-1.8962,-18.336,-0.59926,-0.84428,-0.11591,-47.897,-8.3284,8.1119,-21.489,-18.598,11.174,-1.0373,-0.12731,0.24569,34.22,-150.71,116.99,12
-21.803,-2.7631,-5.0908,-0.92098,-0.071167,-3.8641,-18.167,-12.739,-0.59926,-0.84428,-0.11591,21.682,6.2052,11.337,-21.417,-18.636,9.4328,-1.0373,-0.12731,0.24569,44.706,-161.32,46.551,12
-11.22,-2.139,-1.3609,-1.0675,-0.18838,0.33772,-15.9,-12.74,-0.59926,-0.84428,-0.11591,79.009,18.843,7.7552,-19.964,-18.64,10.026,-1.0373,-0.12731,0.24569,58.9,-106.45,-23.75,12
-2.7312,-1.8251,-0.016893,-0.89587,-0.25955,-1.0963,-16.264,-10.585,-0.59926,-0.84428,-0.11591,131.95,-10.677,12.042,-16.205,-18.636,8.3703,-0.92353,0.0061602,0.58836,17.169,-60.501,-43.817,12
7.2354,-2.6814,-2.3992,-0.73679,-0.11722,-2.5996,-19.305,-4.7725,-0.6308,-0.82927,0.0,173.45,-92.377,30.499,-10.741,-18.581,8.8939,-0.92353,0.0061602,0.58836,-2.4488,-47.392,-41.091,12
11.421,-0.36323,-6.8011,-0.36839,0.27211,4.3345,-19.188,2.0215,-0.6308,-0.82927,0.0,206.72,-60.783,52.75,-4.2933,-13.896,6.4094,-0.92353,0.0061602,0.58836,-15.721,-46.094,-33.427,12
15.774,1.1937,-5.6189,0.012559,0.16327,7.2728,-9.0042,-11.315,-0.6308,-0.82927,0.0,164.37,-93.57,32.425,1.3343,-6.5463,2.3706,-0.83922,-0.041068,0.70043,-17.79,-37.57,-18.031,12
10.854,0.75465,-4.0058,0.20513,0.75772,-1.9157,-19.439,-19.168,-0.68275,-0.61914,0.43811,68.511,-143.25,8.7203,4.4556,-0.46367,-3.3669,-0.83922,-0.041068,0.70043,-11.253,5.725,-1.3653,12
6.3425,1.561,-3.2911,-0.092098,0.48142,4.5245,6.1274,-17.95,-0.68275,-0.61914,0.43811,-27.661,-272.75,7.4654,8.4126,4.9659,-7.408,-0.83922,-0.041068,0.70043,-4.9446,26.184,0.00028081,12
-2.8575,2.4718,-0.54596,-0.52747,0.075353,16.102,2.4041,-18.01,-0.68275,-0.61914,0.43811,-83.554,-95.678,23.407,9.4005,9.96,-10.002,-0.83922,-0.041068,0.70043,-4.586,62.051,-24.539,12
-13.069,-1.0886,-0.17166,-0.71167,-0.17164,3.3013,-3.9877,-12.635,-0.68275,-0.61914,0.43811,-139.28,-2.0934,21.71,8.4308,11.97,-9.0161,-0.88627,-0.063655,0.67026,-17.151,80.244,-69.015,12
-5.7857,-0.61634,2.313,-0.69492,-0.092098,4.3411,-12.075,-4.4978,-0.4898,-0.6848,0.53635,-175.04,4.6861,4.1753,4.8969,11.031,-4.9068,-0.88627,-0.063655,0.67026,-23.629,78.786,-130.5,12
3.7101,-0.15342,0.8704,-0.59027,0.20513,2.2779,-14.036,-2.5748,-0.4898,-0.6848,0.53635,-176.11,57.174,-2.1,3.8878,9.2167,-1.3308,-0.88627,-0.063655,0.67026,-26.097,65.362,-168.68,12
5.4176,0.33144,0.55615,-0.65725,0.14233,-1.0671,-11.524,-1.9098,-0.4898,-0.6848,0.53635,-178.06,72.423,-9.4286,3.0817,8.8699,0.98516,-0.94118,-0.20945,0.48707,-21.097,80.604,-182.09,12
4.8511,1.3824,1.9665,-0.47724,0.092098,0.80196,-11.522,0.30694,-0.50278,-0.86867,0.15128,-172.34,82.824,-19.604,-0.64734,6.8064,0.6424,-0.94118,-0.20945,0.48707,-17.876,97.503,-176.78,12
0.42342,0.54634,4.3755,-0.64887,0.050235,-4.4359,-9.2341,4.3169,-0.50278,-0.86867,0.15128,-153.43,115.48,-24.06,-4.5423,5.9908,0.08079,-0.94118,-0.20945,0.48707,-16.652,94.199,-161.2,12
-5.1262,-2.2776,3.4371,-1.0215,-0.33909,-7.5922,-6.036,10.258,-0.50278,-0.86867,0.15128,-135.76,69.064,-23.372,-6.1686,5.8866,-1.3411,-0.94118,-0.20945,0.48707,-21.934,86.689,-137.05,12
-4.7026,-2.7481,1.4158,-1.0926,-0.46049,-5.8886,3.7425,13.857,-0.50278,-0.86867,0.15128,-92.462,33.218,-10.604,-10.386,3.6797,-0.034767,-0.94902,-0.44559,0.25431,-27.088,73.926,-93.7,12
-2.1132,-2.4215,0.64522,0.60283,0.24699,-15.115,7.69,15.535,-0.50278,-0.86867,0.15128,-33.463,-5.3534,2.3101,-16.873,-0.34799,6.2014,-0.94902,-0.44559,0.25431,-21.095,44.919,-30.113,12
-9.3616,0.40171,-0.03753,2.0429,1.5364,-3.8827,7.3094,-13.611,-0.50278,-0.86867,0.15128,4.2545,-118.76,8.6061,-20.51,-3.1495,11.051,-0.94902,-0.44559,0.25431,-10.869,-9.6768,37.786,12
-21.867,-3.1153,-4.2804,-1.4359,-0.57771,19.751,-17.909,4.1041,-0.50278,-0.86867,0.15128,38.382,-76.531,-15.875,-19.366,-5.0812,11.881,-0.95098,-0.46407,0.13147,6.5927,-22.958,124.55,12
-21.899,2.5085,-10.122,-0.96703,-0.21769,19.597,-19.337,-18.802,-0.47495,-0.90807,-0.222,-37.805,-51.365,-27.446,-21.713,-7.4175,15.254,-0.95098,-0.46407,0.13147,31.086,2.6747,207.82,12
-21.934,3.2856,-12.115,-0.61538,0.28048,19.954,-18.036,18.214,-0.47495,-0.90807,-0.222,3.3364,19.049,9.1223,-21.814,-13.872,20.765,-0.95098,-0.46407,0.13147,66.272,20.385,289.93,12
-21.957,2.8859,-6.5087,-0.86238,-0.38932,2.5007,-19.132,10.527,-0.47495,-0.90807,-0.222,36.325,53.031,52.711,-21.813,-18.491,23.93,-0.95098,-0.46407,0.13147,101.29,20.799,384.49,12
-21.902,2.6873,-2.7581,-0.75772,0.012559,-14.741,-19.353,-1.6359,-0.51948,-0.88368,-0.21415,-0.81753,-6.2304,33.268,-21.843,-18.481,23.941,-1.0275,-0.14784,0.17672,126.77,-16.021,466.59,12
-21.881,1.612,-3.2865,-0.6112,-0.28048,-10.486,-19.364,-5.7293,-0.51948,-0.88368,-0.21415,-37.219,-13.94,1.1724,-21.731,-18.525,21.532,-1.0275,-0.14784,0.17672,153.72,-13.685,509.35,12
-10.333,-0.019447,-1.3175,-0.44793,-0.10047,-12.148,-19.342,-1.5157,-0.51948,-0.88368,-0.21415,-37.199,40.372,-17.553,-21.56,-18.581,15.873,-1.0275,-0.14784,0.17672,157.77,13.878,492.91,12
-2.9619,0.62271,-0.58606,-0.34328,0.096285,-9.2686,-19.185,13.136,-0.51948,-0.88368,-0.21415,-41.371,-17.201,-52.969,-21.487,-18.619,13.09,-0.94706,0.50103,0.13578,149.85,29.621,462.27,12
3.8723,2.8498,1.7196,-0.19257,0.13396,-1.6935,-19.297,-2.9297,-0.48052,-0.88743,-0.29666,25.748,-84.478,-27.953,-20.299,-13.113,10.678,-0.94706,0.50103,0.13578,113.11,0.49307,452.8,12
6.7236,1.7002,1.353,-0.33072,-0.34328,-2.9384,-6.049,-1.9256,-0.48052,-0.88743,-0.29666,6.5886,-116.03,-3.0119,-7.728,-11.044,7.6145,-0.94706,0.50103,0.13578,68.497,-62.352,457.59,12
6.2945,-1.5948,1.1302,-0.32234,-0.20513,10.768,-4.436,0.9588,-0.48052,-0.88743,-0.29666,0.75954,-144.96,-13.284,6.2377,-13.581,4.9356,-0.94706,0.50103,0.13578,45.382,-93.777,449.86,12
3.2067,-3.7686,1.2819,-0.31816,-0.066981,2.9742,2.8439,-0.75514,-0.48052,-0.93058,-0.18075,6.5921,-65.204,-9.1479,14.861,-16.774,1.5675,-0.56275,0.9384,0.015086,56.009,-72.378,404.37,12
-0.96542,-3.7494,1.252,-0.3056,0.029304,8.3878,-10.019,-4.9171,-0.48052,-0.93058,-0.18075,-2.9962,-179.97,-14.446,18.749,-12.843,-9.3401,-0.56275,0.9384,0.015086,71.519,-47.424,301.9,12
-1.5039,-2.582,2.1466,-0.21769,-0.15071,6.6345,1.7326,3.9551,-0.48052,-0.93058,-0.18075,45.313,-50.545,-12.233,19.634,-3.091,-15.102,-0.56275,0.9384,0.015086,57.217,30.467,200.12,12
-0.8158,-2.1391,1.9864,-0.34746,-0.26374,-0.67726,-0.25233,4.4702,-0.48052,-0.93058,-0.18075,70.463,17.461,-8.2217,13.324,2.1515,-15.851,-0.17843,1.0657,-0.084052,20.698,112.92,42.245,12
-0.35624,-0.87462,1.2476,-0.51491,-0.31397,-0.53792,-0.72592,3.6458,-0.4564,-0.92871,-0.033399,89.151,42.595,-5.3836,-0.23684,-0.22032,-4.0318,-0.17843,1.0657,-0.084052,-17.507,26.689,-89.065,12
1.2444,-0.098688,1.0122,-0.51073,-0.35583,1.0156,-3.1033,2.5425,-0.4564,-0.92871,-0.033399,106.12,61.324,-5.333,2.8484,-2.0094,-3.9442,-0.17843,1.0657,-0.084052,-33.332,-65.672,-175.82,12
2.2778,0.24993,-0.4933,-0.64887,-0.59027,3.1166,-4.4148,0.10209,-0.4564,-0.92871,-0.033399,118.58,88.722,-5.5676,8.3787,-0.73047,-8.0469,-0.17843,1.0657,-0.084052,-49.742,-19.05,-194.31,12
3.2751,0.38783,-0.15457,0.61957,0.18001,2.8007,-4.7451,-2.2301,-0.47124,-0.89306,0.13163,125.06,118.57,-4.9855,3.3371,-0.26148,-7.1485,-0.29608,1.0267,-0.047414,-65.621,26.75,-221.8,12
2.2687,0.20222,-0.7818,2.763,2.1559,-3.4228,-2.9754,-5.4643,-0.47124,-0.89306,0.13163,129.06,131.19,5.9193,2.4642,-1.3668,-5.6829,-0.29608,1.0267,-0.047414,-79.461,25.191,-228.19,12
1.5807,0.76176,-0.85776,-0.92517,-0.45212,-1.558,-4.8866,-2.5203,-0.47124,-0.89306,0.13163,103.4,69.058,7.0539,3.1316,-3.0437,-3.3709,-0.29608,1.0267,-0.047414,-80.169,44.161,-219.37,12
1.439,1.7859,0.62389,-0.72004,-0.56096,-0.17121,-4.5469,-0.23948,-0.54545,-0.82176,0.28291,91.635,47.891,8.078,1.5308,-2.8973,-1.7282,-0.55098,0.91992,0.084052,-69.82,55.67,-201.59,12
0.24728,0.26234,-0.73428,-0.58189,-0.55678,3.0971,-4.3054,-4.7989,-0.54545,-0.82176,0.28291,79.111,29.301,10.39,0.94064,-3.2892,-0.92488,-0.55098,0.91992,0.084052,-61.601,69.691,-170.52,12
-2.9395,-1.0047,0.56221,-0.55678,-0.53166,-0.59706,-3.1962,-5.7595,-0.54545,-0.82176,0.28291,53.356,11.944,8.4816,0.41493,-1.2707,-0.073954,-0.55098,0.91992,0.084052,-51.077,80.842,-152.01,12
-10.906,-0.14019,0.08212,-0.50235,-0.56096,15.6,0.41291,-18.115,-0.54545,-0.82176,0.28291,14.15,-72.068,-8.3646,0.12625,-0.10839,1.1612,-0.55098,0.91992,0.084052,-43.15,101.5,-129.31,12
-21.893,2.7238,-3.3654,-0.2428,-0.33909,-9.9866,-15.604,-0.99465,-0.56586,-0.74484,0.39096,-47.322,287.26,25.058,-3.6645,0.15101,2.1013,-0.55098,0.91992,0.084052,-35.022,124.35,-104.11,12
-21.644,-9.7085,-10.39,-0.0083726,0.075353,19.616,-19.338,-18.948,-0.56586,-0.74484,0.39096,-102.75,101.94,-34.751,-14.363,-0.3878,2.2202,-0.55098,0.91992,0.084052,-21.166,109.65,-72.278,12
-21.783,-3.2852,-9.422,0.066981,0.16327,-21.305,-19.138,22.82,-0.56586,-0.74484,0.39096,-157.17,125.06,16.467,-21.53,-0.016675,5.3325,-0.55098,0.91992,0.084052,-8.619,53.724,-8.2908,12
-21.87,0.57154,-8.317,0.041863,-0.075353,9.2656,1.3477,-7.8087,-0.55102,-0.86116,0.092338,-124.5,5.2817,-43.739,-21.678,2.1753,10.525,-0.77647,0.73717,-0.032328,8.3244,6.5902,50.281,12
-21.821,-2.3967,-8.4157,-0.012559,-0.041863,2.1981,-3.4897,-15.309,-0.55102,-0.86116,0.092338,-27.7,21.194,-21.303,-21.66,4.9569,9.6853,-0.77647,0.73717,-0.032328,24.438,2.1518,76.28,12
-21.761,-3.8838,-9.139,-0.03349,-0.092098,-1.5827,-16.091,-10.07,-0.55102,-0.86116,0.092338,4.609,4.7246,-9.2303,-21.694,0.38686,11.686,-0.77647,0.73717,-0.032328,21.181,-36.343,89.235,12
-19.445,-2.4879,-5.0029,-0.10466,-0.20513,4.4178,-13.281,-11.297,-0.55102,-0.86116,0.092338,61.843,18.097,2.334,-21.647,-3.2534,11.66,-0.72157,0.79877,-0.034483,14.218,-86.257,118.11,12
-9.6817,-0.7648,0.13117,-0.058608,-0.050235,-3.5448,-18.064,-11.324,-0.52134,-0.88931,0.043222,111.14,-1.2949,7.6025,-21.552,-1.0892,9.081,-0.72157,0.79877,-0.034483,10.93,15.779,64.321,12
-0.37419,0.022431,1.4231,-0.083726,-0.45212,-5.7847,-19.327,-4.9408,-0.52134,-0.88931,0.043222,160.6,-113.72,13.654,-21.561,4.5518,6.1755,-0.72157,0.79877,-0.034483,-15.984,53.28,-5.5456,12
7.4282,0.30739,-1.0881,-0.071167,-0.37258,-8.6278,-19.281,2.6372,-0.52134,-0.88931,0.043222,212.88,-101.21,34.128,-18.004,1.3965,6.6532,-0.72157,0.79877,-0.034483,-52.639,14.38,-66.54,12
15.048,0.61744,-6.2918,-0.2763,-0.71586,-4.6574,-15.46,4.5138,-0.53061,-0.73546,0.42829,210.13,-82.468,41.499,-14.618,-1.7049,4.5085,-0.69804,0.82341,-0.032328,-58.763,-23.518,-105.63,12
10.736,2.606,-5.4181,-0.3349,-0.47724,8.2004,-14.386,-18.835,-0.53061,-0.73546,0.42829,66.861,-238.1,9.5575,1.4476,-4.461,-0.098049,-0.69804,0.82341,-0.032328,-66.477,-94.72,-101.1,12
2.9662,4.2174,-3.6204,-0.50654,-0.41444,1.6562,6.1965,-17.976,-0.53061,-0.73546,0.42829,-1.9575,-264.57,17.115,14.492,-7.2298,-2.9761,-0.69804,0.82341,-0.032328,-49.158,-32.45,-99.937,12
-5.6801,2.6906,0.010572,0.54422,-0.058608,15.09,-2.7067,-18.193,-0.53061,-0.73546,0.42829,-67.791,-79.139,33.46,10.558,-3.9695,-2.9485,-0.80588,0.71663,0.11638,-26.439,49.101,-89.106,12
-11.336,-2.8737,1.2887,2.629,1.4359,-0.78437,-2.0537,-18.246,-0.53061,-0.73546,0.42829,-121.79,41.034,34.493,7.8868,1.1207,-2.9336,-0.80588,0.71663,0.11638,-12.304,62.189,-109.17,12
-5.3694,-4.2584,1.2799,-0.854,-0.79121,-4.7116,-10.268,-8.9772,-0.53061,-0.73546,0.42829,-156.23,29.636,21.154,7.1577,2.7549,-4.5081,-0.80588,0.71663,0.11638,-10.116,65.571,-149.96,12
0.012113,-1.6158,4.0125,-0.59027,-0.60701,-6.5259,-11.942,1.796,-0.53061,-0.73546,0.42829,-163.03,21.08,19.067,3.5311,1.8369,-3.3144,-0.80588,0.71663,0.11638,-4.4673,38.007,-196.5,12
4.6605,-1.7135,0.25631,-0.6112,-0.68655,-0.82769,-7.2207,-3.2547,-0.39147,-0.81051,0.41257,-154.09,21.724,15.851,2.612,0.42459,-2.5413,-0.91176,0.57084,0.040948,-5.0927,29.325,-212.31,12
5.4688,-0.2085,2.076,-0.46886,-0.74097,-2.4076,-8.1478,0.068532,-0.39147,-0.81051,0.41257,-149.51,43.513,19.871,-0.31623,-0.27368,-0.36785,-0.91176,0.57084,0.040948,-1.0867,34.959,-207.59,12
3.3334,1.0061,2.7221,-0.28885,-0.50654,-0.73093,-7.0435,4.5572,-0.39147,-0.81051,0.41257,-142.17,64.357,21.68,-2.7344,0.76559,0.55911,-0.91176,0.57084,0.040948,7.9801,26.016,-185.3,12
-0.90743,0.92726,3.3361,-0.23443,-0.53166,-1.1526,-0.087121,8.1195,-0.47495,-0.89869,0.072692,-108.85,95.217,24.169,-5.1881,1.8465,-0.34517,-0.99216,0.32444,-0.025862,7.4696,10.87,-139.67,12
-2.6981,-0.95375,3.7878,-0.075353,-0.50235,-2.8912,0.72967,10.591,-0.47495,-0.89869,0.072692,-67.506,105.81,23.957,-4.998,3.3847,-0.52868,-0.99216,0.32444,-0.025862,2.037,6.2137,-102.55,12
-1.2748,-1.9182,2.6695,0.0,-0.48142,-3.7017,-0.98404,11.497,-0.47495,-0.89869,0.072692,-19.651,80.013,23.258,-5.2458,2.1348,0.48174,-0.99216,0.32444,-0.025862,-3.0193,39.183,-59.297,12
0.017414,-0.87068,2.2374,0.016745,-0.45212,-5.6404,-3.8846,7.5827,-0.47495,-0.89869,0.072692,11.96,47.403,22.519,-10.784,0.69566,4.566,-0.99216,0.32444,-0.025862,4.5607,79.047,-3.5873,12
-12.094,-0.84324,-1.5075,-0.15908,-0.60283,0.10696,-17.47,4.4505,-0.54731,-0.87992,-0.10216,-3.3077,-35.563,13.986,-19.044,0.35028,10.028,-1.002,0.23409,-0.12716,22.968,34.69,61.845,12
-21.686,-8.628,-17.471,0.058608,0.050235,17.464,-7.3156,-4.8266,-0.54731,-0.87992,-0.10216,1.5961,33.195,-17.103,-19.329,0.20218,11.218,-1.002,0.23409,-0.12716,44.575,-48.784,138.92,12
-21.956,6.8912,-16.127,0.3977,0.15489,9.5435,-18.967,23.137,-0.54731,-0.87992,-0.10216,19.661,102.74,-17.582,-21.647,-2.2269,12.305,-1.002,0.23409,-0.12716,73.411,-55.717,218.63,12
-21.766,-2.6112,-7.1087,0.25536,0.050235,16.032,-19.01,15.814,-0.52876,-0.89681,-0.12967,4.5234,41.239,-0.35856,-21.749,-3.2595,16.045,-0.96275,0.41273,-0.10345,111.65,-37.789,307.3,12
-21.78,-2.9436,-2.1702,0.36002,0.23443,-1.1218,-19.174,5.3843,-0.52876,-0.89681,-0.12967,4.8891,-2.8012,17.535,-21.761,6.5816,13.162,-0.96275,0.41273,-0.10345,137.82,-41.933,372.85,12
-21.861,-0.38776,-2.277,0.025118,0.62376,-9.6164,-19.289,2.7414,-0.52876,-0.89681,-0.12967,-28.795,-38.244,9.1835,-21.693,14.629,8.8877,-0.96275,0.41273,-0.10345,110.93,-73.739,377.69,12
-16.314,-0.97318,-1.8244,-0.1214,0.18001,-7.019,-19.263,5.3625,-0.52876,-0.89681,-0.12967,-62.934,-50.93,-14.105,-21.584,12.889,5.8528,-0.96275,0.41273,-0.10345,72.711,-107.68,375.09,12
-1.532,-1.6819,-1.0145,-0.54422,-0.69074,-5.1349,-19.114,15.358,-0.53247,-0.89306,-0.14342,-58.758,-45.1,-26.945,-21.52,11.163,4.2873,-0.73333,0.73922,-0.11422,37.472,-94.786,341.05,12
10.112,2.994,0.60631,-0.38095,-0.23025,-5.8195,-19.228,4.9492,-0.53247,-0.89306,-0.14342,2.4654,-54.887,-22.011,-21.374,7.3799,-0.006003,-0.73333,0.73922,-0.11422,-10.905,-103.09,278.79,12
16.097,3.2059,0.56221,1.9634,1.1177,-5.0288,-5.7885,-4.5897,-0.53247,-0.89306,-0.14342,-12.909,-154.0,-14.941,-9.3632,0.68878,-2.1218,-0.73333,0.73922,-0.11422,-58.556,-110.59,243.98,12
11.05,0.51692,-0.23769,0.096285,0.73679,7.7512,-6.6037,-3.9298,-0.50649,-0.90619,-0.1336,-34.59,-179.29,-14.254,4.1499,-6.2126,-5.2585,-0.49608,0.97125,0.077586,-82.541,-67.421,217.07,12
-1.3082,-3.2787,0.2944,-0.82889,-0.10884,14.475,-0.75258,4.9405,-0.50649,-0.90619,-0.1336,-19.41,-138.7,-20.88,17.114,-10.373,-10.331,-0.49608,0.97125,0.077586,-87.004,-46.93,156.49,12
-4.773,-3.2687,0.88476,-0.6112,-0.26374,9.3871,-8.8564,8.4219,-0.50649,-0.90619,-0.1336,18.853,-51.565,-14.724,19.682,-8.2167,-15.671,-0.49608,0.97125,0.077586,-75.621,-3.7363,40.763,12
-4.5267,-1.4433,1.4175,-0.69074,-0.78284,-0.19264,-2.155,11.234,-0.44898,-0.91932,-0.023576,73.214,50.461,-15.677,19.638,-4.7869,-15.687,-0.49608,0.97125,0.077586,-86.128,94.587,-119.27,12
-2.1056,0.2281,2.3574,-0.64469,-0.79121,0.60552,-3.174,6.3578,-0.44898,-0.91932,-0.023576,108.44,73.044,-16.752,17.191,-5.6848,-9.4822,-0.39608,0.99179,0.28233,-91.254,102.61,-283.72,12
0.6375,0.4484,3.2719,-0.55678,-0.61957,1.0091,-4.2194,2.8095,-0.44898,-0.91932,-0.023576,137.0,90.006,-11.865,11.959,-6.7571,-6.7129,-0.39608,0.99179,0.28233,-89.18,40.698,-375.11,12
2.9356,-0.31391,2.0033,-0.35583,-0.46886,2.0284,-6.5407,0.38075,-0.44898,-0.91932,-0.023576,158.33,96.215,-6.8704,8.156,-7.5834,-5.3375,-0.39608,0.99179,0.28233,-90.803,21.985,-415.03,12
3.4377,-0.67346,0.076231,-0.14652,-0.45631,0.81334,-8.4017,-1.5578,-0.46011,-0.88555,0.17878,174.48,125.04,-3.5856,2.5941,-9.0479,-4.7857,-0.79608,0.65503,0.39871,-95.361,15.032,-425.16,12
2.9474,-2.4213,-1.3863,-0.16745,-0.6112,-5.5691,-9.1464,-1.7734,-0.46011,-0.88555,0.17878,181.49,133.41,9.1774,0.21544,-9.8756,-6.5563,-0.79608,0.65503,0.39871,-108.4,-13.683,-424.05,12
1.4427,-1.9308,-1.4369,-0.16745,-0.41444,-6.6711,-9.1873,-4.8698,-0.46011,-0.88555,0.17878,167.57,73.003,16.121,1.132,-12.293,-6.3022,-0.79608,0.65503,0.39871,-125.09,-13.233,-413.92,12
0.53728,0.40852,-0.92113,-0.012559,0.0,0.4585,-7.1729,-12.344,-0.57699,-0.7242,0.4165,120.62,-10.197,10.677,0.020553,-15.592,-3.1546,-0.79608,0.65503,0.39871,-130.77,11.392,-389.01,12
-0.76855,1.054,-1.1157,-0.38932,0.20094,7.2699,-3.5103,-18.353,-0.57699,-0.7242,0.4165,78.523,-25.923,5.9038,1.0838,-17.174,-0.40037,-0.97843,0.082136,0.48922,-121.53,37.04,-355.87,12
-2.5264,0.56418,1.6613,-0.44375,-0.44375,0.94426,0.62979,-18.209,-0.57699,-0.7242,0.4165,39.685,-4.617,6.9004,1.0892,-17.731,0.93638,-0.97843,0.082136,0.48922,-104.4,63.165,-321.49,12
-5.7287,2.5973,0.20217,-0.50654,-0.68655,1.9906,0.54594,-15.703,-0.57699,-0.7242,0.4165,-5.1944,-9.8563,4.6758,0.66634,-15.959,-0.8917,-0.97843,0.082136,0.48922,-75.81,67.083,-300.38,12
-21.428,-0.7973,-5.3349,-0.17164,-0.17582,0.81559,-0.43354,-9.6906,-0.56401,-0.63602,0.54028,-27.767,45.966,5.0019,0.77154,-12.226,-2.6426,-0.93725,-0.423,0.31034,-46.969,60.72,-290.72,12
-21.726,-8.1341,-17.406,-0.1214,0.22187,19.601,-18.833,-18.933,-0.56401,-0.63602,0.54028,-194.55,200.11,-49.337,1.6512,-9.6383,-1.8257,-0.93725,-0.423,0.31034,-14.949,49.094,-296.1,12
-21.874,4.7928,-16.305,0.10047,0.07954,-1.6297,-19.449,-19.155,-0.56401,-0.63602,0.54028,-163.24,3.6507,-28.085,3.7274,-13.85,0.036685,-0.93725,-0.423,0.31034,13.641,71.495,-314.16,12
-21.885,1.3311,-16.607,-0.32653,0.66562,-21.702,-19.57,-19.352,-0.6308,-0.76548,0.25344,-184.14,255.05,30.858,6.1168,-18.604,-1.3573,-0.93725,-0.423,0.31034,27.977,176.47,-347.05,12
-21.776,-3.6029,-17.04,0.0041863,0.35165,19.31,20.838,-6.3171,-0.6308,-0.76548,0.25344,-99.955,-76.982,-73.71,2.2373,-18.73,-10.999,-0.7451,-0.77413,0.125,24.58,267.66,-378.0,12
-21.839,-1.9991,-15.864,1.9466,1.3689,-3.6049,-19.249,-0.14433,-0.6308,-0.76548,0.25344,-53.608,13.931,-18.115,-7.4783,-18.705,-4.4873,-0.7451,-0.77413,0.125,-32.746,208.38,-355.81,12
-21.85,-1.4612,-12.089,-0.97541,0.20094,5.5961,-8.6259,-6.1566,-0.6308,-0.76548,0.25344,5.1697,5.2694,-15.885,-11.336,-18.629,4.0894,-0.7451,-0.77413,0.125,-62.842,17.434,-261.36,12
-14.484,-1.5762,-4.3419,-0.60701,-0.13396,3.7216,-14.122,-6.2522,-0.59926,-0.84428,0.049116,55.711,7.3328,8.192,-6.8391,-18.612,3.8403,-0.41961,-0.98973,-0.20043,-84.912,-124.96,-149.19,12
-2.8881,-0.038211,-0.077123,-0.77446,-0.10466,-0.98263,-18.612,-7.6904,-0.59926,-0.84428,0.049116,98.909,-52.365,18.315,-4.3885,-18.632,0.82883,-0.41961,-0.98973,-0.20043,-94.481,-166.2,-71.708,12
3.9665,0.15926,1.1722,-0.7619,0.016745,-1.6167,-19.332,-6.514,-0.59926,-0.84428,0.049116,160.18,-96.464,39.752,0.66621,-18.583,3.6542,-0.41961,-0.98973,-0.20043,-79.165,-88.846,-52.68,12
8.3051,0.40119,-0.50074,-0.87912,-0.34328,-7.1711,-19.222,7.5505,-0.60297,-0.76548,0.2888,212.98,-74.056,42.657,2.498,-18.551,5.9162,-0.41961,-0.98973,-0.20043,-64.481,51.046,-41.511,12
10.75,0.39041,-4.0491,-0.69492,-0.32234,-3.7038,-17.977,-1.6234,-0.60297,-0.76548,0.2888,207.26,-93.082,34.737,-2.7732,-10.457,8.2584,-0.38235,-0.97947,-0.28664,-52.399,110.17,-15.868,12
6.7604,0.87007,-2.4691,-0.52747,-0.427,4.1974,-19.448,-19.097,-0.60297,-0.76548,0.2888,48.469,-265.44,8.9,-6.2787,3.0926,9.2588,-0.38235,-0.97947,-0.28664,-48.051,78.222,24.611,12
-0.78244,0.23292,-0.8422,-0.38095,-0.18001,5.3791,4.8962,-14.337,-0.4731,-0.54221,0.69745,14.73,-151.89,2.3787,-6.736,10.74,9.9536,-0.38235,-0.97947,-0.28664,-40.832,46.083,66.593,12
-6.2312,-1.0682,-0.42245,-0.38095,-0.21769,15.427,-2.0058,-15.436,-0.4731,-0.54221,0.69745,-53.347,-79.65,15.283,-4.5364,9.7696,9.9572,-0.35098,-0.91376,-0.44612,-24.681,-8.4782,107.53,12
-4.9108,-1.9348,0.68903,-0.48561,-0.40607,6.3685,0.91695,-13.255,-0.4731,-0.54221,0.69745,-82.692,82.662,18.72,-3.1286,9.0062,6.617,-0.35098,-0.91376,-0.44612,-8.3166,-23.762,101.88,12
0.20044,-1.9412,0.38318,-0.50654,-0.25536,-2.6597,-3.218,-6.9479,-0.4731,-0.54221,0.69745,-122.34,74.801,10.501,-3.1027,5.6653,4.5333,-0.35098,-0.91376,-0.44612,-0.65698,-29.791,69.238,12
1.8665,-1.405,-0.05277,-0.68237,-0.30141,-3.0133,-7.3223,-2.5317,-0.47124,-0.65291,0.59136,-140.34,58.284,2.9455,-3.1849,3.5266,1.6555,-0.35098,-0.91376,-0.44612,12.061,-32.646,14.286,12
1.0346,0.28944,0.37342,-0.68237,-0.19676,-3.8126,-8.5553,-2.0596,-0.47124,-0.65291,0.59136,-133.75,56.016,-0.19399,-3.3137,1.9248,3.4817,-0.46863,-0.85216,-0.45043,17.456,-49.711,-17.204,12
1.704,1.1615,0.70454,-0.59445,-0.29723,-3.0675,-7.8149,-1.2964,-0.47124,-0.65291,0.59136,-136.89,23.754,-3.7046,-2.2486,0.25534,2.5336,-0.46863,-0.85216,-0.45043,29.257,-18.667,-40.744,12
2.4224,1.6072,1.3025,-0.58608,-0.37677,-1.251,-6.8848,-0.35675,-0.49722,-0.803,0.29862,-134.0,12.716,-3.9407,-6.3177,-0.74162,1.8379,-0.46863,-0.85216,-0.45043,40.578,-17.566,-46.305,12
0.88242,1.8386,1.8707,-0.79121,-0.25955,0.72863,-5.8646,0.67239,-0.49722,-0.803,0.29862,-131.44,30.489,-5.0354,-8.8651,-3.3305,0.94806,-0.46078,-0.92608,-0.33836,43.3,-86.538,-26.066,12
-1.8011,1.1672,1.684,-0.81633,-0.25955,-3.2275,-3.9113,2.9284,-0.49722,-0.803,0.29862,-126.74,51.91,0.71693,1.1046,-6.1909,2.9092,-0.46078,-0.92608,-0.33836,61.233,-70.581,44.891,12
-6.1405,-1.0577,3.6732,-0.72423,-0.24699,-4.3599,-3.2613,2.585,-0.49722,-0.803,0.29862,-115.75,54.736,1.6234,-4.9985,-13.824,4.5588,-0.46078,-0.92608,-0.33836,105.15,65.822,226.35,12
-11.626,-5.0568,3.1449,-0.53166,-0.16745,-4.7687,-2.1718,3.6146,-0.50093,-0.89306,-0.019646,-97.127,44.091,0.49153,-19.916,-14.776,5.4487,-0.46078,-0.92608,-0.33836,125.21,114.98,407.13,12
-21.74,-5.9304,-2.439,2.8634,1.8503,-3.1944,-10.106,7.1919,-0.50093,-0.89306,-0.019646,-96.716,-36.097,-1.1679,-17.652,-18.64,6.9534,-0.6,-0.85832,-0.1681,132.75,24.968,487.96,12
-21.934,4.2766,-15.247,-1.2266,0.075353,14.261,-3.384,-1.7662,-0.50093,-0.89306,-0.019646,-43.737,4.2906,-22.256,-11.202,-18.614,8.611,-0.6,-0.85832,-0.1681,148.32,2.6007,535.43,12
-21.903,2.7034,-16.483,-1.1345,-0.39351,-3.5488,-19.037,23.023,-0.49722,-0.9137,-0.20432,28.111,98.985,19.66,-17.667,-18.626,9.4333,-0.6,-0.85832,-0.1681,164.04,12.697,580.77,12
-21.943,4.726,-13.733,-1.0717,-0.44375,19.753,-19.024,13.413,-0.49722,-0.9137,-0.20432,8.554,48.355,3.6744,-19.165,-18.603,8.6948,-1.0157,-0.32444,0.034483,176.91,7.3689,605.27,12
-21.949,5.0295,-5.7052,-1.3605,-0.63632,1.952,-19.263,1.4522,-0.49722,-0.9137,-0.20432,-0.87197,-4.3949,29.066,-21.366,-18.652,9.7653,-1.0157,-0.32444,0.034483,172.02,20.186,593.49,12
-21.943,3.7277,-3.8014,-1.0131,-0.36421,-11.987,-19.455,-6.9051,-0.53432,-0.89118,-0.23576,-28.785,-14.942,14.867,-21.435,-18.656,11.369,-1.0157,-0.32444,0.034483,152.46,21.237,533.88,12
-16.568,-1.3877,-2.0407,-1.1512,-0.56934,-8.5859,-19.331,-2.4066,-0.53432,-0.89118,-0.23576,-34.924,36.313,-3.1278,-21.504,-18.6,13.987,-1.0157,-0.32444,0.034483,108.47,21.231,434.81,12
-6.1069,-6.2735,0.035381,-0.84563,-0.03349,-9.513,-19.196,10.112,-0.53432,-0.89118,-0.23576,-43.361,19.516,-28.765,-21.491,-10.478,10.205,-0.98039,0.3963,-0.010776,55.023,-9.3623,334.77,12
2.2655,-7.2149,0.51908,-0.9168,-0.38932,0.21439,-19.267,-1.9091,-0.53432,-0.89118,-0.23576,42.299,-36.753,-14.043,-16.901,-3.9532,8.6773,-0.98039,0.3963,-0.010776,13.575,-6.9688,296.73,12
9.5255,-3.5477,0.65965,-0.64887,-0.27211,-1.1659,-4.4931,-4.7571,-0.50835,-0.87992,-0.28291,32.469,-50.967,0.72609,-9.5409,-2.5279,6.2069,-0.98039,0.3963,-0.010776,-17.454,-21.922,276.77,12
8.8214,0.34517,-0.44262,-0.45631,-0.20094,5.784,-3.1014,-1.2326,-0.50835,-0.87992,-0.28291,33.81,-115.02,-1.8348,-4.3529,-3.3379,5.2081,-0.79412,0.73511,0.0064655,-27.734,-44.493,259.82,12
-0.62396,0.895,-0.22471,-0.59445,0.33072,-2.6258,-1.8314,4.9759,-0.50835,-0.87992,-0.28291,35.724,-80.724,0.52566,2.3018,-4.6916,3.8383,-0.79412,0.73511,0.0064655,-21.992,-80.707,219.5,12
-2.4613,2.8611,0.32065,-0.74935,-0.25955,7.3297,-3.5147,4.9705,-0.49351,-0.88743,-0.10413,24.809,-203.73,-2.6435,11.671,-5.0138,-2.3757,-0.79412,0.73511,0.0064655,-11.318,-90.489,177.57,12
-1.3074,2.7446,1.0049,-0.75772,-0.34746,6.1758,-1.0559,5.3006,-0.49351,-0.88743,-0.10413,58.742,-60.22,-2.5928,19.484,-4.9483,-9.8307,-0.79412,0.73511,0.0064655,-13.461,-17.579,116.15,12
1.4511,1.6874,0.38345,-0.65306,-0.38514,-0.12899,-2.3247,4.1637,-0.49351,-0.88743,-0.10413,78.366,-22.986,-0.90457,18.987,-2.0156,-13.559,-0.57059,0.90144,0.14871,-27.368,10.095,20.29,12
1.9692,2.0431,0.68914,-0.66981,-0.52329,2.9168,-3.0901,2.8747,-0.49351,-0.88743,-0.10413,96.185,-16.925,-5.2177,18.079,-0.9165,-13.65,-0.57059,0.90144,0.14871,-49.86,-30.852,-122.35,12
0.65812,0.42739,0.34373,-0.81633,-0.46886,5.1282,-4.9232,0.75304,-0.51577,-0.89306,0.11395,114.92,17.016,-9.9722,17.425,-1.736,-10.597,-0.57059,0.90144,0.14871,-74.781,-9.4781,-242.2,12
-1.0997,-1.075,0.33483,-0.84563,-0.46886,3.6129,-4.4395,-3.3525,-0.51577,-0.89306,0.11395,126.93,69.373,-13.189,13.337,-3.3245,-7.4475,-0.67647,0.80903,0.26724,-101.9,43.155,-287.31,12
-0.74412,-1.683,-0.11989,-0.9168,-0.58189,4.4428,-5.4455,-1.9778,-0.51577,-0.89306,0.11395,126.65,81.669,-21.82,7.9848,-5.6096,-6.9576,-0.67647,0.80903,0.26724,-103.35,96.317,-326.5,12
0.50338,-0.42136,0.21471,-0.53585,-0.38932,-8.7337,-1.7801,-4.7388,-0.51763,-0.81051,0.31238,126.62,140.75,-8.9905,1.3355,-4.3407,-5.0712,-0.67647,0.80903,0.26724,-97.032,99.355,-343.01,12
0.88082,-0.10179,0.95926,2.943,1.7708,-3.5063,-3.2073,-5.8829,-0.51763,-0.81051,0.31238,94.429,33.735,-6.8435,-3.2986,-3.7347,-4.468,-0.67647,0.80903,0.26724,-92.02,43.943,-343.8,12
2.2114,-0.46747,-0.53681,-1.5615,-0.95029,8.3965,-5.6729,-8.8768,-0.51763,-0.81051,0.31238,64.196,24.496,-9.8983,-2.2073,-1.6753,-4.5317,-0.95294,0.41273,0.27802,-90.587,7.7353,-315.25,12
2.2506,0.60225,-0.39843,-1.0717,-0.67399,4.56,-3.7637,-11.028,-0.51763,-0.81051,0.31238,44.677,73.131,-3.0679,-4.1005,-2.9965,-2.6498,-0.95294,0.41273,0.27802,-91.542,2.0006,-272.61,12
0.43783,0.33048,-2.3071,-1.0633,-0.70748,-3.983,-1.2554,-7.7172,-0.56401,-0.73546,0.39686,22.375,58.125,0.26996,-4.8976,-3.2832,-0.32041,-0.95294,0.41273,0.27802,-87.958,-16.659,-229.39,12
-4.6362,2.013,4.1601,-0.97959,-0.66562,19.447,-3.7767,-18.265,-0.56401,-0.73546,0.39686,-55.474,-110.82,-34.146,-3.1264,-2.8683,-0.83092,-1.0157,0.022587,0.27802,-83.691,-20.789,-202.55,12
-21.701,-5.8658,-4.8227,-0.97541,-0.38095,-21.628,-12.114,-3.5199,-0.56401,-0.73546,0.39686,-104.25,198.47,33.434,-3.5145,-2.8457,-2.5694,-1.0157,0.022587,0.27802,-75.686,-46.169,-191.67,12
-21.581,-12.88,-17.422,-0.5484,-0.1842,16.361,-19.368,-18.971,-0.63451,-0.75985,0.25933,-95.857,90.133,-59.879,-2.3404,-5.9467,-1.6723,-1.0157,0.022587,0.27802,-72.202,-110.66,-194.2,12
-21.837,-1.0945,-12.383,-0.32234,-0.64887,-21.295,-19.118,22.821,-0.63451,-0.75985,0.25933,-142.79,106.75,6.4059,4.0335,-15.985,0.54452,-1.0157,0.022587,0.27802,-69.121,-143.71,-211.5,12
-21.862,-0.86415,-11.204,-0.32653,-0.25536,6.8445,16.91,-12.93,-0.63451,-0.75985,0.25933,-117.93,13.289,-33.994,6.5557,-18.54,2.9897,-0.9549,-0.27515,0.45905,-96.092,-93.976,-237.81,12
-21.841,-0.86289,-12.32,-0.41863,-0.28048,-0.4827,-18.182,-7.2681,-0.57328,-0.85178,-0.0019646,-40.974,22.245,-6.0408,6.6979,-18.591,3.9351,-0.9549,-0.27515,0.45905,-134.74,9.3279,-290.87,12
-21.726,-6.1097,-8.7393,-0.44375,-0.30141,7.6113,-8.7128,-11.87,-0.57328,-0.85178,-0.0019646,-14.345,-3.3428,-9.2035,0.8632,-18.539,7.073,-0.9549,-0.27515,0.45905,-135.69,237.07,-258.15,12
-21.829,-1.9898,-5.6738,-0.55678,-0.46049,2.5843,-14.898,-11.573,-0.57328,-0.85178,-0.0019646,39.133,7.1316,7.2268,-14.973,-18.474,19.587,-0.81765,-0.67146,0.23922,-96.365,291.67,-148.89,12
-16.381,-0.6508,-2.8165,-0.77865,-0.46886,2.0786,-15.043,-11.263,-0.57328,-0.85178,-0.0019646,81.804,-6.1391,16.896,-21.762,-18.534,19.584,-0.81765,-0.67146,0.23922,-62.117,54.052,-83.371,12
-5.8194,-0.44175,3.0023,-0.70748,-0.26792,-0.54437,-18.322,-8.4736,-0.61039,-0.84803,0.039293,131.32,-50.304,27.025,-13.441,-18.598,9.2472,-0.81765,-0.67146,0.23922,-59.924,-67.838,-74.166,12
4.9391,-1.4996,-0.66128,-0.64469,-0.31397,-4.6451,-19.319,-3.2208,-0.61039,-0.84803,0.039293,199.15,-51.716,34.341,-3.9906,-18.508,12.189,-0.81765,-0.67146,0.23922,-58.207,-21.789,-95.531,12
16.348,-3.265,-6.6517,-0.66143,-0.36002,-3.9627,-19.167,9.0541,-0.61039,-0.84803,0.039293,224.61,-73.072,46.166,-9.1364,-12.081,12.906,-0.75686,-0.77002,-0.0021552,-39.105,93.089,-76.803,12
18.16,-0.93148,-6.8733,-0.79958,-0.64469,-0.30721,-13.231,-8.2375,-0.64378,-0.62477,0.47151,195.08,-137.91,25.76,-12.98,-4.1826,12.739,-0.75686,-0.77002,-0.0021552,-4.6869,105.82,-40.141,12
8.2044,3.4146,-1.9453,-0.69911,-0.34746,2.4828,-19.439,-19.114,-0.64378,-0.62477,0.47151,67.931,-178.66,-2.0251,-9.0646,7.4899,9.9891,-0.75686,-0.77002,-0.0021552,18.571,97.656,1.9219,12
3.6543,2.6368,-3.4574,-0.9461,-0.46468,6.515,9.2875,-17.783,-0.64378,-0.62477,0.47151,-25.564,-195.16,3.7616,-6.5742,15.364,7.3515,-0.66667,-0.82341,-0.1875,22.992,90.91,39.623,12
-4.8381,2.006,-1.3984,1.0968,1.1638,11.595,3.0573,-18.033,-0.64378,-0.62477,0.47151,-72.077,5.1244,25.921,-4.6347,18.998,3.8249,-0.66667,-0.82341,-0.1875,13.515,76.837,56.542,12
-9.5868,-0.96306,-0.14983,0.95029,0.90842,0.3076,-2.8228,-15.94,-0.40631,-0.57599,0.70334,-122.33,80.673,28.48,-3.8456,18.859,0.90128,-0.66667,-0.82341,-0.1875,4.6957,38.692,44.472,12
-5.0369,-4.215,0.30486,-1.3229,-0.67399,-0.89651,-12.299,-8.0718,-0.40631,-0.57599,0.70334,-166.48,56.711,7.6686,-4.0775,14.973,-0.74095,-0.66667,-0.82341,-0.1875,-5.3112,-10.471,18.41,12
-1.5818,-3.7371,0.41103,-1.0256,-0.73679,-3.3937,-12.904,-3.2937,-0.40631,-0.57599,0.70334,-172.44,69.064,-4.1683,-6.5296,10.837,-0.29148,-0.66667,-0.82341,-0.1875,-12.842,-81.376,-1.6092,12
3.2164,-2.2356,-0.49594,-0.75353,-0.28885,-4.6731,-9.7581,-1.5555,-0.52134,-0.77111,0.36542,-167.53,57.455,-5.4491,-7.3264,6.9722,-2.7764,-0.66667,-0.82341,-0.1875,-11.345,-147.09,-2.0051,12
5.5456,1.0038,1.1219,-0.77865,-0.83307,-1.027,-9.2251,-1.7215,-0.52134,-0.77111,0.36542,-165.03,61.65,-10.447,-6.6211,2.1299,-7.0081,-0.66667,-0.82341,-0.1875,-3.9274,-177.3,-2.6377,12
7.1792,0.13238,2.0224,-0.45631,-0.2428,0.60544,-9.175,-0.67145,-0.52134,-0.77111,0.36542,-158.99,97.92,-13.24,-2.8229,-1.6502,-11.02,-0.72941,-0.78029,-0.06681,11.354,-139.32,-18.957,12
3.0111,-1.0622,3.1676,-0.32653,0.16327,-3.3023,-6.6141,2.9488,-0.5102,-0.88743,-0.051081,-145.34,106.77,-16.92,0.79004,-3.4817,-13.174,-0.72941,-0.78029,-0.06681,14.886,-19.457,-25.139,12
-2.7075,-3.0113,3.4763,-0.092098,0.15489,-4.7775,-1.6791,8.3266,-0.5102,-0.88743,-0.051081,-120.04,86.888,-12.032,-2.0327,-3.2416,-11.162,-0.72941,-0.78029,-0.06681,11.225,117.08,-5.2784,12
-5.8888,-4.5498,2.6221,-0.3056,-0.45631,-5.4776,3.9355,14.34,-0.5102,-0.88743,-0.051081,-85.571,41.039,-5.6254,-8.1627,-3.5938,-6.3776,-0.72549,-0.80903,-0.053879,3.1325,133.72,35.91,12
-6.1656,-4.8513,2.195,-0.2428,-0.73679,-13.221,6.4669,16.983,-0.5102,-0.88743,-0.051081,-30.897,7.2814,7.0386,-9.2921,-4.7601,-2.0088,-0.72549,-0.80903,-0.053879,-8.9496,74.522,92.939,12
-15.203,-1.4645,3.9735,-0.16745,-0.82889,6.3792,-9.9032,10.673,-0.48423,-0.86867,-0.30255,-3.6992,-96.293,-9.0641,-9.8418,-8.4579,1.2125,-0.72549,-0.80903,-0.053879,-22.885,63.362,179.05,12
-21.793,-1.762,-8.2217,-0.071167,0.26374,19.602,-18.902,-18.937,-0.48423,-0.86867,-0.30255,-54.972,-167.52,-44.844,-15.205,-13.952,4.8232,-0.72549,-0.80903,-0.053879,-30.942,83.523,299.63,12
-21.968,4.9853,-10.393,0.20931,-0.20513,0.12227,-9.1053,10.265,-0.48423,-0.86867,-0.30255,40.55,21.613,20.185,-21.351,-18.684,6.597,-0.84118,-0.60575,-0.22414,-36.655,68.823,420.96,12
-21.875,0.79928,-4.8333,-0.029304,-0.11303,19.779,-18.916,23.252,-0.48237,-0.88743,-0.2613,1.1886,-46.984,26.564,-21.357,-18.662,8.7752,-0.84118,-0.60575,-0.22414,-32.584,9.1287,517.31,12
-21.907,0.42324,-3.6251,-0.025118,-0.087912,-8.5799,-19.304,0.26149,-0.48237,-0.88743,-0.2613,-12.142,-6.6676,61.781,-21.23,-18.671,5.8894,-0.84118,-0.60575,-0.22414,-35.757,14.949,515.38,12
-21.998,1.4024,-0.62115,-0.23862,-0.31397,-21.523,-19.39,-4.3618,-0.48237,-0.88743,-0.2613,-36.394,15.96,45.879,-21.259,-18.681,5.868,-1.0059,-0.0020534,-0.29095,-34.105,-53.254,466.28,12
-21.778,0.012431,-0.79888,-0.45631,-0.36002,-2.9056,-19.346,-7.8609,-0.48237,-0.88743,-0.2613,-16.087,44.565,0.7419,-21.336,-18.632,7.7559,-1.0059,-0.0020534,-0.29095,-12.387,-71.71,439.1,12
-14.832,1.1876,0.74899,-0.5484,-0.55678,-7.5003,-19.296,0.064345,-0.58627,-0.85366,-0.28684,-22.972,-1.0547,-40.511,-21.308,-18.658,7.1504,-1.0059,-0.0020534,-0.29095,18.746,-64.31,375.39,12
-5.7386,0.56417,-1.5492,-0.43119,-0.6112,-9.7465,-19.235,9.1804,-0.58627,-0.85366,-0.28684,12.8,-100.49,-89.727,-19.287,-18.655,5.4631,-1.0059,-0.0020534,-0.29095,44.84,-76.188,320.79,12
3.1093,-1.4257,-2.802,3.2779,1.6536,-4.9925,-10.202,-4.3517,-0.58627,-0.85366,-0.28684,67.168,-167.46,-36.754,-14.593,-6.2116,4.8353,-0.91765,0.48049,-0.125,48.425,-94.619,296.14,12
12.391,-0.84439,-2.1602,-1.2517,-1.034,5.6101,-5.263,-6.4987,-0.47866,-0.90994,-0.14342,38.47,-197.27,-12.794,-6.2393,0.15925,1.9246,-0.91765,0.48049,-0.125,36.492,-138.96,278.29,12
12.911,1.9076,-0.070422,-0.57352,-0.2428,7.5618,-2.27,-3.2358,-0.47866,-0.90994,-0.14342,37.381,-95.787,-6.5719,4.3891,0.023553,-2.6447,-0.91765,0.48049,-0.125,28.177,-180.55,266.99,12
7.2871,1.3025,0.2646,-0.47305,-0.40607,3.9434,-1.9146,1.6104,-0.47866,-0.90994,-0.14342,26.77,-107.61,10.209,19.478,3.107,-12.303,-0.76078,0.75154,0.11422,34.332,-157.44,152.08,12
1.128,0.66902,1.9023,-0.45212,-0.058608,8.9626,1.8615,-4.9423,-0.47866,-0.90994,-0.14342,-3.2204,-105.47,11.076,19.603,5.8994,-17.059,-0.76078,0.75154,0.11422,22.719,-26.104,62.087,12
-4.0598,-1.0514,2.0948,-0.38932,-0.22187,16.844,-11.482,-3.6036,-0.47124,-0.90807,0.02554,0.74982,-71.934,-6.9436,19.382,9.2584,-12.162,-0.76078,0.75154,0.11422,0.35715,53.669,-77.425,12
-4.0981,-1.1556,1.3592,-0.38932,-0.60701,6.7622,-1.6815,4.1294,-0.47124,-0.90807,0.02554,39.197,106.21,-12.957,19.276,8.4962,-11.377,-0.76078,0.75154,0.11422,-19.471,-8.1125,-213.67,12
-2.4406,-1.2002,1.4183,-0.25536,-0.59027,-5.6788,-1.9819,9.7295,-0.47124,-0.90807,0.02554,57.142,120.16,-9.4152,14.079,5.8408,-9.9163,-0.80392,0.72279,0.12716,-36.377,-29.131,-299.71,12
0.4996,-1.2424,0.49871,-0.050235,-0.44375,-2.244,-2.8254,10.534,-0.45455,-0.89869,0.053045,73.08,48.077,-17.238,9.3318,4.521,-7.8989,-0.80392,0.72279,0.12716,-49.735,-18.335,-322.47,12
2.6142,-0.90991,-0.33452,-0.066981,-0.53166,0.78556,-3.4484,3.6792,-0.45455,-0.89869,0.053045,94.137,66.031,-21.158,2.1878,1.3861,-4.389,-0.80392,0.72279,0.12716,-63.47,-9.4613,-319.95,12
3.1381,0.16487,-1.2273,0.20931,-0.025118,0.071221,-4.1094,-0.048508,-0.45455,-0.89869,0.053045,100.67,69.452,-22.477,-3.2427,1.2434,-2.6566,-0.98039,0.35934,0.23922,-68.809,-40.706,-309.99,12
3.6198,1.3334,-0.42736,0.16327,-0.4898,1.5411,-4.4871,5.7494,-0.44898,-0.87617,0.23576,115.15,75.546,-23.693,-6.2092,-0.52849,-0.84934,-0.98039,0.35934,0.23922,-83.702,-57.823,-276.19,12
4.9987,2.0875,-0.71739,0.10047,-0.46049,-8.2753,-1.7103,-2.7099,-0.44898,-0.87617,0.23576,128.16,146.06,-6.044,-5.8113,-4.4547,-1.4727,-0.98039,0.35934,0.23922,-94.986,-19.285,-208.57,12
3.961,0.43264,-0.91896,0.096285,-0.22606,-4.5863,-6.4848,-4.9118,-0.44898,-0.87617,0.23576,107.55,31.769,1.1389,-8.2797,-8.9104,-2.0393,-0.98039,0.35934,0.23922,-89.026,74.019,-128.15,12
-0.1512,-2.5411,-0.58659,0.046049,-0.18001,1.5186,-6.2424,-6.4219,-0.44898,-0.87617,0.23576,84.988,-10.942,1.0071,-21.319,-11.612,1.8465,-1.0412,0.01232,0.29526,-64.027,78.459,-58.383,12
-6.3189,-2.2346,0.97783,-0.041863,-0.38095,15.052,-8.3634,-18.518,-0.49536,-0.78612,0.37132,44.334,-90.719,-15.708,-21.445,-10.752,6.754,-1.0412,0.01232,0.29526,-35.534,-34.584,45.123,12
-21.841,-1.4002,1.0108,-0.037677,-0.27211,-1.005,-6.8591,-18.582,-0.49536,-0.78612,0.37132,-17.77,99.811,2.6762,-9.9533,-7.753,6.6957,-1.0412,0.01232,0.29526,-1.8398,-76.264,121.3,12
-21.698,-8.0382,-16.871,0.24699,0.14233,14.606,-19.378,-18.99,-0.49536,-0.78612,0.37132,-122.36,-16.391,-12.829,-9.1245,-6.5666,5.3383,-1.0314,0.067762,0.32112,29.165,-9.9135,181.19,12
-21.829,-1.458,-9.3628,0.020931,-0.28048,-13.569,-17.024,1.5548,-0.49907,-0.84428,0.30648,-118.34,111.46,3.7054,-19.281,-11.488,8.1964,-1.0314,0.067762,0.32112,43.842,3.5401,216.36,12
-21.756,-5.1187,-11.903,1.5992,0.23443,-5.823,-19.355,-6.7551,-0.49907,-0.84428,0.30648,-71.226,-12.682,-38.564,-21.52,-18.581,12.873,-1.0314,0.067762,0.32112,64.448,-54.254,228.91,12
-21.85,-0.43241,-6.8915,2.5243,1.574,0.48948,-7.1041,-17.34,-0.49907,-0.84428,0.30648,-28.57,-2.0996,-28.412,-21.47,-18.678,12.222,-1.0314,0.067762,0.32112,73.405,-128.11,220.8,12
-21.837,-0.5758,-1.6308,-0.071167,-0.15071,4.0284,-13.323,-10.48,-0.49907,-0.84428,0.30648,31.659,7.9403,-8.3605,-21.558,-18.582,14.8,-0.94706,0.35318,0.40948,73.746,-111.97,165.05,12
-16.055,-1.3062,0.41929,0.0041863,-0.45631,2.198,-12.827,-11.39,-0.4397,-0.8743,0.18271,84.304,-8.5495,5.7587,-16.08,-18.555,15.531,-0.94706,0.35318,0.40948,64.73,-26.084,69.786,12
-5.8847,-1.7231,0.77123,-0.15908,-0.56515,-2.4325,-18.713,-8.8975,-0.4397,-0.8743,0.18271,126.5,-70.99,31.08,-16.454,-11.085,17.498,-0.94706,0.35318,0.40948,22.312,58.849,8.883,12
2.552,-1.3384,-0.98361,-0.26374,-0.79958,-3.6374,-19.302,-3.4494,-0.4397,-0.8743,0.18271,194.02,-89.096,42.754,-14.985,-9.1611,10.886,-0.88627,0.50513,0.41379,-43.443,90.206,-6.4641,12
15.295,-1.1076,-5.2576,-0.062794,-0.61957,-7.3004,-19.3,0.6599,-0.46011,-0.7242,0.49705,261.88,-36.931,43.184,-9.4823,-6.0491,12.093,-0.88627,0.50513,0.41379,-81.087,24.165,-23.885,12
19.023,-0.12434,-6.927,0.10884,-0.27211,-12.352,-11.278,-18.917,-0.46011,-0.7242,0.49705,115.02,-149.04,34.832,0.51339,-2.9579,8.2063,-0.88627,0.50513,0.41379,-71.967,-33.285,-61.034,12
13.139,5.1499,-3.8733,0.46886,0.25118,19.5,-8.3234,-18.482,-0.46011,-0.7242,0.49705,19.356,-251.94,-31.49,8.1465,-0.45398,-0.3977,-0.88627,0.50513,0.41379,-52.036,-50.95,-83.564,12
0.86407,4.2711,-4.0261,0.47305,0.16327,7.7878,1.0583,-11.994,-0.29128,-0.55722,0.74263,-48.485,20.301,21.69,14.361,1.6676,-6.2395,-0.88627,0.38809,0.49353,-44.916,-3.2881,-119.64,12
-9.3977,1.1971,-1.8396,0.2763,0.083726,4.385,-0.42803,-18.05,-0.29128,-0.55722,0.74263,-99.555,86.684,33.303,15.189,4.2994,-7.0559,-0.88627,0.38809,0.49353,-39.61,96.437,-141.83,12
-15.627,-3.9793,-0.52656,0.15071,0.012559,-3.8963,-9.569,-8.382,-0.29128,-0.55722,0.74263,-160.16,85.455,19.665,4.7499,6.0167,-3.3346,-0.88627,0.38809,0.49353,-34.086,146.11,-159.54,12
-8.9118,-2.894,0.68691,-0.037677,-0.51491,-0.97097,-14.05,-4.0039,-0.29128,-0.55722,0.74263,-178.04,47.835,-3.8439,-1.1096,4.3986,-0.14466,-0.99804,0.21561,0.33621,-36.525,99.78,-167.43,12
0.65491,-1.9376,0.47825,0.012559,-0.57352,-4.7141,-12.488,-2.2653,-0.44156,-0.75985,0.47937,-177.71,39.025,-2.8966,-1.8682,2.5642,1.4199,-0.99804,0.21561,0.33621,-25.798,59.305,-175.12,12
7.848,-0.48306,0.59863,0.27211,-0.071167,-1.8188,-9.0206,-0.083803,-0.44156,-0.75985,0.47937,-177.31,-1.8966,-4.227,-4.6206,1.4653,1.5316,-0.99804,0.21561,0.33621,-7.4427,27.728,-174.79,12
9.7641,0.17934,-0.089123,0.427,-0.57771,0.58144,-8.9283,0.23648,-0.44156,-0.75985,0.47937,-169.41,25.547,-2.7836,-6.3259,0.86908,0.90804,-0.99804,0.21561,0.33621,-0.032547,-3.2547,-144.01,12
6.5036,0.074438,0.069857,0.20931,-0.48142,-2.0426,-8.1889,3.8826,-0.45455,-0.91932,0.10216,-158.69,52.78,0.91444,-7.1932,-0.29129,-0.12915,-1.0314,-0.022587,0.21983,4.9423,-8.4607,-78.878,12
-3.7627,-1.2591,2.9604,0.14652,-0.19257,-2.1036,-4.9584,7.1269,-0.45455,-0.91932,0.10216,-145.07,62.001,4.0129,-5.7502,1.6213,0.13315,-1.0314,-0.022587,0.21983,9.0382,24.107,-30.385,12
-7.1821,-2.51,5.4373,-0.046049,-0.60701,-1.6068,-1.031,11.755,-0.45455,-0.91932,0.10216,-116.07,61.528,6.3238,-5.0216,1.5255,-0.45498,-1.0314,-0.022587,0.21983,9.9209,76.471,16.401,12
-7.5974,-2.9558,5.155,-0.27211,-0.86656,-10.135,4.5917,17.587,-0.45455,-0.91932,0.10216,-63.687,54.765,10.971,-9.9609,2.4654,1.5399,-1.0392,-0.071869,0.14655,11.375,78.223,47.821,12
-11.45,-1.7263,6.6341,2.7169,0.56515,-1.6776,-5.2622,2.4909,-0.44527,-0.92495,-0.22397,-44.62,-81.205,7.1879,-11.283,1.6554,3.5411,-1.0392,-0.071869,0.14655,12.502,29.391,84.072,12
-21.731,-6.3647,-2.436,0.15071,-0.79121,19.575,-6.1711,13.585,-0.44527,-0.92495,-0.22397,37.021,6.9692,-6.5821,-12.425,-0.29077,5.923,-1.0392,-0.071869,0.14655,17.318,8.2685,136.36,12
-21.673,-9.268,-12.045,0.61538,0.74935,-14.488,-19.108,22.889,-0.44527,-0.92495,-0.22397,57.22,77.776,-12.023,-14.937,-1.4496,11.042,-1.0392,-0.071869,0.14655,31.58,34.141,197.04,12
-21.793,-3.2922,-7.7279,0.16745,-0.22187,19.981,-16.939,21.936,-0.4397,-0.91557,-0.23772,42.095,-21.889,-25.298,-21.873,-1.4377,19.23,-1.0569,0.090349,0.060345,53.348,38.523,257.72,12
-21.721,-6.3619,-2.6989,0.029304,-0.49398,8.6308,-19.146,7.2019,-0.4397,-0.91557,-0.23772,49.411,-36.641,25.641,-21.924,-2.5468,21.321,-1.0569,0.090349,0.060345,79.684,-56.781,300.0,12
-21.888,1.9612,0.17651,-0.050235,-0.56934,-17.141,-19.418,-11.111,-0.4397,-0.91557,-0.23772,6.633,-38.415,37.625,-21.764,-6.9221,18.789,-1.0569,0.090349,0.060345,89.007,-219.61,305.42,12
-21.951,5.6286,0.032894,0.10466,-0.38932,-13.605,-19.38,-4.3446,-0.4397,-0.91557,-0.23772,-9.2125,-18.44,0.22435,-21.884,-6.6067,21.326,-0.94902,0.44353,0.21983,84.932,-286.01,286.51,12
-15.031,3.5692,-1.2472,0.11303,-0.54422,-10.541,-19.287,-0.94474,-0.49907,-0.90244,-0.16896,-25.271,3.1885,-24.057,-21.912,-10.627,24.281,-0.94902,0.44353,0.21983,86.927,-230.12,287.07,12
-5.9467,2.8925,0.76559,0.11722,-0.53585,-10.238,-19.176,13.126,-0.49907,-0.90244,-0.16896,-41.523,-64.906,-53.932,-19.781,-12.478,24.189,-0.94902,0.44353,0.21983,97.288,-145.53,281.38,12
2.6731,0.68678,0.66181,0.016745,-0.60283,-3.4875,-19.284,0.33427,-0.49907,-0.90244,-0.16896,94.056,-125.53,-12.458,-9.6776,-7.137,13.299,-0.94902,0.44353,0.21983,105.42,-85.872,302.25,12
7.068,-2.3906,0.66906,0.10884,-0.44793,1.5275,0.33593,-3.0408,-0.42301,-0.93433,-0.11198,14.499,-148.4,4.0801,-0.69003,-5.4053,2.4693,-0.60588,0.80698,0.46983,98.36,-92.198,297.84,12
9.6456,-3.9995,-0.50732,0.062794,-0.65306,13.018,-4.4734,-6.7497,-0.42301,-0.93433,-0.11198,25.327,-103.56,4.1365,4.1196,-8.6344,-9.4421,-0.60588,0.80698,0.46983,96.297,-65.062,287.05,12
6.7143,-3.3902,0.28435,0.041863,-0.57771,3.9213,-4.0666,-0.7162,-0.42301,-0.93433,-0.11198,20.011,-47.356,6.8554,11.288,-10.229,-17.866,-0.60588,0.80698,0.46983,87.104,-32.896,245.75,12
-0.27175,-1.0588,1.5679,0.0041863,-0.41444,4.498,3.5577,1.3166,-0.44341,-0.91557,0.0078585,6.8041,-135.3,7.8547,17.74,-1.5547,-17.474,-0.23529,1.0144,0.2931,60.785,46.151,138.66,12
-3.5005,-0.22526,1.8534,0.15908,-0.33909,15.315,-6.7704,-1.7895,-0.44341,-0.91557,0.0078585,10.37,-168.91,-2.703,18.666,3.1575,-17.248,-0.23529,1.0144,0.2931,3.1496,135.43,25.063,12
-3.7036,-0.67974,1.6441,0.046049,-0.65306,11.286,-1.4086,2.7091,-0.44341,-0.91557,0.0078585,40.003,14.095,-9.7433,13.726,-0.48358,-17.358,-0.23529,1.0144,0.2931,-35.908,179.42,-97.097,12
-0.8579,-2.0545,1.5625,-0.12559,-0.81633,0.79148,-0.21328,3.4243,-0.44341,-0.91557,0.0078585,61.763,89.658,-7.0381,5.4372,-5.3313,-15.131,-0.23529,1.0144,0.2931,-51.482,183.98,-183.01,12
2.7017,-2.7623,1.1514,-0.13396,-0.83307,-2.6323,-2.0871,7.1297,-0.42672,-0.91182,0.11198,71.708,68.457,-7.6021,2.0749,-4.0382,-9.8165,-0.33725,1.0123,0.25,-70.807,100.65,-259.46,12
4.5162,-3.0823,0.62785,-0.12977,-0.54422,3.5881,-3.0613,5.7474,-0.42672,-0.91182,0.11198,101.23,47.428,-16.785,0.044319,-5.131,-6.1003,-0.33725,1.0123,0.25,-83.523,13.929,-287.73,12
4.3966,-1.6477,-0.52724,0.25536,-0.47724,5.1874,-4.9949,1.5,-0.42672,-0.91182,0.11198,106.09,74.535,-22.636,2.3648,-3.5664,-3.6367,-0.33725,1.0123,0.25,-101.6,-16.315,-299.34,12
3.312,0.56218,-0.38098,3.5625,1.4485,4.5557,-6.4644,-0.89224,-0.4397,-0.8743,0.27308,114.38,95.553,-28.063,3.7693,-5.3453,-3.5277,-0.6549,0.79671,0.39009,-111.73,11.751,-279.61,12
2.5121,2.1732,-2.6886,-0.34328,-0.81214,3.7052,-8.4569,0.84337,-0.4397,-0.8743,0.27308,122.26,107.22,-32.089,1.7147,-5.7889,-1.8936,-0.6549,0.79671,0.39009,-113.51,66.917,-263.95,12
1.0151,5.3073,-0.41708,-0.28467,-0.54003,5.7581,-10.165,-0.67985,-0.4397,-0.8743,0.27308,121.09,104.84,-41.277,-1.3152,-7.1312,-0.11698,-0.6549,0.79671,0.39009,-114.2,87.951,-248.29,12
-1.0272,5.9042,-0.5423,-0.24699,-0.19676,-16.533,-2.1225,-1.3548,-0.4397,-0.8743,0.27308,116.49,132.6,-14.045,-6.1522,-9.5607,2.9282,-0.6549,0.79671,0.39009,-105.79,84.838,-242.68,12
-4.0815,3.0627,-0.25067,-0.38095,-0.43119,-6.4903,-2.9524,-8.1084,-0.47495,-0.78612,0.40079,66.824,-14.98,-7.2473,-9.8079,-11.266,6.3533,-0.91765,0.44148,0.43319,-95.174,15.766,-206.39,12
-7.0098,2.0065,-1.5984,-0.2135,-0.64887,-2.8518,-2.3079,-11.977,-0.47495,-0.78612,0.40079,34.889,19.468,4.3023,-5.0503,-9.7574,5.2621,-0.91765,0.44148,0.43319,-79.066,-7.1469,-158.55,12
-14.82,-0.93595,-5.0632,-0.075353,-0.53166,19.488,-7.0258,-18.417,-0.47495,-0.78612,0.40079,-61.81,45.939,-27.506,-7.0961,-12.839,7.1497,-0.91765,0.44148,0.43319,-53.802,5.8246,-106.55,12
-21.914,3.2632,-9.8537,0.31397,-0.16327,-6.9057,-3.9413,-14.922,-0.52319,-0.77486,0.39096,-107.49,35.57,8.8647,-7.1315,-11.774,7.6405,-0.97647,0.17248,0.4569,-24.755,19.975,-59.901,12
-21.946,4.3467,-8.1351,0.29723,-0.29304,19.606,-19.328,-18.937,-0.52319,-0.77486,0.39096,-90.787,-246.43,-48.39,-7.3478,-9.4559,6.4126,-0.97647,0.17248,0.4569,-5.2688,29.678,-50.222,12
-21.965,5.8331,-9.3171,0.26792,-0.9461,-21.605,-3.0712,2.7762,-0.52319,-0.77486,0.39096,-193.13,156.61,65.933,-9.0641,-7.1946,6.5361,-0.97647,0.17248,0.4569,-2.6776,55.4,-70.644,12
-22.001,8.6242,-12.708,0.19676,-0.07954,19.307,14.703,-15.822,-0.54917,-0.86116,0.076621,-91.523,-30.644,-5.7996,-16.442,-11.255,10.5,-0.97647,0.17248,0.4569,-12.33,95.508,-116.73,12
-21.899,0.98914,-11.722,0.092098,-0.14652,-14.32,-9.2874,-18.837,-0.54917,-0.86116,0.076621,-48.843,-2.6308,-2.46,-21.479,-18.608,10.184,-1.0294,0.080082,0.34267,0.56174,38.22,-152.0,12
-21.895,1.3359,-8.0061,0.22187,-0.10466,11.489,-17.928,-2.6773,-0.54917,-0.86116,0.076621,-17.883,-13.399,-5.5689,-21.507,-18.642,10.766,-1.0294,0.080082,0.34267,26.405,-16.543,-139.74,12
-21.917,1.8934,-6.2085,0.24699,-0.11303,0.47711,-11.554,-11.802,-0.54917,-0.86116,0.076621,20.231,10.623,5.5498,-21.57,-18.595,13.539,-1.0294,0.080082,0.34267,31.119,-29.916,-20.378,12
-17.311,2.402,-1.9522,0.28467,-0.13815,-0.60668,-14.505,-9.8667,-0.55288,-0.8743,0.043222,68.022,17.485,6.9784,-21.359,-18.685,6.5241,-1.0451,-0.032854,0.30819,23.054,7.4001,55.261,12
-8.9286,-1.0471,1.8426,0.083726,-0.2763,-1.77,-14.185,-9.5498,-0.55288,-0.8743,0.043222,107.44,-7.313,10.623,-21.334,-18.686,6.3573,-1.0451,-0.032854,0.30819,0.43036,25.083,58.603,12
1.0107,-2.5553,1.9911,-0.13815,-0.48142,-5.8296,-19.372,-8.454,-0.55288,-0.8743,0.043222,166.13,-69.368,15.986,-18.926,-17.868,4.1587,-1.0451,-0.032854,0.30819,-12.352,3.5887,37.984,12
10.937,-0.40604,-0.98391,-0.058608,-0.23025,-8.2871,-19.287,0.98402,-0.56215,-0.77674,0.2947,210.46,-88.527,36.503,-12.495,-11.746,2.4231,-1.0451,-0.032854,0.30819,-20.128,-2.0365,30.304,12
17.667,-0.012998,-7.2959,-0.38514,-0.46468,4.232,-19.099,1.0353,-0.56215,-0.77674,0.2947,237.36,-68.612,36.343,-5.4772,-4.8082,1.1763,-1.0392,0.034908,0.26724,-23.683,1.5483,22.255,12
12.184,1.924,-4.4584,1.8587,0.57352,5.2539,-14.704,-18.901,-0.56215,-0.77674,0.2947,102.12,-97.718,19.57,2.1441,1.8159,-0.4092,-1.0392,0.034908,0.26724,-21.313,5.1256,19.378,12
0.94792,2.0987,-2.8637,1.8378,0.87912,-1.2087,3.7593,-18.126,-0.56215,-0.77674,0.2947,22.102,-143.16,9.3589,7.8712,6.3086,-2.1429,-1.0392,0.034908,0.26724,-14.406,31.574,21.418,12
-4.5259,0.031752,-4.6708,-0.69492,-0.72841,16.302,1.9312,-15.793,-0.49536,-0.56285,0.6444,-102.24,-221.55,20.566,9.361,8.3618,-2.8215,-1.0412,0.049281,0.25647,-10.618,51.353,24.906,12
-4.7408,0.67705,-0.72854,-0.57771,-0.72004,15.734,-5.3335,-13.547,-0.49536,-0.56285,0.6444,-96.659,9.407,39.069,10.319,7.6881,-2.1885,-1.0412,0.049281,0.25647,-11.11,38.058,1.5633,12
-2.3032,-0.49459,-1.3287,-0.58189,-0.7033,6.337,-6.8114,-9.8501,-0.49536,-0.56285,0.6444,-133.06,58.028,25.025,7.7521,6.1754,-1.4621,-1.0412,0.049281,0.25647,-2.8007,25.138,-47.961,12
0.6188,-0.63676,1.669,-0.39351,-0.43119,-3.1569,-10.954,-9.298,-0.45269,-0.71295,0.50491,-155.27,114.95,13.356,5.2424,5.5241,-0.58838,-1.0412,0.049281,0.25647,0.10878,10.878,-91.803,12
1.7343,-0.85458,1.3336,-0.071167,-0.5484,-8.1578,-11.934,-5.2616,-0.45269,-0.71295,0.50491,-181.54,67.32,4.545,3.004,2.992,-0.79832,-1.0451,0.014374,0.1875,-1.254,18.231,-120.06,12
2.368,0.28867,0.77335,-0.15908,-0.36839,-4.1709,-10.925,0.55787,-0.45269,-0.71295,0.50491,-183.66,-8.4386,-3.1688,2.4902,1.9966,-1.3377,-1.0451,0.014374,0.1875,0.74401,38.494,-142.61,12
0.25688,-1.2278,2.8369,0.13815,0.13815,3.9592,-10.756,7.6164,-0.45269,-0.71295,0.50491,-162.08,7.4923,-0.5852,-2.0241,2.3436,-2.6432,-1.0451,0.014374,0.1875,-0.94376,49.251,-157.55,12
-6.6223,-3.2271,4.9727,0.22606,0.29723,-0.1678,-2.1611,9.6298,-0.49351,-0.88743,0.14538,-113.89,115.63,5.7391,-8.5863,5.4705,-4.9452,-1.0529,-0.13758,0.099138,-20.024,26.337,-163.12,12
-5.6713,-2.7971,3.3272,0.2428,-0.12977,-7.412,3.1901,15.054,-0.49351,-0.88743,0.14538,-52.873,120.35,11.542,-13.809,5.5877,2.769,-1.0529,-0.13758,0.099138,-49.039,-56.508,-146.26,12
-3.8636,0.75551,-0.62674,0.12559,-0.3349,-3.0529,2.1371,-2.132,-0.49351,-0.88743,0.14538,-5.8943,12.169,9.9529,-12.066,-2.6126,15.744,-1.0529,-0.13758,0.099138,-47.833,-133.37,-118.4,12
-17.568,7.6929,-2.0129,0.041863,0.0083726,4.3481,-19.141,12.607,-0.52505,-0.89493,-0.098232,23.656,-48.126,-6.3411,-7.5162,-8.2139,20.61,-1.0529,-0.13758,0.099138,-13.494,-146.55,-22.631,12
-21.609,-11.999,-17.68,0.23443,0.40607,7.2645,-19.082,15.535,-0.52505,-0.89493,-0.098232,8.5262,-61.92,-19.465,-16.547,-9.6919,21.807,-1.0529,-0.13758,0.099138,35.885,-109.89,99.29,12
-22.094,11.247,-14.461,0.40607,0.78702,10.277,-18.957,23.072,-0.52505,-0.89493,-0.098232,13.289,16.564,-21.788,-21.815,-15.596,22.356,-1.0529,-0.13758,0.099138,85.778,-93.671,228.65,12
-21.98,5.0464,-6.4195,0.3977,0.26792,-0.59763,-19.21,4.7002,-0.52505,-0.88368,-0.047151,37.114,37.611,2.3448,-21.761,-18.524,21.553,-1.0529,-0.13758,0.099138,123.84,-129.82,263.34,12
-21.922,2.6839,-5.4637,0.062794,0.083726,-6.0448,-19.3,-0.3067,-0.52505,-0.88368,-0.047151,4.4775,-10.687,1.1717,-21.753,-18.481,23.93,-0.96078,-0.053388,0.55819,170.56,-71.371,274.88,12
-21.854,0.29277,-1.6368,-0.0083726,0.0,-8.9553,-19.302,-0.54426,-0.52505,-0.88368,-0.047151,-23.316,-16.648,-4.9949,-21.853,-18.5,23.95,-0.96078,-0.053388,0.55819,174.12,14.788,291.78,12
-14.981,0.066263,-3.4256,-0.17582,-0.18838,-6.502,-19.227,4.0466,-0.52505,-0.88368,-0.047151,-33.44,-9.2069,-10.495,-21.63,-18.555,17.51,-0.96078,-0.053388,0.55819,156.59,21.378,334.33,12
-3.7278,-2.4976,-4.4774,-0.16327,-0.12559,-3.0404,-19.142,12.533,-0.52876,-0.88743,-0.056974,-2.081,-63.098,-8.8512,-21.378,-18.612,9.8194,-0.83725,0.49487,0.48491,142.22,-15.472,337.3,12
3.3279,-1.7503,-1.4417,2.9095,1.8713,-2.1698,-14.142,3.5733,-0.52876,-0.88743,-0.056974,12.591,-72.419,1.4825,-19.176,-9.4432,4.6841,-0.83725,0.49487,0.48491,116.36,-15.875,325.59,12
7.0083,-2.4329,-0.20843,-0.92517,-0.34746,5.8923,-8.8044,-2.225,-0.52876,-0.88743,-0.056974,8.2773,-136.23,-5.1525,-12.231,-0.89003,1.9972,-0.83725,0.49487,0.48491,97.182,-120.23,306.4,12
6.6031,-4.9036,-0.0097422,-0.54003,-0.38514,7.4038,-2.7647,-3.1996,-0.50278,-0.89493,0.053045,6.9186,-108.88,-7.9962,5.3323,-1.5622,-7.2239,-0.83725,0.49487,0.48491,82.871,-186.82,275.37,12
5.6828,-3.3318,-1.542,-0.48142,-0.29723,2.7235,5.5077,-0.71822,-0.50278,-0.89493,0.053045,-1.8948,-93.376,2.9919,16.768,-0.95933,-15.933,-0.52549,0.86037,0.47414,74.748,-101.55,282.65,12
2.4325,-1.9284,-1.6999,-0.41863,-0.45212,9.911,-10.697,-6.3316,-0.50278,-0.89493,0.053045,-4.1852,-112.25,-10.915,19.655,2.377,-17.298,-0.52549,0.86037,0.47414,8.1893,11.03,258.18,12
0.63077,0.27963,-0.059044,-0.33909,-0.59864,7.8124,-3.8823,2.8632,-0.50278,-0.89493,0.053045,21.19,27.678,-14.409,19.582,7.8698,-17.023,-0.52549,0.86037,0.47414,-35.12,132.5,92.918,12
-0.29818,0.76747,0.73223,-0.25955,-0.42282,0.4317,-1.9449,5.5112,-0.45826,-0.88931,0.1277,50.965,100.41,-8.084,17.419,1.831,-10.898,-0.33922,0.94045,0.46121,-59.041,128.22,-32.427,12
-0.17513,0.17065,0.94167,-0.041863,-0.37258,0.53639,-1.1924,5.5082,-0.45826,-0.88931,0.1277,73.141,104.96,-1.2137,12.568,0.83135,-8.8647,-0.33922,0.94045,0.46121,-64.782,38.808,-122.26,12
0.67045,0.31597,0.38633,0.046049,-0.23862,3.6266,-3.3837,5.19,-0.45826,-0.88931,0.1277,93.891,107.5,-0.93263,8.4393,1.2328,-7.7196,-0.33922,0.94045,0.46121,-70.682,23.404,-180.35,12
1.1676,0.71147,0.72719,0.041863,-0.25536,1.6277,-4.643,3.0237,-0.49351,-0.87992,0.19253,115.12,126.37,1.4844,2.5484,-0.29515,-5.5148,-0.33922,0.94045,0.46121,-76.082,3.9588,-224.67,12
2.3258,0.884,-0.21518,-0.0041863,-0.23025,-1.8225,-5.144,3.4225,-0.49351,-0.87992,0.19253,122.07,110.89,4.3862,3.2144,-3.0746,-5.4558,-0.53922,0.78439,0.57759,-80.942,-15.16,-235.76,12
2.6555,1.5682,-0.62728,-0.10466,-0.22187,-3.6212,-4.9468,3.3414,-0.49351,-0.87992,0.19253,121.3,81.356,5.8513,3.4131,-5.2436,-5.3559,-0.53922,0.78439,0.57759,-79.262,27.093,-255.65,12
2.819,0.96872,-1.1233,-0.15489,-0.28048,-1.646,-6.0916,0.74146,-0.49351,-0.87992,0.19253,113.37,32.811,5.4852,-1.6684,-8.6683,-2.8292,-0.53922,0.78439,0.57759,-79.262,27.166,-266.48,12
1.7912,-0.16543,-1.8675,-0.13396,-0.037677,-1.1575,-7.3439,-3.7017,-0.49351,-0.87992,0.19253,105.17,-5.2719,1.9896,-2.1647,-10.248,-1.7624,-0.74314,0.47844,0.67241,-74.443,-11.592,-271.77,12
0.082991,-1.6243,-1.1251,0.037677,-0.23443,-0.89335,-6.0775,-10.719,-0.49351,-0.87992,0.19253,83.165,-55.144,-4.4308,1.1395,-9.3553,-2.5303,-0.74314,0.47844,0.67241,-70.886,-15.015,-247.48,12
-3.563,-0.13073,-0.59071,-0.075353,-0.31397,1.1252,-1.1713,-14.162,-0.49351,-0.87992,0.19253,53.549,-69.343,-3.9851,2.3572,-8.504,-3.4044,-0.74314,0.47844,0.67241,-73.289,31.983,-214.42,12
-8.0464,1.8154,2.3318,-0.32234,-0.37677,1.5344,1.8379,-18.195,-0.54174,-0.67355,0.52259,3.5124,-58.567,3.2571,2.5351,-9.0582,-3.8175,-0.74314,0.47844,0.67241,-76.481,89.807,-188.35,12
-11.605,-0.036686,0.14407,-0.41863,-0.42282,3.3906,1.9769,-18.148,-0.54174,-0.67355,0.52259,-50.94,-42.426,-4.7618,-1.079,-9.8176,-3.7617,-0.86078,0.13552,0.66379,-71.086,126.54,-175.25,12
-21.808,-1.5153,-5.6311,-0.56515,-0.48142,19.436,-3.7272,-18.263,-0.54174,-0.67355,0.52259,-172.95,-107.81,-59.388,-5.6804,-9.6078,-1.7825,-0.86078,0.13552,0.66379,-66.977,88.617,-170.82,12
-21.977,6.4471,-16.178,0.85819,-0.37258,-21.335,-19.148,22.829,-0.50278,-0.81238,0.35363,-201.22,332.47,40.526,-3.3875,-11.39,1.0451,-0.86078,0.13552,0.66379,-59.776,18.844,-171.78,12
-21.976,5.8532,-14.368,3.303,1.3187,11.024,-19.078,13.958,-0.50278,-0.81238,0.35363,-145.35,41.453,-16.7,-2.7417,-18.574,4.5817,-0.97255,-0.12936,0.52802,-38.447,-2.6659,-178.0,12
-21.737,-6.5902,-17.267,-0.53585,-0.029304,-21.702,-19.549,-16.288,-0.50278,-0.81238,0.35363,-100.24,94.764,44.059,-2.6526,-18.604,2.6219,-0.97255,-0.12936,0.52802,8.5845,-3.3047,-176.69,12
-21.836,-0.12623,-13.253,-0.27211,-0.22606,18.142,20.699,-17.179,-0.50278,-0.81238,0.35363,-114.44,-28.764,-6.0816,-11.708,-18.629,4.1415,-0.97255,-0.12936,0.52802,60.711,146.49,-81.117,12
-21.928,0.45092,-10.454,-0.60701,0.054422,5.1556,-14.599,-13.324,-0.52876,-0.88368,0.0078585,-18.829,-1.8301,7.8985,-20.906,-18.706,2.4397,-0.97255,-0.12936,0.52802,85.7,239.64,-52.307,12
-21.816,-1.6182,-5.4509,-0.46468,-0.51491,-0.65604,-12.885,-16.245,-0.52876,-0.88368,0.0078585,32.844,13.433,6.2795,-21.25,-18.698,3.2422,-1.0098,-0.2423,0.28233,61.105,275.64,-70.126,12
-11.692,-2.7872,-1.6614,-0.45631,-0.38514,-1.4076,-16.78,-12.645,-0.52876,-0.88368,0.0078585,98.389,22.502,-0.46121,-21.23,-18.721,1.9181,-1.0098,-0.2423,0.28233,28.559,198.84,-159.9,12
1.9574,-3.9303,-1.9853,-0.36421,-0.41444,-3.479,-19.368,-8.0865,-0.54174,-0.86304,0.074656,147.55,-20.558,-2.4568,-21.038,-18.738,-4.8119,-1.0098,-0.2423,0.28233,8.4881,184.53,-177.13,12
13.565,-2.0011,-2.4854,-0.13815,-0.30979,-10.485,-19.332,-2.4985,-0.54174,-0.86304,0.074656,197.01,-110.23,9.4276,-21.102,-17.93,-1.9694,-0.90588,-0.41273,-0.23276,-6.5486,188.95,-186.14,12
18.578,0.92139,-2.8539,0.10047,-0.14652,-1.3484,-19.125,9.3011,-0.54174,-0.86304,0.074656,228.09,-127.24,32.353,-21.235,-8.2939,-1.3939,-0.90588,-0.41273,-0.23276,-15.812,196.18,-144.16,12
9.1746,0.36311,-2.8936,0.050235,-0.25536,5.2389,-9.2179,-12.877,-0.54174,-0.86304,0.074656,167.44,-125.16,20.269,-19.492,2.8512,0.12173,-0.90588,-0.41273,-0.23276,-14.828,115.07,-105.42,12
1.7261,1.069,-3.1564,-0.12977,-0.29723,-7.7595,-11.288,-18.871,-0.51391,-0.6454,0.53635,70.238,-171.9,17.342,-11.183,11.875,2.4792,-0.90588,-0.41273,-0.23276,-17.523,-10.836,-66.668,12
-3.4139,3.0165,-3.0443,-0.25118,-0.32234,17.014,1.9783,-18.012,-0.51391,-0.6454,0.53635,-46.116,-156.24,20.955,-5.7461,17.354,4.4198,-0.73725,-0.52361,-0.52371,-17.528,-101.06,-33.275,12
-6.693,1.8227,-0.078059,-0.23443,-0.25955,-5.3561,-4.1109,-9.1133,-0.51391,-0.6454,0.53635,-101.77,14.045,40.856,-2.3056,17.331,4.0749,-0.73725,-0.52361,-0.52371,-16.851,-159.05,-23.295,12
-4.9999,-0.0044374,0.49434,-0.14652,-0.33909,2.1588,-3.7861,-8.3136,-0.39703,-0.65854,0.61493,-138.21,-36.6,28.238,-2.169,13.687,2.7365,-0.73725,-0.52361,-0.52371,-19.837,-170.42,-1.9416,12
-0.23878,-0.68706,0.7908,-0.2428,-0.38095,1.6264,-8.6857,-4.2097,-0.39703,-0.65854,0.61493,-154.74,-3.0397,19.72,-3.0082,9.0791,1.9123,-0.87843,-0.53799,-0.26078,-21.485,-155.73,13.763,12
0.76137,-0.69484,0.54799,-0.427,-0.50235,-2.4468,-9.1769,-2.8375,-0.39703,-0.65854,0.61493,-142.85,51.337,20.381,-0.74952,5.5015,0.15008,-0.87843,-0.53799,-0.26078,-19.728,-105.65,32.07,12
1.1584,-1.3568,-0.53264,-0.46468,-0.51073,-1.2903,-6.6832,-0.0033135,-0.42486,-0.82927,0.33399,-144.63,55.758,19.507,-3.7594,3.4782,-3.1803,-0.87843,-0.53799,-0.26078,-23.703,-36.391,39.601,12
0.70911,-0.10194,1.8119,-0.56515,-0.5191,0.60599,-8.3435,3.2764,-0.42486,-0.82927,0.33399,-143.26,70.79,15.866,-9.9023,-2.0823,1.7709,-0.87843,-0.53799,-0.26078,-5.1148,-44.696,44.388,12
0.41083,-0.33966,2.0536,-0.5191,-0.38932,-0.43263,-4.4415,5.3569,-0.42486,-0.82927,0.33399,-109.09,144.39,14.158,-9.6785,-5.1068,5.3176,-0.93922,-0.47433,-0.10345,2.6095,-80.164,98.688,12
-0.89349,-0.78003,3.3719,2.943,1.6913,-5.2727,1.8552,9.2796,-0.42486,-0.82927,0.33399,-81.141,117.33,15.168,-7.5915,-4.242,4.7983,-0.93922,-0.47433,-0.10345,15.404,-93.361,134.82,12
-0.58006,-1.3002,1.1567,-1.1387,-0.68237,-3.5109,2.0123,11.128,-0.52319,-0.89118,0.0019646,-41.325,72.707,17.704,-7.9522,-4.7003,2.9733,-0.93922,-0.47433,-0.10345,29.166,-81.652,176.13,12
-2.19,-1.1071,0.4372,-0.69492,-0.67399,-6.506,-0.62341,7.9559,-0.52319,-0.89118,0.0019646,-4.9628,43.352,21.022,-8.6471,-5.3631,3.6902,-1.0137,-0.30185,0.14009,42.19,-71.877,204.81,12
-6.1785,-0.16496,-0.79379,-0.68655,-0.70748,2.7032,-8.6411,-6.6863,-0.52319,-0.89118,0.0019646,-15.354,-55.443,12.406,-7.1493,-5.7378,5.2235,-1.0137,-0.30185,0.14009,57.765,-58.333,231.7,12
-22.079,10.026,1.5445,-0.6405,-0.60283,19.62,-8.5521,-4.7106,-0.53618,-0.86679,-0.058939,-8.2675,-26.156,-25.259,-8.2379,-7.7382,7.1756,-1.0137,-0.30185,0.14009,77.482,-25.588,277.26,12
-21.736,-7.155,-17.349,-0.20094,0.36839,6.2102,-19.076,15.212,-0.53618,-0.86679,-0.058939,1.5781,135.03,7.5647,-12.031,-12.026,8.3883,-1.0137,-0.30185,0.14009,100.49,-22.866,336.53,12
-21.87,0.59459,-16.683,-0.15071,-0.60701,10.247,-19.111,10.73,-0.53618,-0.86679,-0.058939,0.10512,45.871,14.546,-19.147,-17.778,9.1736,-1.0392,0.067762,0.27586,131.71,-25.049,403.61,12
-21.824,-3.2412,-3.7654,-0.20513,-0.41863,-7.9459,-19.283,1.4356,-0.53618,-0.86679,-0.058939,6.5386,4.8887,16.703,-21.426,-18.623,10.725,-1.0392,0.067762,0.27586,148.19,-82.381,421.84,12
-21.709,-7.4709,-6.9461,-0.18001,-0.30979,-11.721,-19.313,-1.6141,-0.55659,-0.85929,-0.11788,-23.328,-3.8034,7.431,-21.453,-15.963,11.744,-1.0392,0.067762,0.27586,136.96,-217.43,299.86,12
-18.688,-3.4955,-4.4935,-0.1842,-0.14652,-5.0052,-19.291,0.59998,-0.55659,-0.85929,-0.11788,-35.612,16.136,-10.272,-21.632,-12.039,14.086,-0.82941,0.57084,0.3944,86.489,-166.14,187.15,12
-9.198,-1.717,-6.1861,-0.22606,-0.34328,-6.9057,-19.151,8.6505,-0.55659,-0.85929,-0.11788,-38.476,-11.725,-29.128,-18.228,-2.5224,13.759,-0.82941,0.57084,0.3944,5.0087,-37.729,188.56,12
-1.7265,-2.5652,-4.7993,-0.32234,-0.29723,-8.9014,-19.227,6.96,-0.54174,-0.8743,-0.18271,28.032,-71.106,-31.884,-15.117,0.21177,14.177,-0.82941,0.57084,0.3944,-62.368,-42.876,187.27,12
5.5985,-0.12487,-1.106,-0.36002,-0.2763,-3.8942,-11.056,-5.5813,-0.54174,-0.8743,-0.18271,9.0838,-124.86,-20.001,-2.2444,2.1211,13.106,-0.82941,0.57084,0.3944,-91.566,-90.155,166.94,12
10.435,0.97658,-0.35421,-0.31816,-0.20513,4.5844,-7.4062,-1.012,-0.54174,-0.8743,-0.18271,-5.8328,-185.81,-10.146,8.5355,2.3437,9.3672,-0.62941,0.70431,0.57328,-92.52,-95.805,109.22,12
7.7541,2.7012,2.2852,-0.083726,0.16745,4.9033,2.085,0.58037,-0.54174,-0.8743,-0.18271,15.288,-134.83,-10.213,16.559,2.6251,3.5063,-0.62941,0.70431,0.57328,-73.14,-78.808,13.405,12
0.59075,1.7757,1.8124,-0.15489,0.26792,-0.34811,2.8473,-3.3924,-0.54174,-0.8743,-0.18271,1.5366,-142.03,-3.0837,16.89,2.7375,-4.2485,-0.62941,0.70431,0.57328,-41.075,-32.098,-74.869,12
-2.2745,-0.92144,0.98023,-0.40607,-0.27211,11.009,-8.2412,-7.2916,-0.54174,-0.8743,-0.18271,-3.8205,-177.39,-17.053,14.955,2.0381,-14.19,-0.51373,0.63039,0.77155,-38.818,14.112,-97.668,12
-2.4922,-2.6646,1.3391,-0.49398,-0.52747,11.418,-2.1101,-0.11632,-0.54174,-0.8743,-0.18271,22.376,-40.407,-23.853,12.222,4.8498,-17.018,-0.51373,0.63039,0.77155,-49.354,55.646,-110.93,12
-1.0486,-2.1163,1.4937,-0.6405,-0.73679,4.6005,0.90919,2.7998,-0.42115,-0.91557,0.11395,51.636,65.539,-18.427,6.8111,6.6475,-12.251,-0.51373,0.63039,0.77155,-62.383,99.213,-104.77,12
0.27479,-1.6183,1.4965,0.84982,-0.016745,-0.31711,0.070436,4.0733,-0.42115,-0.91557,0.11395,77.966,98.67,-11.637,3.1926,5.4775,-7.247,-0.51373,0.63039,0.77155,-64.619,91.018,-109.78,12
0.61688,-1.5509,2.1762,2.2355,0.97122,0.24265,-1.1512,2.7053,-0.42115,-0.91557,0.11395,94.17,100.53,-10.248,0.61266,4.823,-2.6963,-0.69412,0.46612,0.74353,-72.915,51.396,-142.04,12
2.9504,-2.0656,-0.58591,-0.94192,-1.0005,0.85038,-3.2356,1.1905,-0.42857,-0.89306,0.22004,115.0,108.94,-12.48,-0.17442,2.7756,-1.4446,-0.69412,0.46612,0.74353,-84.491,6.883,-158.44,12
2.2629,-0.015344,0.76704,-0.57771,-0.67399,1.7224,-4.6113,-0.73417,-0.42857,-0.89306,0.22004,125.75,113.79,-16.063,-0.68384,0.76872,-1.1282,-0.69412,0.46612,0.74353,-82.137,8.9536,-148.66,12
0.94505,-0.78771,-2.1025,-0.62794,-0.66562,-2.6184,-4.4758,-2.0312,-0.42857,-0.89306,0.22004,133.63,143.8,-13.779,-0.099596,1.1062,-3.3822,-0.78039,0.19507,0.73922,-80.56,23.005,-139.39,12
-0.75149,0.20085,-0.63455,-0.47724,-0.29304,-5.7064,-3.4627,-3.699,-0.42857,-0.89306,0.22004,115.88,81.043,-5.7253,-0.65671,-1.6722,-5.219,-0.78039,0.19507,0.73922,-93.261,45.56,-147.09,12
-2.6419,2.2955,2.154,-0.35165,-0.14233,-2.4934,-4.7947,-7.1918,-0.49165,-0.78236,0.35756,94.074,28.417,-1.0112,-4.625,-6.1412,-3.1196,-0.78039,0.19507,0.73922,-88.068,44.188,-152.02,12
-4.0334,1.6691,1.7818,-0.26374,-0.37677,-0.65247,-2.1127,-12.258,-0.49165,-0.78236,0.35756,64.832,5.2232,5.0003,-4.5491,-8.2827,0.7317,-0.78039,0.19507,0.73922,-76.946,25.289,-143.31,12
-5.2174,-2.259,-2.5507,-0.17582,-0.67818,-1.6135,1.4649,-11.922,-0.49165,-0.78236,0.35756,29.35,-7.266,8.4323,-0.27975,-10.239,1.0714,-0.85098,-0.10472,0.68966,-64.146,30.669,-136.97,12
-11.51,-0.28011,-6.7305,-0.23443,-0.56934,-2.5547,1.0739,-7.4614,-0.53432,-0.71295,0.4833,4.4245,-13.989,2.9374,0.23558,-11.763,0.73478,-0.85098,-0.10472,0.68966,-49.141,41.001,-141.47,12
-22.123,13.712,-15.545,-0.050235,0.35165,12.951,-19.328,-14.035,-0.53432,-0.71295,0.4833,-98.221,329.97,-35.246,-0.85645,-16.45,2.0317,-0.85098,-0.10472,0.68966,-26.911,19.859,-146.22,12
-22.013,7.2237,-16.097,0.046049,0.26792,19.958,-18.982,18.605,-0.53432,-0.71295,0.4833,-81.258,-14.784,-83.22,-4.7585,-18.608,6.1529,-0.86078,-0.31006,0.62069,12.116,8.7188,-132.34,12
-21.813,-2.3018,-16.881,0.18001,-0.020931,-21.733,-19.57,-19.362,-0.53432,-0.71295,0.4833,-47.136,214.6,0.81693,-4.4201,-18.581,5.8626,-0.86078,-0.31006,0.62069,52.677,25.377,-77.54,12
-21.949,5.5086,-16.241,0.18001,-0.025118,19.251,17.848,-16.238,-0.58627,-0.82739,0.21022,-58.96,-37.392,-20.236,-6.0362,-18.589,6.0705,-0.86078,-0.31006,0.62069,73.062,106.96,-66.034,12
-21.807,-2.5943,-9.8545,0.15071,0.062794,-4.0457,-19.374,-10.676,-0.58627,-0.82739,0.21022,18.446,17.247,-7.1792,-9.804,-18.673,3.6913,-0.86078,-0.31006,0.62069,52.493,150.58,-80.239,12
-16.471,-6.2489,-1.6782,0.16745,-0.3349,1.0059,-16.853,-8.1034,-0.58627,-0.82739,0.21022,63.731,11.289,11.599,-13.913,-18.653,6.6507,-0.89216,-0.35729,0.49353,5.2469,183.58,-112.2,12
-1.2072,-4.2863,1.1616,-0.17164,-0.30979,1.4855,-19.313,-7.4924,-0.52505,-0.84615,0.18861,104.03,-54.435,16.068,-19.272,-18.591,7.9246,-0.89216,-0.35729,0.49353,-40.923,162.61,-150.1,12
13.63,-1.2053,2.8494,-0.27211,-0.58608,-9.4484,-19.326,-2.9462,-0.52505,-0.84615,0.18861,183.68,-90.277,32.438,-21.37,-18.675,6.5454,-0.89216,-0.35729,0.49353,-72.543,106.53,-163.17,12
18.958,2.1062,-4.7894,-0.43537,-0.29723,-15.092,-19.253,9.3343,-0.52505,-0.84615,0.18861,221.41,-111.76,38.536,-17.113,-18.65,5.9946,-0.93529,-0.50924,0.12716,-87.228,56.4,-145.99,12
11.082,3.4579,-4.4046,-0.26792,-0.5191,-11.163,-3.8615,-7.9297,-0.51577,-0.61914,0.58939,186.6,-104.62,43.49,-12.273,-7.7231,6.6868,-0.93529,-0.50924,0.12716,-82.322,8.3894,-150.83,12
-1.1943,2.6439,0.069532,3.5249,1.821,8.8504,-19.398,-19.048,-0.51577,-0.61914,0.58939,38.628,-288.64,6.01,-6.4823,5.3895,6.9466,-0.93529,-0.50924,0.12716,-69.309,-36.777,-117.26,12
-5.6616,0.75563,-1.4267,-0.69492,-0.72423,2.2995,2.659,-13.313,-0.51577,-0.61914,0.58939,-27.02,-157.34,28.232,-2.8703,12.93,6.0319,-0.93529,-0.50924,0.12716,-50.567,-47.726,-49.993,12
-7.1649,-0.84783,1.8605,-0.57352,-0.8247,9.305,-1.8162,-18.258,-0.51577,-0.61914,0.58939,-64.461,-0.089335,36.788,-0.98281,14.131,3.0503,-0.83333,-0.65914,0.012931,-32.791,-29.547,-29.241,12
-4.7328,-3.2588,-1.0722,-0.61538,-0.59864,2.6873,-1.0804,-13.985,-0.29685,-0.56098,0.73084,-96.261,45.733,37.832,-1.5604,11.744,1.431,-0.83333,-0.65914,0.012931,-36.927,5.6832,-13.07,12
-1.0608,-2.5177,1.2155,-0.46886,-0.50235,-3.2058,-6.8024,-6.9763,-0.29685,-0.56098,0.73084,-127.83,18.71,25.169,-1.8454,9.623,1.3041,-0.83333,-0.65914,0.012931,-35.053,13.575,-38.743,12
1.723,-0.79436,2.3706,-0.46886,-0.6405,-2.6639,-8.0305,-5.0323,-0.29685,-0.56098,0.73084,-138.2,-4.3061,21.71,-4.4014,4.9041,1.4119,-0.80588,-0.67146,-0.023707,-34.007,10.382,-48.437,12
1.3377,-0.21708,1.8331,-0.35583,-0.54003,-2.5882,-7.9656,-2.4971,-0.34694,-0.75985,0.53438,-138.4,3.2189,22.505,-6.0789,1.7804,1.0369,-0.80588,-0.67146,-0.023707,-30.124,-14.147,-47.392,12
2.3327,-0.4732,1.1679,-0.19257,-0.46049,-1.2911,-6.5842,-0.99837,-0.34694,-0.75985,0.53438,-136.72,-5.2383,20.68,-7.2612,-1.4149,1.5126,-0.80588,-0.67146,-0.023707,-22.383,-47.955,-44.733,12
2.0418,-0.57724,2.1902,-0.13815,-0.6112,-0.055656,-6.1428,1.5569,-0.34694,-0.75985,0.53438,-126.78,23.837,26.395,-8.1942,-3.9554,3.4585,-0.80588,-0.67146,-0.023707,-11.765,-81.346,-15.667,12
0.13448,-2.1787,2.8565,-0.050235,-0.44793,-0.022173,-3.0903,2.8557,-0.34694,-0.75985,0.53438,-108.2,68.605,26.731,-6.5547,-4.2609,4.912,-0.77647,-0.74333,0.0021552,3.0172,-93.248,24.82,12
-4.0514,-2.985,3.5419,-0.0083726,-0.46049,-2.3849,-2.1313,-15.11,-0.42301,-0.89118,0.24165,-115.54,63.174,24.478,-6.3442,-5.2046,4.5419,-0.77647,-0.74333,0.0021552,22.109,-69.15,76.224,12
-18.549,-2.3487,-0.85349,-0.058608,-0.69492,10.344,-12.225,16.076,-0.42301,-0.89118,0.24165,-69.555,67.301,2.0168,-5.7934,-5.7663,4.3679,-0.77647,-0.74333,0.0021552,40.799,-31.395,131.82,12
-21.836,-1.1169,-14.185,0.11303,-0.11303,-3.0533,-19.134,15.336,-0.42301,-0.89118,0.24165,-70.153,81.435,3.9076,-7.2975,-7.2799,5.011,-0.82745,-0.66119,0.16595,62.033,9.3812,183.46,12
-22.069,10.523,-15.832,0.20513,0.012559,-5.7522,-19.077,22.03,-0.50093,-0.90244,-0.0098232,-44.991,46.505,31.604,-12.081,-12.269,8.1157,-0.82745,-0.66119,0.16595,84.658,27.721,243.29,12
-22.057,10.445,-14.018,0.092098,-0.092098,19.106,-18.946,23.244,-0.50093,-0.90244,-0.0098232,21.818,28.956,6.7777,-17.812,-18.591,9.9246,-0.82745,-0.66119,0.16595,109.15,17.573,305.62,12
-21.957,4.4139,-9.8133,-0.15071,-0.25536,-0.54661,-19.22,6.7315,-0.50093,-0.90244,-0.0098232,20.905,-6.6311,7.1518,-21.367,-18.672,7.7956,-0.82745,-0.66119,0.16595,114.25,7.1795,360.34,12
-21.883,2.2391,-9.4301,-0.16327,0.096285,-14.205,-19.379,-7.1839,-0.50093,-0.90244,-0.0098232,-26.68,-61.385,-1.1614,-21.441,-18.614,11.569,-1.002,-0.33265,0.24569,100.9,-35.656,382.88,12
-16.799,1.5645,-5.575,-0.31816,-0.56515,-5.4439,-19.302,-3.4883,-0.50093,-0.90244,-0.0098232,-30.392,-50.155,-21.834,-21.293,-18.65,6.9842,-1.002,-0.33265,0.24569,75.833,-46.841,346.39,12
-3.7027,-1.7318,-4.2611,-0.44375,-0.43119,-3.0661,-19.23,3.7474,-0.50093,-0.90244,-0.0098232,-34.373,-32.684,-21.497,-21.352,-18.724,6.6367,-1.002,-0.33265,0.24569,44.857,-2.6323,344.24,12
6.5559,-2.0367,-1.8991,1.9215,0.61538,-3.4319,-19.136,12.165,-0.50093,-0.90244,-0.0098232,8.323,-64.854,-18.71,-16.733,-14.939,4.0864,-1.0098,0.20739,0.34483,13.724,-10.037,298.57,12
8.0994,-1.4359,0.17603,0.72841,0.1842,2.4001,-13.256,-1.8159,-0.46011,-0.90994,-0.0078585,-3.861,-72.622,-3.6699,-5.4091,-5.7312,2.8801,-1.0098,0.20739,0.34483,-9.4468,-82.925,246.13,12
5.695,-2.4258,1.8133,-0.6112,-0.58189,2.7453,-7.627,3.6357,-0.46011,-0.90994,-0.0078585,19.994,-95.062,1.4166,8.4933,0.20489,-0.51059,-1.0098,0.20739,0.34483,-19.968,-93.773,203.43,12
1.754,-1.8419,2.1079,-0.32234,-0.49398,4.0428,-2.5779,-1.3593,-0.46011,-0.90994,-0.0078585,-2.326,-143.28,-0.68519,16.135,2.9287,-7.1348,-1.0098,0.20739,0.34483,-9.4408,-28.46,139.08,12
-0.75531,-2.1334,1.4712,-0.39351,-0.64469,6.3627,-6.4638,-1.8221,-0.41929,-0.92308,0.1002,-6.2598,-163.97,-13.964,9.4459,4.4864,-3.359,-0.85686,0.45585,0.51724,-25.6,-64.449,99.41,12
-2.4195,-1.2456,1.9405,-0.35583,-0.67399,12.689,-3.623,5.0291,-0.41929,-0.92308,0.1002,16.114,-58.51,-25.711,19.276,3.6026,-6.7365,-0.85686,0.45585,0.51724,-30.287,-84.38,43.559,12
-1.8207,0.12467,1.8744,-0.25955,-0.6405,4.4532,-1.9334,6.6562,-0.41929,-0.92308,0.1002,52.494,36.906,-28.98,18.727,3.7752,-5.4779,-0.85686,0.45585,0.51724,-26.917,19.3,-2.5364,12
-0.80549,0.88045,2.0582,-0.12977,-0.53585,1.808,-1.7458,6.6079,-0.41929,-0.92308,0.1002,82.762,70.915,-33.1,10.523,2.6367,-3.3265,-0.7902,0.49281,0.59052,-27.733,63.31,-48.841,12
0.45407,-0.48104,1.083,0.046049,-0.42282,2.5708,-3.2491,2.8112,-0.33766,-0.93809,0.19057,104.95,92.528,-32.606,6.6116,1.9829,-1.7134,-0.7902,0.49281,0.59052,-24.806,68.815,-94.325,12
1.1173,-0.81501,-0.21019,0.12559,-0.48561,3.3492,-5.1473,-1.8593,-0.33766,-0.93809,0.19057,125.09,109.02,-29.999,3.774,1.394,-1.597,-0.7902,0.49281,0.59052,-23.449,60.84,-128.15,12
0.93462,-0.2664,-0.70819,0.11303,-0.42282,1.9659,-6.3029,-2.5663,-0.33766,-0.93809,0.19057,145.26,141.67,-28.564,1.5663,0.37331,-1.6688,-0.7902,0.49281,0.59052,-19.702,40.593,-152.79,12
-0.017641,0.37702,-1.3555,0.012559,-0.24699,-8.7109,-5.0564,-2.6733,-0.37848,-0.83302,0.39096,154.98,177.35,-9.4907,1.3704,-0.68784,-1.7844,-0.7902,0.49281,0.59052,-15.319,30.058,-167.39,12
-0.14202,1.0406,-1.1695,0.10884,0.35165,-11.428,-4.2087,-1.0643,-0.37848,-0.83302,0.39096,139.88,81.537,0.28307,-0.3055,-0.93505,-1.5051,-0.7902,0.49281,0.59052,-10.936,19.531,-181.28,12
-0.65529,0.9463,-0.33589,0.35165,0.60283,-1.1395,-4.378,-7.1053,-0.37848,-0.83302,0.39096,113.6,-22.237,3.8666,-1.3519,-1.6007,-1.0696,-0.7902,0.49281,0.59052,-11.326,-1.5413,-183.6,12
-1.7287,0.57426,1.4517,0.19676,-0.071167,10.628,-6.7788,-18.472,-0.37848,-0.83302,0.39096,63.598,1.5659,-2.0091,-1.7426,-1.8962,-0.61564,-0.96078,0.13552,0.46552,-13.264,-15.779,-175.56,12
-4.8032,-2.2638,0.36468,0.092098,-0.81214,1.2126,-0.51698,-18.035,-0.43599,-0.68293,0.5835,35.513,63.682,1.5389,-1.6609,-2.096,-0.6048,-0.96078,0.13552,0.46552,-17.072,-19.572,-159.35,12
-12.34,-0.16941,-6.51,0.050235,-0.54003,1.1755,3.1059,-18.125,-0.43599,-0.68293,0.5835,-14.629,11.889,-5.7426,-2.9882,-2.0571,-0.70702,-0.96078,0.13552,0.46552,-20.358,-25.003,-143.12,12
-22.083,12.249,-15.698,0.3349,0.20931,19.464,-6.5799,-18.384,-0.43599,-0.68293,0.5835,-156.43,-51.83,-62.443,-6.7885,-2.4922,-2.2184,-0.97843,-0.078029,0.50647,-31.541,-48.165,-129.39,12
-21.888,7.5075,-16.072,0.41444,0.25955,-19.978,-19.138,22.833,-0.46939,-0.73358,0.48919,-242.67,163.16,-21.598,-10.945,-9.5598,2.022,-0.97843,-0.078029,0.50647,-57.978,-52.749,-106.05,12
-21.978,5.4878,-16.211,1.5699,1.8378,-21.742,-19.579,-19.332,-0.46939,-0.73358,0.48919,-159.98,124.72,25.906,-15.679,-18.512,12.793,-0.97843,-0.078029,0.50647,-81.337,-18.79,-18.406,12
-21.828,-2.5539,-16.946,4.4123,3.2067,19.223,20.739,-17.177,-0.46939,-0.73358,0.48919,-143.43,-71.41,-38.553,-11.413,-18.617,5.3192,-0.97843,-0.078029,0.50647,-77.034,52.454,86.743,12
-21.817,-2.5678,-9.4837,0.13815,0.041863,-2.0971,-19.312,-3.5074,-0.5603,-0.85178,0.12574,-39.082,18.923,9.1061,-20.769,-18.848,-11.765,-0.9451,-0.17659,0.52371,-29.615,162.33,178.29,12
-21.481,-4.7476,-5.3115,0.13815,-0.25118,-2.0608,-10.463,-18.585,-0.5603,-0.85178,0.12574,15.691,8.4669,-5.5933,-20.803,-18.833,-10.296,-0.9451,-0.17659,0.52371,24.088,146.65,188.18,12
-10.432,-2.6256,-0.3942,0.1214,-0.28048,-0.1958,-18.032,-11.081,-0.5603,-0.85178,0.12574,89.666,13.599,-4.5267,-20.906,-18.852,-7.1822,-0.9451,-0.17659,0.52371,19.768,163.48,88.652,12
5.6235,-1.8804,2.7571,0.16745,-0.12977,-4.6445,-19.391,-9.3493,-0.5603,-0.85178,0.12574,145.59,-64.392,-3.4223,-20.88,-18.811,-8.076,-1.0569,-0.0020534,0.13578,-3.0062,112.3,29.503,12
15.708,-1.0674,0.23025,0.1842,-0.46468,-5.4335,-19.322,-3.4892,-0.5436,-0.80863,0.27505,207.75,-99.876,18.489,-21.016,-18.785,-4.5226,-1.0569,-0.0020534,0.13578,11.334,74.12,18.619,12
10.748,2.0068,-5.0825,0.10884,-0.47724,-1.7997,-19.167,10.044,-0.5436,-0.80863,0.27505,222.26,-109.38,34.311,-14.253,-8.3444,1.5619,-1.0569,-0.0020534,0.13578,7.8191,45.828,-1.0239,12
-1.1253,3.2333,-1.2248,0.20094,-0.1842,-6.6774,-1.6891,-18.412,-0.5436,-0.80863,0.27505,142.42,-92.8,30.114,-3.5414,-1.4015,4.8466,-1.0569,-0.0020534,0.13578,8.7603,14.269,-16.213,12
-2.1351,2.7127,-1.6927,0.20931,-0.34328,7.6686,0.6996,-18.159,-0.4564,-0.54034,0.69155,28.164,-313.86,-0.16638,4.9696,4.0533,5.3277,-1.049,0.0061602,-0.0086207,8.7104,9.2789,-7.1388,12
-3.027,1.856,0.26178,0.23443,-0.39351,13.483,-0.11221,-18.152,-0.4564,-0.54034,0.69155,-66.027,-175.49,16.784,10.671,7.2255,5.5488,-1.049,0.0061602,-0.0086207,8.7808,34.274,-12.08,12
-3.8127,-1.787,0.14443,0.20931,-0.1842,9.9131,-1.4003,-18.252,-0.4564,-0.54034,0.69155,-87.763,73.538,31.323,7.6944,7.6032,5.3177,-1.049,0.0061602,-0.0086207,1.98,90.28,-8.0834,12
-0.88317,-2.8112,0.44173,0.10884,-0.40188,-1.9239,-7.2779,-12.935,-0.4564,-0.54034,0.69155,-155.29,101.92,25.752,5.4252,8.6262,5.6188,-1.0314,-0.0061602,-0.14224,8.0188,83.748,-38.222,12
1.1754,-1.1941,0.38726,0.2135,-0.52329,-7.4768,-12.737,-6.3366,-0.36364,-0.66979,0.60707,-176.55,103.97,12.592,3.7948,7.5698,7.9827,-1.0314,-0.0061602,-0.14224,12.577,36.914,-52.825,12
-0.26835,-0.21882,0.40136,0.083726,-0.53166,-7.9176,-11.638,-3.4007,-0.36364,-0.66979,0.60707,-191.45,78.245,9.6843,4.1884,4.6749,5.4942,-1.0314,-0.0061602,-0.14224,22.012,64.732,-56.525,12
-0.16118,-0.021588,0.98753,0.28467,-0.46049,-4.1621,-11.417,-3.1333,-0.36364,-0.66979,0.60707,-190.72,45.393,3.5047,-1.3753,3.2576,2.7566,-1.0314,-0.0061602,-0.14224,30.72,91.704,-54.815,12
1.3793,0.22696,1.9152,0.13815,-0.52747,-3.0822,-12.797,2.4543,-0.48052,-0.87992,0.20039,-184.15,42.025,7.3032,-6.2796,2.8969,0.68651,-0.98431,-0.088296,-0.30172,37.884,54.073,-53.935,12
0.26494,-0.11553,3.737,-0.016745,-0.53585,-4.5509,-6.9454,10.409,-0.48052,-0.87992,0.20039,-163.69,36.132,4.9326,-5.087,1.9425,-1.7466,-0.98431,-0.088296,-0.30172,34.198,26.598,-46.513,12
-4.2714,-1.0779,4.524,-0.03349,-0.4898,-1.6361,2.4607,15.378,-0.48052,-0.87992,0.20039,-119.65,16.059,11.179,-7.4732,0.98445,-1.5549,-0.98431,-0.088296,-0.30172,31.664,24.527,-20.19,12
-10.807,-1.5756,3.3214,-0.13815,-0.58608,-5.1205,5.2504,-1.6949,-0.48052,-0.87992,0.20039,-70.461,13.549,20.177,-10.043,-1.1219,0.80849,-0.95098,-0.16427,-0.37716,23.794,-8.357,22.942,12
-21.76,-3.4349,-7.5618,3.3155,1.0424,11.189,-12.775,22.452,-0.49536,-0.89869,-0.13752,-1.249,1.8474,11.551,-10.53,-3.4352,1.4845,-0.95098,-0.16427,-0.37716,24.416,-17.995,76.12,12
-21.667,-9.0519,-17.488,0.50235,1.1136,5.7807,-19.015,20.284,-0.49536,-0.89869,-0.13752,45.7,156.06,-7.0922,-14.86,-6.3719,2.8064,-0.95098,-0.16427,-0.37716,31.619,-15.826,136.89,12
-21.946,4.395,-15.994,0.058608,-0.29304,19.993,-18.916,23.254,-0.49536,-0.89869,-0.13752,16.129,45.894,9.8967,-21.348,-12.928,5.2495,-0.95098,-0.16427,-0.37716,44.249,-9.5803,211.45,12
-22.025,8.8432,-12.404,-0.19257,-0.55259,4.5292,-19.094,11.372,-0.51391,-0.89681,-0.16503,42.144,-1.5224,15.19,-21.328,-18.675,6.5038,-0.98235,-0.047228,-0.32112,64.497,-49.448,273.99,12
-21.969,6.0257,-6.3524,-0.20094,-0.3056,-16.568,-19.383,-1.7078,-0.51391,-0.89681,-0.16503,11.854,-7.2745,20.038,-21.294,-18.666,6.3688,-0.98235,-0.047228,-0.32112,91.077,-210.07,281.9,12
-20.469,0.21938,-5.0329,-0.16745,-0.59027,-6.8881,-19.317,-0.98264,-0.51391,-0.89681,-0.16503,-32.346,3.0758,1.1934,-21.364,-18.666,8.3688,-0.98235,-0.047228,-0.32112,100.38,-357.14,194.03,12
-12.059,-4.128,-3.2978,-0.087912,-0.54003,-2.5597,-19.193,5.4523,-0.53618,-0.88931,-0.16306,-49.043,-10.702,-25.896,-21.311,-18.674,6.5871,-1.0353,0.20739,0.22845,114.55,-358.13,72.659,12
-5.5299,-4.3124,-2.5776,0.10466,-0.058608,-3.3512,-19.198,8.9441,-0.53618,-0.88931,-0.16306,-23.66,-38.296,-35.652,-10.397,-16.024,7.5842,-1.0353,0.20739,0.22845,93.992,-277.66,22.707,12
-0.092697,-3.446,-0.95224,0.41863,0.19257,-4.4924,-15.24,-3.2549,-0.53618,-0.88931,-0.16306,46.394,-82.115,-24.205,-4.4164,-5.1773,9.2724,-1.0353,0.20739,0.22845,36.295,-194.55,36.606,12
5.5648,-2.4842,-1.5709,0.69074,0.075353,0.93872,-1.6418,-6.7498,-0.53618,-0.88931,-0.16306,18.939,-166.24,-11.559,-0.44962,2.3853,4.5255,-1.0353,0.20739,0.22845,7.8334,-132.28,46.606,12
6.3269,-2.7098,-0.47546,0.83307,0.10466,7.0583,-6.0824,-2.296,-0.49722,-0.91932,-0.066798,29.19,-133.32,-4.3011,-3.9021,6.5721,-3.786,-0.78431,0.29774,0.74138,-11.51,-109.7,16.39,12
4.5333,-0.40359,1.4584,0.72004,-0.046049,5.1252,-4.2674,-2.9746,-0.49722,-0.91932,-0.066798,2.6074,-117.09,-8.6937,0.3677,7.3197,-8.0298,-0.78431,0.29774,0.74138,-32.822,-86.495,29.089,12
3.7302,1.3673,2.3546,0.60283,0.14233,2.0081,-5.4421,-3.6166,-0.49722,-0.91932,-0.066798,9.1278,-157.16,-9.4335,4.1354,10.859,-11.134,-0.78431,0.29774,0.74138,-26.704,-31.236,25.771,12
0.77133,1.3327,1.8463,0.52329,0.14652,8.1271,-0.99418,3.5524,-0.46197,-0.9212,0.078585,33.875,-93.183,-16.052,7.1249,14.271,-11.922,-0.6549,0.26283,0.87069,-25.22,27.35,23.771,12
0.036169,0.21176,2.0927,0.54422,0.13396,2.8513,-1.7445,2.7746,-0.46197,-0.9212,0.078585,56.474,-18.363,-17.252,9.2621,13.129,-11.114,-0.6549,0.26283,0.87069,-24.309,100.52,27.39,12
-0.98033,-1.4885,1.4029,0.3977,-0.13815,3.8286,-2.3366,2.9735,-0.46197,-0.9212,0.078585,72.067,22.766,-19.562,6.6095,10.535,-7.4941,-0.6549,0.26283,0.87069,-17.35,168.04,34.796,12
-0.24037,-2.1228,0.92474,0.062794,-0.53585,3.7325,-2.4219,-0.6046,-0.46197,-0.9212,0.078585,88.813,67.369,-18.179,1.1708,7.9765,-3.3512,-0.6549,0.26283,0.87069,-5.5764,178.44,34.927,12
0.77059,-1.6606,0.16633,0.092098,-0.46468,3.584,-4.5568,-0.23367,-0.39703,-0.88931,0.23183,91.767,82.018,-20.404,-3.2238,5.8451,-1.489,-0.86275,0.26899,0.63793,7.0649,131.98,29.146,12
0.83274,-0.72797,-0.10762,-0.12559,-0.61957,1.845,-4.2712,-0.38261,-0.39703,-0.88931,0.23183,104.12,105.01,-22.902,-4.2541,4.6193,-1.0711,-0.86275,0.26899,0.63793,16.786,62.808,18.119,12
1.1095,-0.42508,0.1828,1.8796,0.46468,-1.75,-3.1752,-2.6658,-0.39703,-0.88931,0.23183,116.78,142.13,-17.898,-2.6116,3.861,-1.9007,-0.86275,0.26899,0.63793,21.287,10.193,6.1,12
0.83498,-0.83969,-1.0545,1.3731,0.3349,-9.4179,-1.7791,0.30645,-0.43414,-0.81989,0.36346,110.18,109.36,-2.4314,-0.63781,3.3149,-2.5113,-0.9098,0.31006,0.51509,20.925,-8.0877,-7.4429,12
