-6.4347,19.713,-4.9943,1.1722,0.90005,-8.6776,-19.393,-8.5772,0.044527,-0.55722,0.7446,-206.92,-248.39,-28.154,-2.2928,0.32318,4.3182,-0.18235,-0.54004,0.96767,13.266,51.917,-21.914,12
-21.872,-0.3353,-3.4933,-1.2433,-0.79121,6.0409,4.4338,-18.01,0.044527,-0.55722,0.7446,-115.98,71.252,3.1944,-5.6829,-5.5638,6.6176,-0.18235,-0.54004,0.96767,14.521,33.779,-19.542,12
-21.624,-11.73,-14.319,0.025118,0.12559,-4.415,-7.1692,-12.955,0.025974,-0.79362,0.52259,-78.15,-0.5029,-18.345,-8.2003,-18.558,9.1971,-0.18235,-0.54004,0.96767,17.487,7.2266,-22.105,12
-21.832,-0.31361,-16.733,-0.025118,-0.041863,-3.9254,-8.4065,-4.0117,0.025974,-0.79362,0.52259,-40.515,1.3226,-9.3039,-11.155,-18.566,12.363,-0.25294,-0.52772,0.96552,15.211,-40.79,-16.616,12
-19.084,0.65491,-15.888,0.0083726,-0.037677,7.4525,-19.273,0.46506,0.025974,-0.79362,0.52259,1.8764,-1.1197,-8.3957,-9.6138,-18.554,10.645,-0.25294,-0.52772,0.96552,30.094,-78.545,-2.2228,12
-22.025,9.3182,-9.4035,-0.15071,-0.35165,-3.4657,-18.514,-3.8562,0.025974,-0.79362,0.52259,22.557,7.4808,0.19555,-2.0052,-18.596,3.3723,-0.25294,-0.52772,0.96552,54.559,-37.779,51.649,12
-22.039,9.0001,-13.969,-0.087912,-0.2428,-4.6556,-17.061,-8.1288,0.033395,-0.80488,0.49509,55.264,-2.571,11.042,-0.45953,-18.655,1.536,-0.14314,-0.44764,1.0172,64.168,43.386,119.62,12
-21.924,3.2868,-11.209,-0.054422,-0.18838,2.0173,-12.533,-9.7836,0.033395,-0.80488,0.49509,98.635,-2.0873,21.425,-5.5263,-18.613,2.7465,-0.14314,-0.44764,1.0172,51.961,79.372,167.03,12
-21.84,-3.434,-8.7406,-0.087912,-0.28048,1.2507,-17.573,-6.7932,0.033395,-0.80488,0.49509,144.24,-1.9928,35.663,-8.9505,-18.598,4.2159,-0.14314,-0.44764,1.0172,31.407,16.789,167.61,12
-14.187,-2.7685,-4.0071,0.020931,-0.087912,1.7203,-19.127,11.071,-0.0074212,-0.66604,0.66798,196.64,-8.205,51.705,-4.5184,-18.535,2.4586,-0.14314,-0.44764,1.0172,14.634,-62.634,121.5,12
-3.2197,-0.63012,2.217,0.1214,0.15489,-0.77919,-19.352,-8.4962,-0.0074212,-0.66604,0.66798,189.89,-115.84,48.154,1.5035,-15.931,-1.1403,-0.28627,-0.31211,1.0366,-0.35793,-71.699,71.107,12
5.4457,2.9693,2.4567,0.16327,0.037677,19.606,-19.348,-18.938,-0.0074212,-0.66604,0.66798,119.68,33.666,5.7834,6.6533,-7.3832,-3.3171,-0.28627,-0.31211,1.0366,-13.281,-35.494,30.775,12
10.766,4.1033,-1.5886,0.35583,-0.13815,-7.2909,4.3703,-12.479,-0.0074212,-0.66604,0.66798,61.023,77.555,-0.40871,9.1646,1.6397,-5.0326,-0.28627,-0.31211,1.0366,-19.247,14.234,6.6929,12
7.9873,3.6665,-3.1121,0.51073,-0.18838,9.1812,-0.61774,-18.21,-0.046382,-0.35835,0.86248,-19.658,-61.638,-0.57776,8.4153,7.5265,-4.3528,-0.24118,-0.31211,1.0647,-27.252,57.597,-2.565,12
-0.17049,5.4944,-0.11603,0.34328,-0.28048,4.8214,-1.2093,-14.991,-0.046382,-0.35835,0.86248,-90.384,-4.9677,-7.6665,5.2898,6.0233,-2.6676,-0.24118,-0.31211,1.0647,-23.669,56.83,-21.258,12
-5.0575,1.3623,0.12261,0.075353,-0.12977,1.4368,-6.7229,-7.9364,-0.046382,-0.35835,0.86248,-134.36,-2.6931,-9.9843,4.3927,-0.26336,-2.3361,-0.24118,-0.31211,1.0647,-15.341,27.838,-44.629,12
-3.2172,-2.778,-1.1763,-0.062794,-0.16745,-1.2167,-10.391,-3.4901,0.016698,-0.51595,0.79568,-160.26,-11.241,-12.844,4.0273,-3.5672,-2.72,-0.24118,-0.31211,1.0647,-9.4556,23.916,-67.937,12
-0.066691,-2.221,-0.18936,-0.13396,-0.10466,-1.9414,-13.02,-0.014161,0.016698,-0.51595,0.79568,-170.03,-35.364,-12.119,3.9657,-3.9986,-2.8562,-0.31373,-0.38398,1.0216,-5.9417,34.198,-88.908,12
3.9387,-0.97752,0.68044,-1.0759,-0.51073,1.0198,-11.548,-0.37972,0.016698,-0.51595,0.79568,-171.98,-44.152,-7.3743,3.3195,-2.837,-2.7044,-0.31373,-0.38398,1.0216,-3.0994,49.127,-99.47,12
5.0234,-0.16038,1.8698,1.4024,0.71167,5.3456,-12.258,2.9093,0.081633,-0.79362,0.49116,-175.34,-55.311,-9.6486,1.3149,-1.078,-1.8039,-0.31373,-0.38398,1.0216,-2.9996,77.058,-101.19,12
2.1853,-0.17507,1.5106,3.1523,2.4364,4.8801,-10.873,6.7239,0.081633,-0.79362,0.49116,-160.47,6.1918,-18.065,-1.2774,-0.43939,-0.93864,-0.38039,-0.42505,0.97198,-5.4052,87.842,-95.932,12
-0.28138,-1.0825,0.90257,-1.415,-0.77028,-4.8288,-3.3189,8.7024,0.081633,-0.79362,0.49116,-127.35,42.741,-20.968,-3.8686,0.75038,1.0375,-0.38039,-0.42505,0.97198,-8.4512,70.498,-91.127,12
0.24567,-1.1722,2.3156,-0.55259,-0.43956,-4.0929,-0.87905,6.1547,0.081633,-0.79362,0.49116,-106.18,-16.369,-16.472,-3.809,1.7904,2.0374,-0.38039,-0.42505,0.97198,-10.204,38.827,-83.986,12
1.5001,-1.7736,1.0825,-0.25536,-0.28048,1.8647,-3.0703,5.8443,0.15213,-0.93621,0.19843,-83.906,-17.877,-13.006,-3.6215,2.1965,2.6515,-0.38039,-0.42505,0.97198,-12.024,18.443,-73.349,12
1.8984,-0.98003,0.9118,-0.25536,-0.22187,2.7037,-1.4378,7.7051,0.15213,-0.93621,0.19843,-66.323,5.8008,-15.47,-4.0788,2.6109,2.0889,-0.46078,-0.50103,0.87931,-12.658,8.9035,-66.046,12
0.75348,0.70986,1.4849,-0.17164,-0.092098,0.14294,1.2027,9.3741,0.15213,-0.93621,0.19843,-56.927,46.991,-15.782,-4.059,3.6342,2.4213,-0.46078,-0.50103,0.87931,-11.61,5.9825,-66.718,12
-0.036168,1.8084,0.9417,-0.23025,0.0041863,-7.924,2.4164,7.9791,0.18367,-0.9606,0.05501,-44.503,54.39,-8.7447,-4.2305,3.0865,2.6543,-0.46078,-0.50103,0.87931,-11.348,14.168,-64.629,12
-0.80792,1.5073,-0.022238,-0.3056,-0.071167,-2.1715,-2.974,11.507,0.18367,-0.9606,0.05501,-40.738,-24.914,-7.8827,-4.7093,1.2954,3.5439,-0.43333,-0.5729,0.85991,-11.999,20.928,-60.738,12
-0.28364,3.5761,-1.3308,-0.18001,-0.56096,19.575,-19.338,-18.948,0.18367,-0.9606,0.05501,-159.07,-182.26,-22.702,-4.5885,-0.89086,5.9138,-0.43333,-0.5729,0.85991,-6.9441,23.723,-48.391,12
-6.2222,7.0701,-1.1111,-0.22187,-0.62376,-15.003,-19.267,7.97,0.18367,-0.9606,0.05501,-98.359,195.3,-18.6,-5.157,-2.6289,7.1081,-0.43333,-0.5729,0.85991,-0.0011674,17.837,-31.225,12
-21.788,-4.5508,-6.1043,0.029304,0.058608,-4.4057,-19.408,-14.056,0.24861,-0.95122,-0.056974,-39.51,43.514,-6.7157,-6.7442,-6.5069,9.3101,-0.43333,-0.5729,0.85991,3.357,12.544,-12.694,12
-21.764,-1.7057,-16.848,0.1842,0.23025,-7.3441,-18.239,-16.933,0.24861,-0.95122,-0.056974,-20.575,-12.638,-6.0999,-11.726,-16.516,12.372,-0.43333,-0.5729,0.85991,-1.4083,2.7982,-11.97,12
-21.521,-17.362,-2.4994,0.25955,0.012559,-3.4764,-9.6396,-15.444,0.24861,-0.95122,-0.056974,9.2673,-34.405,-8.0664,-18.892,-18.531,17.917,-0.43333,-0.5729,0.85991,-10.836,-60.311,-34.632,12
-21.659,-9.4966,-7.3494,0.44793,0.26792,1.3988,-19.359,-12.131,0.25788,-0.94184,-0.1277,30.428,-5.0749,-3.4438,-15.074,-18.507,18.314,-0.43333,-0.5729,0.85991,-0.63919,-135.73,-16.706,12
-21.721,-7.3617,-11.81,0.071167,-0.18001,6.5694,-19.311,-9.3061,0.25788,-0.94184,-0.1277,48.172,20.252,6.7705,-5.7065,-18.513,13.72,-0.32549,-0.59754,0.89655,10.113,-101.79,48.513,12
-21.609,-11.477,-5.2329,0.062794,-0.28048,1.0077,-19.32,-5.2893,0.25788,-0.94184,-0.1277,42.385,-1.7083,13.167,-7.9224,-18.544,12.594,-0.32549,-0.59754,0.89655,17.26,-33.426,86.6,12
-21.689,-8.4558,-10.456,-0.13815,-0.30979,0.17585,-19.254,0.37241,0.25788,-0.94184,-0.1277,87.724,14.536,30.135,-13.325,-18.576,10.373,-0.32549,-0.59754,0.89655,15.57,-22.94,99.097,12
-13.884,-4.8136,-8.2859,-0.26374,-0.35583,-0.48879,-19.121,14.654,0.23933,-0.94371,-0.017682,97.091,-3.7232,42.828,-9.8614,-18.578,9.2378,-0.28039,-0.54004,0.93319,12.906,-55.94,81.323,12
-4.4632,2.9561,-2.0918,-0.97959,-0.62794,3.2207,-15.637,13.573,0.23933,-0.94371,-0.017682,85.217,-13.88,29.459,-6.6204,-14.91,6.9837,-0.28039,-0.54004,0.93319,11.662,-36.633,68.831,12
1.9737,6.8708,1.7657,1.3731,0.56934,0.28401,-9.3036,-12.535,0.23933,-0.94371,-0.017682,48.812,-63.424,15.531,-0.65287,-7.1419,3.8096,-0.28039,-0.54004,0.93319,9.1386,-19.718,70.055,12
6.9059,4.2001,1.0412,3.596,2.4741,1.929,-7.1394,-4.0356,0.15028,-0.93433,0.15128,2.1269,-58.37,7.3233,4.8888,0.625,-0.5,-0.28039,-0.54004,0.93319,5.9859,6.1327,74.788,12
8.0378,2.654,0.2178,-1.1094,-0.64887,19.566,5.0342,2.4265,0.15028,-0.93433,0.15128,-11.406,27.27,-16.928,5.7296,6.1729,-1.7122,-0.27451,-0.49281,0.96767,-2.0786,25.535,65.046,12
3.4291,1.7791,1.2759,-0.59864,-0.51073,-7.3435,1.0257,8.5091,0.15028,-0.93433,0.15128,22.636,194.64,-8.4597,2.0555,9.4434,-0.66325,-0.27451,-0.49281,0.96767,-6.6954,12.69,46.31,12
-0.74057,-0.85029,0.44979,-0.25955,-0.44793,-10.981,1.3519,10.437,0.15213,-0.94371,0.1945,44.474,7.2617,9.7161,1.5961,7.5362,-0.38361,-0.27451,-0.49281,0.96767,-12.181,-15.274,21.209,12
-2.4818,-1.6653,0.40802,-0.20931,-0.38932,-1.0839,-2.0497,6.9075,0.15213,-0.94371,0.1945,67.631,-42.144,19.992,2.2872,3.3132,-0.67809,-0.2902,-0.51335,0.96767,-17.299,-24.314,-16.709,12
-2.7109,-1.8287,0.36173,-0.087912,-0.23862,-0.60551,-2.4016,4.3947,0.15213,-0.94371,0.1945,82.998,-51.839,19.205,1.0646,0.66294,-0.70644,-0.2902,-0.51335,0.96767,-20.141,-21.272,-42.067,12
-1.6214,-0.74776,0.42744,-0.14652,-0.38095,-1.044,-2.5019,2.2811,0.15213,-0.94371,0.1945,90.343,-55.215,15.051,-0.77389,-0.93891,-0.8907,-0.2902,-0.51335,0.96767,-22.487,-22.475,-55.821,12
-0.68172,0.24759,0.82228,-0.20931,-0.43956,-1.0676,-3.2652,1.2011,0.13358,-0.8743,0.32809,92.035,-47.893,12.78,0.22215,-1.8446,-1.4568,-0.2902,-0.51335,0.96767,-24.416,-17.898,-53.739,12
0.90744,0.58746,0.74761,-0.10047,-0.38932,-0.88678,-3.9479,1.2521,0.13358,-0.8743,0.32809,92.274,-43.675,10.857,-0.11313,-1.6302,-1.019,-0.22745,-0.57084,0.95043,-25.541,-4.7485,-46.673,12
2.0261,-0.29566,0.27865,-0.050235,-0.33072,0.39847,-4.3781,1.7955,0.13358,-0.8743,0.32809,91.667,-33.944,7.0198,-0.21776,-1.6353,-0.52968,-0.22745,-0.57084,0.95043,-26.893,3.7026,-37.759,12
1.6519,-0.77708,0.57217,0.10466,-0.15908,2.39,-4.806,2.5648,0.1577,-0.78799,0.49509,91.129,-9.9021,0.87384,-0.17259,-1.3779,0.21236,-0.22745,-0.57084,0.95043,-26.675,7.5943,-29.49,12
1.4694,-0.74285,1.0068,0.13815,-0.092098,0.8868,-4.9096,1.1176,0.1577,-0.78799,0.49509,91.965,21.649,-2.9216,-0.9472,-0.70525,0.47515,-0.20784,-0.62834,0.90733,-26.324,6.7413,-23.699,12
1.7574,0.0071468,1.0427,0.2135,-0.020931,0.0103,-5.0192,-0.92794,0.1577,-0.78799,0.49509,87.991,49.395,-2.831,-0.27392,-0.4472,0.27972,-0.20784,-0.62834,0.90733,-23.878,0.03905,-19.973,12
1.6285,-0.11072,0.57951,0.37677,0.037677,2.9711,-6.058,-2.8253,0.1577,-0.78799,0.49509,83.492,75.128,-3.2869,0.40956,0.25596,-0.40387,-0.20784,-0.62834,0.90733,-21.771,-4.7034,-20.244,12
1.9642,-0.23005,0.72666,0.36839,0.041863,2.4705,-5.8092,-4.6824,0.085343,-0.64728,0.67387,75.916,120.71,-3.4469,1.1678,1.6021,-0.7949,-0.20784,-0.62834,0.90733,-20.329,-4.1912,-22.025,12
1.0482,0.11371,-0.22135,0.3349,0.046049,1.8926,-4.5968,-8.1901,0.085343,-0.64728,0.67387,48.542,103.0,0.45225,1.3227,2.2682,-0.17826,-0.19608,-0.68583,0.875,-18.496,-0.43077,-25.275,12
1.1734,1.4316,-1.5869,0.050235,-0.18838,5.249,-3.529,-12.301,0.085343,-0.64728,0.67387,13.328,78.766,0.96598,1.5761,0.74548,0.54769,-0.19608,-0.68583,0.875,-14.134,4.9381,-28.491,12
1.9198,2.9987,-1.9933,-0.0041863,-0.22606,5.53,-6.205,-18.515,-0.090909,-0.54409,0.76621,-25.3,34.748,-5.0363,1.628,0.88107,0.10655,-0.19608,-0.68583,0.875,-9.7495,12.484,-31.728,12
1.3065,3.3595,-5.3503,-0.66562,-0.55678,19.586,-19.298,-18.894,-0.090909,-0.54409,0.76621,-167.34,236.72,-101.91,1.0766,1.0875,-0.24771,-0.16667,-0.70021,0.84052,-6.1086,17.508,-33.871,12
-4.4287,7.8004,-0.6348,0.28467,-0.19257,-21.698,20.939,24.622,-0.090909,-0.54409,0.76621,-129.82,26.436,-64.912,0.59419,-1.6957,1.4256,-0.16667,-0.70021,0.84052,-0.75385,14.382,-32.65,12
-22.101,11.63,-4.2586,3.5918,2.0555,-6.3901,-19.433,-14.567,-0.0018553,-0.77861,0.53242,-107.06,7.6761,-11.355,0.22458,-7.4367,2.3261,-0.16667,-0.70021,0.84052,9.2136,5.7368,-34.169,12
-22.266,19.383,-15.077,-0.46049,0.13815,-1.999,-19.254,3.2986,-0.0018553,-0.77861,0.53242,-101.2,34.406,-8.2769,-0.71191,-18.611,1.9341,-0.16667,-0.70021,0.84052,16.758,6.1748,-37.272,12
-21.918,2.4593,-6.2313,-0.71586,-0.86238,-7.8222,-6.8378,-11.503,-0.0018553,-0.77861,0.53242,-38.084,23.317,-6.1093,-3.5243,-18.62,2.0169,-0.16078,-0.70637,0.8319,3.7305,-3.9682,-48.261,12
-21.702,-7.3079,-16.163,-0.28467,-0.47724,-1.9553,-8.7182,-12.414,-0.0018553,-0.77861,0.53242,9.3321,12.934,-4.2121,-5.0342,-18.6,3.0075,-0.16078,-0.70637,0.8319,7.2645,-27.587,-47.232,12
-21.986,7.8799,-16.038,-0.30979,-0.52747,3.9412,-17.756,-7.3067,0.0092764,-0.84991,0.42043,42.325,-3.9095,9.1493,-2.4138,-18.58,3.9877,-0.16078,-0.70637,0.8319,19.732,-37.55,-14.753,12
-21.906,3.9104,-12.943,-0.28048,-0.43956,2.2286,-19.314,-6.6622,0.0092764,-0.84991,0.42043,90.97,1.8426,18.22,-1.7507,-18.631,0.90178,-0.10588,-0.67146,0.88147,30.909,-15.038,69.722,12
-21.839,-0.44975,-8.1773,-0.31397,-0.56934,-1.9057,-19.326,-5.8187,0.0092764,-0.84991,0.42043,138.8,-10.379,42.494,1.5246,-18.663,-4.2665,-0.10588,-0.67146,0.88147,32.019,-11.764,126.03,12
-18.161,-0.54683,-5.9018,-0.38932,-0.78702,4.8128,-19.219,2.8789,-0.076067,-0.70169,0.62868,187.64,29.867,63.048,-0.15781,-18.669,-3.8501,-0.10588,-0.67146,0.88147,23.32,-19.932,117.27,12
-7.2215,-2.5592,-2.8198,-0.35583,-0.58608,-5.1534,-19.194,7.3012,-0.076067,-0.70169,0.62868,195.69,-37.003,65.576,0.49713,-18.663,-3.3498,-0.10588,-0.67146,0.88147,6.6605,-52.083,79.715,12
3.7015,-0.22751,0.19005,-0.10884,-0.427,19.594,-18.11,-18.887,-0.076067,-0.70169,0.62868,141.43,-116.09,14.927,3.6909,-9.6681,-2.8063,-0.11176,-0.63244,0.92457,-9.1771,-55.947,40.448,12
10.866,6.2181,0.17015,0.1214,-0.35583,0.42495,0.98216,-13.665,-0.076067,-0.70169,0.62868,104.71,26.476,11.494,9.2608,2.2389,-3.1068,-0.11176,-0.63244,0.92457,-17.048,-17.2,5.2462,12
13.944,4.8126,1.37,-0.029304,-0.43956,8.7756,-6.2342,-18.474,-0.083488,-0.40338,0.84872,19.444,-130.65,7.6998,8.9433,10.421,-1.9165,-0.11176,-0.63244,0.92457,-14.936,50.424,0.28008,12
6.5267,1.9492,-0.5193,-0.016745,-0.12977,6.2459,3.6756,-15.608,-0.083488,-0.40338,0.84872,-45.597,-28.718,3.6522,4.4185,12.662,-1.8357,-0.13922,-0.66324,0.89655,-7.804,81.361,-2.4137,12
-0.67619,0.9811,-0.80644,0.13815,0.0083726,3.3734,-1.9056,-6.4053,-0.083488,-0.40338,0.84872,-93.34,-10.076,-5.3917,1.4706,6.7108,-1.9249,-0.13922,-0.66324,0.89655,-9.2945,75.936,-20.079,12
-3.7687,0.052127,-0.90057,0.24699,0.029304,-0.047295,-3.8466,-3.4741,0.018553,-0.46154,0.79764,-117.03,3.9225,-10.109,-0.80703,2.5405,-0.94589,-0.13922,-0.66324,0.89655,-13.488,51.519,-33.998,12
-4.4186,-0.78674,-0.49186,0.10466,-0.19676,-1.8213,-6.3441,-1.7417,0.018553,-0.46154,0.79764,-131.77,-10.609,-12.121,-2.1315,-0.252,-0.2001,-0.13922,-0.66324,0.89655,-15.724,25.417,-51.11,12
-2.9431,-0.82604,-0.1375,-0.10466,-0.2428,-0.31279,-8.3554,-1.8792,0.018553,-0.46154,0.79764,-138.62,-30.907,-12.359,-1.7404,-1.2989,0.11214,-0.22941,-0.6961,0.84698,-16.402,11.549,-59.288,12
-0.31546,-1.3989,0.17936,-0.10884,0.029304,-0.57589,-8.7329,-1.0153,0.018553,-0.46154,0.79764,-138.25,-34.397,-12.475,-1.7811,-1.3485,0.15133,-0.22941,-0.6961,0.84698,-16.394,12.351,-51.715,12
4.3506,0.14743,0.71853,-0.054422,0.14233,1.6898,-7.3124,0.44294,0.081633,-0.71857,0.58743,-137.42,-30.736,-10.22,-1.2734,-1.1484,0.16133,-0.22941,-0.6961,0.84698,-14.718,18.282,-37.661,12
4.6775,1.4802,1.1016,-0.98796,-0.59027,1.9109,-7.0258,0.38657,0.081633,-0.71857,0.58743,-135.97,-9.099,-10.465,-0.56937,-0.73443,0.55703,-0.21176,-0.75154,0.81897,-11.772,25.675,-21.431,12
0.81181,1.3286,1.288,2.4615,1.6661,-0.81353,-7.1945,4.3092,0.081633,-0.71857,0.58743,-129.09,14.502,-11.127,-0.93158,0.11016,1.0159,-0.21176,-0.75154,0.81897,-9.1917,32.356,-4.1175,12
-3.1029,-0.9151,0.52817,1.3061,1.0298,-4.4737,-4.0517,5.7214,0.12059,-0.8818,0.32417,-112.34,24.793,-9.6893,-2.0749,0.12788,1.7876,-0.21176,-0.75154,0.81897,-5.2469,31.859,4.6306,12
-0.4541,-2.0426,0.77406,-1.7206,-1.3061,-4.1796,-0.57467,3.9191,0.12059,-0.8818,0.32417,-94.182,6.2629,-7.4142,-2.2975,0.51411,2.4111,-0.21176,-0.75154,0.81897,0.062466,24.2,6.2574,12
0.59201,-1.3176,3.0604,-0.72004,-0.72841,-1.7351,-1.259,3.8051,0.12059,-0.8818,0.32417,-78.242,-8.5754,-3.2556,-2.3417,1.0969,2.6903,-0.26667,-0.7577,0.79095,5.9429,19.787,6.4192,12
1.7351,-0.39371,1.7119,-0.43956,-0.46468,-2.9658,0.4961,9.016,0.141,-0.96248,0.12181,-60.253,7.942,-1.1832,-2.1278,1.5175,2.753,-0.26667,-0.7577,0.79095,11.698,20.816,6.163,12
1.4221,-0.39956,0.97457,-0.41863,-0.46049,-5.1094,2.6844,7.0519,0.141,-0.96248,0.12181,-45.981,24.313,4.4283,-2.1362,2.0087,2.8713,-0.26667,-0.7577,0.79095,18.756,26.39,8.0535,12
-0.5087,-1.8378,1.4556,-0.31397,-0.47724,-1.6895,-3.0428,7.6018,0.141,-0.96248,0.12181,-39.944,1.3169,13.773,-3.0459,2.3342,4.4188,-0.32157,-0.72279,0.80388,27.638,34.883,13.2,12
-2.7773,-1.5405,0.76662,-0.35165,-0.41026,19.563,-17.0,-18.831,0.141,-0.96248,0.12181,-37.327,-115.04,-55.39,-5.3952,0.12798,5.7981,-0.32157,-0.72279,0.80388,36.932,48.703,25.161,12
-12.826,-0.12026,0.21023,-0.25536,-0.2763,-19.118,-19.126,21.103,0.1744,-0.97186,0.027505,-39.436,201.5,-9.1627,-7.9182,-5.4823,8.7676,-0.32157,-0.72279,0.80388,47.506,46.809,45.969,12
-21.584,-13.213,-15.484,-0.20513,0.025118,14.482,-19.122,5.595,0.1744,-0.97186,0.027505,-7.2504,-56.074,-17.043,-10.808,-13.502,11.783,-0.32157,-0.72279,0.80388,57.588,31.679,67.622,12
-21.724,-5.7234,-9.9888,-0.18001,-0.34328,-8.9449,-19.395,-10.82,0.1744,-0.97186,0.027505,-2.2075,-3.8311,1.3812,-17.126,-18.569,14.061,-0.40392,-0.62628,0.81897,53.599,9.8028,90.144,12
-21.801,-2.3494,-13.127,-0.15908,-0.34746,-7.8091,-19.423,-14.622,0.19109,-0.95122,-0.02554,-17.603,18.341,15.176,-17.727,-18.566,16.436,-0.40392,-0.62628,0.81897,46.64,-57.75,115.59,12
-21.748,-5.029,-13.8,-0.10047,-0.38095,8.8392,-19.244,-1.6551,0.19109,-0.95122,-0.02554,-18.163,6.4202,21.8,-14.789,-18.572,12.821,-0.40392,-0.62628,0.81897,37.194,-68.708,99.265,12
-21.625,-10.656,-5.538,-0.36839,-0.62794,3.4566,-19.186,8.1065,0.19109,-0.95122,-0.02554,48.548,38.781,24.327,-10.647,-18.533,11.73,-0.39412,-0.4846,0.91595,20.304,-34.197,85.225,12
-19.771,-4.8852,-4.987,0.15908,-0.12977,-0.90657,-19.008,22.988,0.19109,-0.95122,-0.02554,71.08,-60.711,13.327,-8.0987,-18.512,12.793,-0.39412,-0.4846,0.91595,-0.66644,-12.784,82.064,12
-3.6331,-1.1722,-1.5687,0.12559,-0.10047,1.1385,-10.299,9.6735,0.14471,-0.97186,0.053045,55.035,-32.293,18.703,-6.6879,-14.612,9.8007,-0.39412,-0.4846,0.91595,-20.653,-18.62,77.39,12
7.2546,3.4306,1.5719,-0.0083726,-0.30141,15.189,-15.276,-14.716,0.14471,-0.97186,0.053045,-3.2878,-87.857,-10.744,-0.056226,-4.8119,6.8115,-0.39412,-0.4846,0.91595,-24.986,-39.025,65.233,12
11.964,3.8126,-0.60424,-0.062794,-0.23025,10.93,-2.3788,-2.2388,0.14471,-0.97186,0.053045,-29.978,-55.113,-11.548,4.0408,3.8702,3.0164,-0.40588,-0.44969,0.93534,-13.839,-37.427,36.56,12
5.5158,4.0071,0.76064,-0.092098,-0.37258,-1.1665,-1.2694,11.675,0.16141,-0.97186,0.047151,0.21499,43.668,-19.2,3.9425,8.8862,0.62139,-0.40588,-0.44969,0.93534,-6.4171,-13.341,2.5321,12
-2.5122,-0.14821,2.2077,-0.86656,-0.67818,-10.476,7.9376,19.5,0.16141,-0.97186,0.047151,59.684,-1.5143,-3.9202,2.237,7.5126,-0.73895,-0.40588,-0.44969,0.93534,-4.5943,-10.595,-29.589,12
-5.0118,-2.9432,1.4298,1.5531,0.64887,-1.5473,0.3465,9.8977,0.16141,-0.97186,0.047151,102.27,-24.142,2.525,1.0165,3.4563,0.63115,-0.36078,-0.48255,0.96121,-9.6193,-10.403,-51.713,12
-4.5482,-2.8941,1.0237,3.3741,2.5118,-2.0976,-4.4135,4.1958,0.16141,-0.97186,0.047151,125.31,-8.2256,4.7911,0.23812,0.92421,0.42121,-0.36078,-0.48255,0.96121,-12.445,-5.7616,-62.285,12
-0.55371,-2.1126,0.60986,-1.0549,-0.23443,0.061192,-5.7385,1.4012,0.16141,-0.97186,0.047151,135.06,-3.5525,4.5493,-1.3898,-1.216,0.39753,-0.36078,-0.48255,0.96121,-15.51,-7.0307,-65.222,12
1.7573,0.011984,0.55897,-0.65725,-0.41863,0.56743,-6.4125,0.33088,0.16141,-0.97186,0.047151,134.23,3.6118,2.0411,-0.8371,-1.692,-0.19918,-0.36078,-0.48255,0.96121,-17.651,-5.6817,-59.502,12
2.0921,0.4434,0.17675,-0.19676,-0.21769,0.12174,-6.9493,0.1225,0.16141,-0.97186,0.047151,131.0,24.195,1.467,-0.36394,-1.7229,-0.29448,-0.32157,-0.54415,0.93534,-19.684,6.42,-49.194,12
2.1829,0.95783,0.33884,-0.13815,-0.2135,-2.4069,-7.877,0.41541,0.12616,-0.79362,0.4833,126.97,26.804,3.5418,-0.52351,-1.4341,-0.40504,-0.32157,-0.54415,0.93534,-20.077,21.021,-41.406,12
1.4311,1.1708,0.5159,-0.062794,-0.2428,-2.7123,-8.6068,-1.27,0.12616,-0.79362,0.4833,123.37,7.3901,9.147,-1.6724,-0.76663,0.33667,-0.32157,-0.54415,0.93534,-19.322,24.719,-33.847,12
1.7259,0.57472,-0.19038,-0.10466,-0.41863,1.5028,-7.6176,-6.3138,0.12616,-0.79362,0.4833,107.94,9.1958,6.1187,-2.0941,0.46315,0.31482,-0.3098,-0.58932,0.89224,-17.832,12.084,-25.387,12
1.4613,-0.33525,-0.36701,-0.092098,-0.46468,3.912,-6.1682,-10.884,0.09462,-0.60413,0.69745,83.909,48.152,0.87061,-1.7912,1.3526,0.25513,-0.3098,-0.58932,0.89224,-16.006,-2.7204,-15.816,12
1.4381,-0.18663,-0.10101,-0.0041863,-0.36421,0.50586,-4.3857,-7.8809,0.09462,-0.60413,0.69745,60.493,71.872,-0.77417,-0.56239,1.539,-0.10013,-0.3098,-0.58932,0.89224,-14.491,-12.851,-10.992,12
0.63625,1.0158,0.070366,0.14652,-0.20094,0.63038,-4.7431,-5.9913,0.09462,-0.60413,0.69745,34.642,66.81,0.51497,-0.4314,1.6981,0.81407,-0.3098,-0.58932,0.89224,-12.172,-14.3,-8.4037,12
0.86964,0.45715,-0.40096,0.31816,0.016745,1.4083,-3.2027,-11.354,0.09462,-0.60413,0.69745,4.0444,48.583,-2.4426,0.18075,1.7007,2.0746,-0.29216,-0.62834,0.87716,-6.0768,-15.224,-3.9404,12
2.4677,1.3604,-1.246,0.32234,0.11722,0.40341,-4.7174,-12.336,-0.012987,-0.5197,0.78389,-27.791,16.792,-6.2499,1.3461,1.8651,3.5099,-0.29216,-0.62834,0.87716,3.4576,-13.303,-1.9639,12
2.5819,1.7135,-1.0879,0.39351,0.13396,19.586,-19.338,-18.938,-0.012987,-0.5197,0.78389,-219.82,-144.77,-43.218,1.5135,1.2447,4.4685,-0.29216,-0.62834,0.87716,18.773,-7.8093,0.09254,12
0.61034,1.806,-0.19535,0.63213,0.20094,-21.305,-19.148,22.83,-0.012987,-0.5197,0.78389,-165.64,311.38,-2.1098,1.2838,-0.74214,4.7858,-0.28824,-0.62218,0.8944,34.313,2.2043,0.66421,12
-8.7428,8.8577,2.4603,0.60701,0.2763,19.199,-10.919,-18.594,-0.0018553,-0.74296,0.56974,-165.56,-145.32,-52.811,0.040599,-4.8075,5.2492,-0.28824,-0.62218,0.8944,50.731,10.242,4.1613,12
-21.484,-17.192,-1.3051,0.60701,0.071167,7.7878,8.8569,-11.344,-0.0018553,-0.74296,0.56974,-68.847,56.468,-27.615,-2.5604,-13.335,5.4582,-0.28824,-0.62218,0.8944,66.788,18.077,5.1261,12
-22.017,8.4145,-15.99,0.72841,1.1345,-5.6348,-19.278,0.91725,-0.0018553,-0.74296,0.56974,-48.219,29.473,0.81396,-6.7583,-18.602,4.8095,-0.28824,-0.62218,0.8944,62.224,28.519,10.346,12
-22.117,12.44,-3.512,0.44793,0.28467,-1.9141,-13.196,-10.731,-0.0018553,-0.74296,0.56974,-23.201,-16.282,3.2242,-8.0833,-18.57,7.9673,-0.3,-0.50308,0.95474,53.743,6.2997,12.203,12
-21.928,3.4806,-11.403,0.10047,0.16327,5.7013,-9.3044,-11.627,0.059369,-0.84803,0.44401,34.075,-10.799,7.363,-7.4107,-18.581,7.8834,-0.3,-0.50308,0.95474,54.834,-10.302,22.86,12
-21.975,6.3443,-11.966,-0.17164,0.037677,-3.6701,-18.915,-8.3783,0.059369,-0.84803,0.44401,98.075,18.285,16.037,-6.0181,-18.615,4.4755,-0.3,-0.50308,0.95474,43.955,14.876,43.33,12
-21.839,-3.4991,-10.315,2.7713,1.5992,-1.9092,-19.339,-5.1527,0.059369,-0.84803,0.44401,147.49,-23.86,29.612,-7.8193,-18.618,3.1837,-0.34314,-0.37372,1.0022,14.834,29.141,61.377,12
-15.395,-6.0229,-4.0157,1.3564,1.1512,-1.021,-19.236,1.1113,0.042672,-0.7242,0.62475,201.13,-10.452,52.503,-8.594,-18.623,5.673,-0.34314,-0.37372,1.0022,-12.925,0.13092,54.614,12
-1.9492,-2.5406,-0.41812,-1.1136,-0.59445,-12.32,-19.237,7.967,0.042672,-0.7242,0.62475,206.09,-10.685,73.618,-4.4394,-18.611,5.8507,-0.34314,-0.37372,1.0022,-24.638,-40.054,35.287,12
6.983,3.8814,0.66511,0.14652,0.1214,19.626,-19.338,-18.937,0.042672,-0.7242,0.62475,123.75,-205.27,32.767,2.8695,-12.591,1.8809,-0.34314,-0.37372,1.0022,-22.735,-47.302,20.235,12
14.5,7.3202,0.65882,0.12559,-0.16327,19.405,0.65124,-18.044,0.061224,-0.4015,0.83104,99.72,37.535,9.3186,9.4879,0.39937,-3.0634,-0.33922,-0.38193,1.0022,-21.14,-13.462,11.986,12
12.536,2.0086,-1.4508,0.10884,-0.45631,-16.264,-3.8117,-12.853,0.061224,-0.4015,0.83104,22.766,-4.0809,11.274,11.089,11.077,-3.3212,-0.33922,-0.38193,1.0022,-23.756,48.06,9.1526,12
-0.36439,-1.9827,-1.0837,0.0083726,-0.67818,8.4043,3.1916,-13.517,0.061224,-0.4015,0.83104,-45.999,-44.494,11.033,6.5714,12.98,-1.0385,-0.33922,-0.38193,1.0022,-18.361,84.944,0.5884,12
-3.185,1.1692,-1.9263,0.17582,-0.087912,6.3218,-1.0964,-6.6687,0.061224,-0.4015,0.83104,-86.101,-0.056423,-0.0090213,1.9335,5.5138,0.37986,-0.40392,-0.41478,0.9375,-13.501,68.192,-18.28,12
-4.0765,-0.21439,-0.8193,0.21769,0.23025,2.94,-1.5895,-3.5084,0.061224,-0.42964,0.81729,-106.13,20.511,-6.1633,-1.2466,0.54371,0.37094,-0.40392,-0.41478,0.9375,-10.95,36.062,-34.515,12
-2.9273,1.9181,0.21473,0.2135,0.25536,1.1387,-5.0738,-2.4298,0.061224,-0.42964,0.81729,-118.43,19.716,-11.537,-2.0974,-2.373,-0.29573,-0.40392,-0.41478,0.9375,-9.016,-3.9371,-57.903,12
-1.0318,1.086,0.46616,0.35165,0.3056,0.46204,-7.8258,-0.39708,0.061224,-0.42964,0.81729,-124.86,-1.3202,-13.651,-1.0707,-2.7074,-0.73954,-0.40392,-0.41478,0.9375,-9.0417,-24.46,-77.554,12
2.4732,0.077374,0.79644,0.39351,0.37677,0.28561,-7.2093,-2.118,0.06679,-0.65854,0.6778,-127.58,-3.4948,-13.286,-0.094329,-1.879,-0.89603,-0.42157,-0.47639,0.9181,-8.1042,-20.47,-76.853,12
2.8093,0.44331,0.90306,0.5191,0.53585,1.5196,-6.0699,-1.0487,0.06679,-0.65854,0.6778,-130.69,-2.3628,-11.793,0.96194,-1.1468,-1.6823,-0.42157,-0.47639,0.9181,-8.6214,-0.3838,-65.151,12
1.3231,0.5134,0.48831,0.64887,0.52329,1.1362,-6.1452,0.3291,0.06679,-0.65854,0.6778,-126.34,22.548,-12.417,1.7048,-0.20093,-2.0934,-0.42157,-0.47639,0.9181,-11.07,24.076,-53.531,12
-0.066988,0.31912,0.34451,0.86238,0.6112,-0.39332,-6.5641,0.022027,0.06679,-0.65854,0.6778,-121.81,28.191,-13.142,0.8814,0.69389,-1.6111,-0.38039,-0.53799,0.89655,-13.404,41.973,-44.731,12
-0.61886,-0.36992,1.0193,0.74935,0.52329,-0.14376,-7.3595,-0.30691,0.061224,-0.85178,0.42829,-118.33,2.4677,-14.83,-1.1302,1.5084,-1.1642,-0.38039,-0.53799,0.89655,-15.517,46.186,-43.01,12
0.16218,-0.53347,0.98357,0.69492,0.57771,1.7191,-5.1138,1.4907,0.061224,-0.85178,0.42829,-116.52,-6.9082,-14.772,-2.694,1.5395,-0.048024,-0.38039,-0.53799,0.89655,-17.627,32.593,-43.278,12
0.59098,-0.76098,0.93151,0.427,0.36421,1.0921,-3.2482,2.9006,0.061224,-0.85178,0.42829,-111.83,8.8247,-14.879,-3.1207,0.66137,1.1372,-0.38039,-0.53799,0.89655,-16.422,9.5127,-45.189,12
0.5205,-1.2776,1.0113,0.34746,0.20931,-0.14001,-0.94538,5.4617,0.11503,-0.93058,0.1611,-102.4,18.272,-16.317,-2.3892,0.55788,1.7883,-0.42745,-0.57906,0.85129,-12.447,-5.9548,-45.316,12
0.33476,-1.5865,1.4046,-0.10884,-0.025118,-2.2724,3.135,8.5507,0.11503,-0.93058,0.1611,-86.55,25.453,-15.118,-2.568,0.53089,2.089,-0.42745,-0.57906,0.85129,-10.652,-5.9399,-42.031,12
-1.4296,-2.2554,1.8917,0.44375,0.38514,-0.66003,-0.23338,11.315,0.11503,-0.93058,0.1611,-79.296,-33.702,-16.259,-2.7002,-0.1162,3.3796,-0.42745,-0.57906,0.85129,-7.515,2.5358,-26.168,12
-5.6947,-2.6386,3.6152,3.7677,2.8509,19.896,-18.874,13.589,0.11503,-0.93058,0.1611,-65.085,-139.35,-32.658,-3.7389,-2.4356,6.4407,-0.38039,-0.62423,0.84914,1.3449,8.8175,-6.1985,12
-21.638,-13.029,-2.5936,-0.70748,-0.47724,-7.115,-19.165,14.231,0.15955,-0.96435,-0.019646,-31.005,148.75,-13.422,-5.6842,-7.0019,9.8062,-0.38039,-0.62423,0.84914,13.411,12.571,18.193,12
-21.805,-1.1709,-16.832,-0.43537,-0.31816,6.4188,-19.278,-5.9726,0.15955,-0.96435,-0.019646,-15.877,-33.97,-6.2692,-9.4409,-15.877,11.321,-0.38039,-0.62423,0.84914,25.877,2.4665,36.594,12
-21.7,-7.9247,-7.008,0.14652,-0.096285,-9.3795,-19.473,-16.609,0.15955,-0.96435,-0.019646,1.1336,-11.387,-7.701,-16.34,-18.532,14.834,-0.38039,-0.62423,0.84914,23.506,-19.222,43.262,12
-21.977,5.912,-16.205,0.21769,0.087912,-7.1042,-19.432,-13.522,0.20779,-0.96248,-0.064833,1.3004,15.033,-7.247,-11.888,-18.539,13.115,-0.38039,-0.62423,0.84914,31.291,-84.496,39.016,12
-21.879,0.5189,-12.153,0.28048,-0.071167,1.8928,-19.313,-4.5196,0.20779,-0.96248,-0.064833,0.016134,10.459,-0.53781,-1.9514,-18.601,5.9137,-0.38039,-0.62423,0.84914,27.504,-32.33,43.112,12
-21.783,-3.7949,-7.9521,0.30979,-0.03349,3.9643,-19.261,-0.38175,0.20779,-0.96248,-0.064833,25.358,-3.9233,-2.921,-2.7586,-18.572,4.811,-0.38039,-0.62423,0.84914,5.4721,62.475,46.055,12
-21.879,1.5066,-6.8855,0.10466,-0.35165,-4.7126,-19.141,10.621,0.20223,-0.95497,-0.023576,70.886,-34.654,13.792,-9.2477,-18.569,8.1132,-0.41373,-0.53799,0.90948,-27.979,56.709,34.974,12
-6.862,-0.33441,-2.7143,0.37258,-0.12559,-0.81765,-16.177,2.058,0.20223,-0.95497,-0.023576,82.8,-36.608,19.778,-11.352,-14.72,10.983,-0.41373,-0.53799,0.90948,-47.901,-32.489,-11.824,12
4.4925,1.1342,0.16523,0.47724,-0.066981,0.50119,-9.8983,-4.6774,0.20223,-0.95497,-0.023576,67.835,-29.486,31.261,-7.4335,-6.9523,10.767,-0.41373,-0.53799,0.90948,-51.719,-73.175,-37.126,12
9.0856,3.2953,1.7808,0.3977,0.1214,7.8973,-12.12,-5.0479,0.20223,-0.95497,-0.023576,27.937,-37.711,19.443,-2.7882,-1.1601,6.9941,-0.3451,-0.63039,0.8556,-50.245,-69.336,-32.803,12
9.3717,1.112,0.19481,0.43956,0.20931,11.662,-1.2727,-4.4991,0.15584,-0.95497,0.086444,8.5188,-6.8742,10.865,0.15217,3.996,3.5956,-0.3451,-0.63039,0.8556,-45.192,-48.854,-30.379,12
4.3704,-0.84106,-0.41254,0.54003,0.30979,2.5581,-7.5009,2.3901,0.15584,-0.95497,0.086444,23.923,115.17,-3.2175,-0.18022,4.1496,1.9575,-0.3451,-0.63039,0.8556,-42.096,-26.52,-26.208,12
-0.97587,-1.7114,0.46703,0.59027,0.3349,-11.915,3.4076,16.01,0.15584,-0.95497,0.086444,46.361,61.004,6.9764,-1.234,3.008,1.7962,-0.3451,-0.63039,0.8556,-41.923,-27.113,-30.892,12
-1.923,-1.3233,0.10196,0.76609,0.47305,-1.0744,0.52976,9.4116,0.11874,-0.94747,0.18075,68.245,-24.169,11.575,-2.1783,2.0559,2.5924,-0.26078,-0.7269,0.81681,-41.089,-33.505,-34.061,12
-1.4505,-0.20351,0.71853,0.77446,0.56515,0.78471,-2.3391,4.7034,0.11874,-0.94747,0.18075,90.45,-13.565,11.458,-1.143,0.83156,3.1562,-0.26078,-0.7269,0.81681,-41.059,-48.418,-37.16,12
-0.57731,-0.42732,0.74049,0.64469,0.40188,-0.030607,-3.6385,2.4844,0.11874,-0.94747,0.18075,104.53,-0.12782,11.619,0.23267,-0.12381,3.6188,-0.26078,-0.7269,0.81681,-40.7,-48.48,-42.928,12
-0.14341,0.099693,0.99845,0.53166,0.30979,-1.0148,-4.3929,2.291,0.11874,-0.94747,0.18075,112.28,3.0973,11.72,0.20423,-0.63928,4.0722,-0.14118,-0.80698,0.77371,-40.992,-41.759,-42.641,12
0.80278,0.26484,0.58173,0.40188,0.15489,-1.0538,-5.3609,2.5235,0.077922,-0.87617,0.38114,117.31,2.8636,12.777,1.0198,-1.1494,4.0571,-0.14118,-0.80698,0.77371,-38.526,-28.528,-42.001,12
1.8285,0.49532,0.78142,-0.11303,-0.13815,-0.80224,-6.2142,2.3375,0.077922,-0.87617,0.38114,120.53,0.079142,13.75,0.91261,-1.1238,3.6209,-0.14118,-0.80698,0.77371,-32.107,-14.977,-41.648,12
1.4518,0.64314,0.77367,1.2308,0.82051,-0.45978,-7.2189,0.88446,0.077922,-0.87617,0.38114,121.41,2.6391,14.429,1.1086,-0.86001,2.9987,-0.14118,-0.80698,0.77371,-24.65,-5.429,-41.233,12
0.9827,0.36009,1.3377,3.8891,2.943,1.5164,-7.6533,-2.9508,0.046382,-0.69981,0.61886,116.22,8.3791,12.888,0.38704,-0.23157,2.8426,-0.062745,-0.86653,0.70474,-16.331,0.66309,-40.766,12
0.55153,-0.30355,-0.40627,-0.7619,-0.90005,3.9755,-5.5156,-8.986,0.046382,-0.69981,0.61886,98.831,40.296,8.8758,0.098843,0.83427,2.4271,-0.062745,-0.86653,0.70474,-6.4593,0.3921,-39.844,12
-0.096737,0.29139,-1.9632,-0.21769,-0.37258,2.5371,-2.3565,-10.895,0.046382,-0.69981,0.61886,71.631,65.706,7.0012,0.43014,1.8903,2.032,-0.062745,-0.86653,0.70474,3.2328,0.11927,-39.287,12
-0.41018,1.8219,-1.7939,0.27211,-0.0041863,1.1535,-1.2622,-9.3849,-0.044527,-0.54784,0.75835,42.536,53.703,8.1361,0.60374,1.713,1.3044,-0.019608,-0.86858,0.71121,12.773,2.57,-38.759,12
0.17343,1.9347,-2.3838,0.40607,0.12977,4.3736,-1.2072,-11.808,-0.044527,-0.54784,0.75835,11.069,30.348,4.0928,0.89061,1.2789,0.88686,-0.019608,-0.86858,0.71121,21.125,11.935,-37.603,12
0.53917,0.81936,0.42111,0.50235,0.22606,5.2025,-2.5046,-11.844,-0.044527,-0.54784,0.75835,-16.858,24.756,-3.6622,0.50407,0.73287,1.2866,-0.019608,-0.86858,0.71121,29.695,25.113,-36.119,12
0.29233,0.02994,-0.68152,0.49817,0.18001,19.586,-19.338,-18.938,-0.044527,-0.54784,0.75835,-290.75,-269.94,-55.699,0.22679,-0.29129,1.8709,-0.019608,-0.86858,0.71121,41.822,35.019,-31.644,12
-1.9086,1.9954,1.5796,0.62794,0.18838,-21.382,-15.334,22.999,0.044527,-0.67167,0.65815,-200.42,267.88,-34.024,0.3641,-1.4166,2.3354,-0.037255,-0.84394,0.76509,55.559,44.193,-26.046,12
-9.7233,8.3859,-1.8453,0.51491,0.30141,12.799,-19.328,-18.974,0.044527,-0.67167,0.65815,-154.99,-106.52,-56.441,0.039194,-3.8702,0.98358,-0.037255,-0.84394,0.76509,70.416,57.723,-19.386,12
-21.459,-19.956,-11.701,0.56515,0.26374,-21.146,-14.222,-5.3601,0.044527,-0.67167,0.65815,-82.968,21.747,-2.1656,-2.0424,-10.228,-0.84476,-0.037255,-0.84394,0.76509,77.016,71.395,-6.7549,12
-21.928,2.9657,-16.48,0.83307,0.93354,-1.4699,-19.36,-10.222,0.022263,-0.8349,0.47348,-78.438,20.968,-8.7419,-5.3996,-18.788,-2.7519,-0.11961,-0.70021,0.86853,70.468,80.952,16.845,12
-21.974,4.2772,-16.362,0.68655,0.47724,8.8251,-4.8241,-12.111,0.022263,-0.8349,0.47348,-17.654,2.1949,-13.233,-4.7822,-18.644,1.6199,-0.11961,-0.70021,0.86853,50.888,61.852,47.331,12
-22.07,9.5647,-15.918,0.7326,0.28885,-5.3302,-15.183,-8.4062,0.022263,-0.8349,0.47348,30.355,-18.652,-0.99778,-3.2759,-18.643,1.745,-0.11961,-0.70021,0.86853,47.689,29.253,87.304,12
-21.973,6.2248,-16.166,0.84982,0.33909,1.1336,-19.307,-4.9227,0.022263,-0.8349,0.47348,65.801,-1.5754,8.8007,-3.3877,-18.649,0.14049,-0.11961,-0.70021,0.86853,39.65,-20.611,120.13,12
-21.905,1.8188,-13.889,0.854,0.38095,1.12,-19.31,-5.2668,0.03525,-0.83302,0.4558,105.65,-18.671,22.172,0.92232,-18.625,-0.53543,-0.25686,-0.5729,0.92888,21.374,-16.957,158.72,12
-21.84,-0.94121,-8.5268,0.9168,0.41444,-1.9269,-19.306,-3.8283,0.03525,-0.83302,0.4558,151.95,-26.29,43.256,-0.14835,-18.622,-0.18109,-0.25686,-0.5729,0.92888,-11.844,-17.42,169.97,12
-16.323,-0.036494,-3.5822,0.97959,0.54003,0.94228,-19.139,11.823,0.03525,-0.83302,0.4558,194.16,7.5997,62.419,2.3729,-18.619,1.1107,-0.25686,-0.5729,0.92888,-28.161,-51.324,138.94,12
-4.3008,-1.1219,-0.1957,0.67818,0.26792,-12.121,-13.958,-8.6941,-0.048237,-0.59475,0.73281,193.11,-124.32,79.344,7.1751,-18.596,0.36185,-0.26471,-0.53388,0.94181,-29.153,-78.713,85.042,12
8.6016,2.2439,0.37037,0.64887,0.20513,19.611,-16.703,-18.837,-0.048237,-0.59475,0.73281,141.69,-11.509,30.326,12.432,-9.4826,0.74462,-0.26471,-0.53388,0.94181,-28.75,-56.292,40.782,12
13.961,5.4672,-0.43427,-0.17164,-0.50235,-3.787,-1.0835,-8.3525,-0.048237,-0.59475,0.73281,78.95,67.1,9.7269,15.071,1.1424,0.24462,-0.26471,-0.53388,0.94181,-27.984,-15.638,23.423,12
7.6832,3.7164,-0.31816,2.4657,1.2768,13.6,-5.9467,-18.432,-0.048237,-0.59475,0.73281,-0.54783,-131.0,6.2272,11.489,9.2528,2.2751,-0.26471,-0.53388,0.94181,-21.746,33.611,-0.049016,12
-0.99004,0.51206,-1.6908,4.7975,3.529,7.7856,0.66539,-14.649,0.025974,-0.39024,0.84086,-60.05,-4.1701,-1.9319,8.2219,8.6107,2.0659,-0.22157,-0.6078,0.92457,-16.524,53.148,-1.223,12
-2.0283,-0.60674,-1.9599,-0.6405,-0.31816,4.2171,-2.819,-7.6404,0.025974,-0.39024,0.84086,-99.986,37.514,-12.517,4.233,3.5139,1.3944,-0.22157,-0.6078,0.92457,-9.9784,61.403,-22.113,12
-2.9904,-1.4897,-0.48144,-0.016745,0.046049,-0.51731,-5.0574,-4.7476,0.025974,-0.39024,0.84086,-120.2,39.367,-18.48,-0.18546,0.25763,0.76288,-0.22157,-0.6078,0.92457,-3.7448,56.4,-44.321,12
-1.6709,-0.79661,0.21252,0.38514,0.49817,-2.3067,-7.2998,-2.2526,0.018553,-0.54221,0.74067,-130.63,15.618,-19.91,-2.0527,-1.8596,0.042438,-0.31961,-0.63244,0.87069,-0.81301,26.419,-63.096,12
1.1814,0.019161,0.27541,0.28885,0.36421,-2.368,-9.0488,0.065544,0.018553,-0.54221,0.74067,-131.55,-11.896,-19.328,-3.7652,-1.9684,0.162,-0.31961,-0.63244,0.87069,1.9676,-0.7304,-71.072,12
3.9142,-0.25419,1.0508,0.40188,0.23025,-1.5898,-6.9365,0.40811,0.018553,-0.54221,0.74067,-127.17,-29.921,-14.762,-2.6777,-1.4493,0.07337,-0.31961,-0.63244,0.87069,4.293,-19.529,-61.091,12
3.3541,-0.026835,0.98706,0.44793,0.22187,1.1051,-6.5457,-0.11832,0.085343,-0.77111,0.52652,-126.55,-29.01,-11.465,-1.3643,-0.76934,0.0657,-0.31961,-0.63244,0.87069,7.0312,-15.016,-42.67,12
0.19397,-0.10266,0.35918,0.46049,0.12559,0.94715,-6.6807,-0.74123,0.085343,-0.77111,0.52652,-124.56,-14.534,-11.794,-0.48252,-0.35132,-0.13215,-0.26275,-0.64682,0.88147,8.301,4.246,-20.815,12
-0.45992,-0.23639,-0.052854,0.45212,0.22606,-1.27,-6.8329,0.8644,0.085343,-0.77111,0.52652,-123.12,-0.78711,-11.382,-1.0866,0.49389,0.38928,-0.26275,-0.64682,0.88147,10.831,23.823,-2.5487,12
0.30492,-0.59974,0.68287,0.49817,0.2135,-2.1477,-6.7922,3.9514,0.085343,-0.77111,0.52652,-120.65,-19.16,-9.5165,-2.1479,0.87971,0.97107,-0.26275,-0.64682,0.88147,13.764,29.93,12.25,12
0.65992,-0.16792,1.2902,0.63632,0.3349,-1.7787,-4.4809,4.3832,0.12059,-0.90432,0.26326,-110.97,-26.23,-7.4751,-3.1471,1.3811,1.1107,-0.29804,-0.62218,0.87931,15.907,28.751,23.496,12
1.0462,-0.28779,1.5425,0.55259,0.28048,-0.077293,-1.6939,4.8624,0.12059,-0.90432,0.26326,-101.66,-30.727,-4.8746,-3.792,1.6684,0.84384,-0.29804,-0.62218,0.87931,17.108,23.226,34.767,12
0.81997,0.41544,1.7005,0.64469,0.36839,1.5991,1.1393,7.9896,0.12059,-0.90432,0.26326,-87.992,-12.698,-3.1637,-3.3073,1.7234,1.3362,-0.29804,-0.62218,0.87931,19.996,24.75,44.918,12
0.80562,0.12295,0.63212,0.89168,0.6405,-0.091954,3.283,12.455,0.16883,-0.97373,0.035363,-65.757,35.703,-4.2367,-3.0758,1.5102,2.0234,-0.29804,-0.62218,0.87931,25.12,34.423,55.393,12
-0.3948,0.042944,-0.64877,1.0717,0.55259,0.64485,7.8291,-4.2167,0.16883,-0.97373,0.035363,-45.719,11.65,-10.313,-3.7916,1.17,2.996,-0.4,-0.57495,0.88147,33.013,51.711,68.013,12
-4.533,-0.11825,1.2315,0.88331,0.39351,19.247,9.7345,-17.644,0.16883,-0.97373,0.035363,-57.93,-17.953,-42.529,-6.6875,-1.0606,3.9366,-0.4,-0.57495,0.88147,38.739,67.801,85.656,12
-20.753,-0.72805,5.5871,0.74935,0.64887,-21.426,-19.25,10.615,0.16883,-0.97373,0.035363,-123.51,333.71,37.661,-12.506,-6.5294,8.0589,-0.4,-0.57495,0.88147,46.751,79.067,113.14,12
-21.46,-19.919,-15.466,0.62794,0.63632,15.122,-19.207,-0.88204,0.20594,-0.9606,-0.056974,-38.834,13.416,-29.228,-21.527,-16.851,12.855,-0.56078,-0.42505,0.84698,54.507,64.747,158.93,12
-21.752,-4.8367,-9.8037,0.46049,0.25955,-8.8843,-19.396,-10.892,0.20594,-0.9606,-0.056974,4.4074,5.644,9.5235,-21.738,-18.562,19.78,-0.56078,-0.42505,0.84698,49.146,-4.6337,202.83,12
-21.859,0.00062133,-8.7894,-0.23025,-0.096285,-8.7015,-19.437,-12.038,0.20594,-0.9606,-0.056974,-4.6128,-2.7062,9.3545,-21.822,-18.514,22.574,-0.56078,-0.42505,0.84698,53.195,-84.453,228.62,12
-21.856,-0.63964,-13.447,0.74516,0.37258,0.36734,-19.287,-3.9815,0.22449,-0.96623,-0.076621,-19.451,10.286,16.592,-19.666,-18.496,20.356,-0.56078,-0.42505,0.84698,58.047,-101.99,222.04,12
-21.694,-8.2506,-5.7215,3.7635,2.5788,8.3574,-19.195,2.2592,0.22449,-0.96623,-0.076621,24.957,19.75,16.475,-12.591,-18.555,15.541,-0.56078,-0.16427,0.97629,35.584,-50.216,186.41,12
-21.847,-3.6188,-5.4204,-0.46468,-0.37258,-3.7959,-19.101,16.611,0.22449,-0.96623,-0.076621,68.763,-46.376,12.364,-8.871,-16.867,12.323,-0.56078,-0.16427,0.97629,-2.0983,-12.344,124.63,12
-10.183,-0.45085,-1.4616,-0.28048,-0.20094,0.37254,-13.552,0.23237,0.22449,-0.96623,-0.076621,67.668,-77.374,0.71908,-5.1166,-8.8549,9.5052,-0.56078,-0.16427,0.97629,-38.164,7.618,70.28,12
0.46208,0.63314,3.8149,0.15071,0.025118,3.209,-11.792,1.9633,0.18182,-0.97186,-0.035363,56.168,-57.259,10.993,-3.7151,-6.1843,11.566,-0.50392,-0.086242,0.98922,-44.403,-23.746,31.118,12
8.9919,0.40268,1.0468,0.26792,0.020931,9.1223,-9.892,-12.966,0.18182,-0.97186,-0.035363,5.3868,-109.6,-5.0724,2.2143,-0.047941,6.2059,-0.50392,-0.086242,0.98922,-25.772,-63.716,9.147,12
12.33,0.66711,-1.8557,0.23862,-0.046049,15.021,4.2587,-4.8244,0.18182,-0.97186,-0.035363,22.213,55.191,-12.396,7.164,5.2811,0.1078,-0.50392,-0.086242,0.98922,-5.0978,-42.997,-21.694,12
6.386,1.4048,-0.75778,0.20094,-0.16745,-8.4277,1.4356,16.831,0.18924,-0.95872,0.031434,45.747,91.836,-14.676,6.6652,6.3371,-3.2873,-0.50392,-0.086242,0.98922,3.2425,1.0853,-51.571,12
-2.2346,0.62113,1.3085,0.20931,-0.28885,-4.9781,0.70403,9.0167,0.18924,-0.95872,0.031434,65.583,-33.5,-1.9868,2.995,3.8887,-4.1285,-0.41961,-0.1191,1.028,2.275,30.012,-81.843,12
-5.2248,-0.88247,0.19426,0.20513,-0.15489,1.9123,-0.29492,3.1815,0.18924,-0.95872,0.031434,85.391,-28.744,-0.41029,-0.46422,0.66585,-2.4146,-0.41961,-0.1191,1.028,-4.53,31.738,-97.52,12
-3.6206,-1.2923,0.35738,0.21769,-0.15489,0.74415,-2.1594,2.8682,0.22263,-0.92495,0.17682,102.16,12.923,0.13633,-2.5386,-1.5054,-0.54402,-0.41961,-0.1191,1.028,-12.259,12.901,-101.46,12
-0.84482,-0.18327,1.3203,0.44375,0.10047,-2.1125,-2.8187,3.2754,0.22263,-0.92495,0.17682,110.86,28.983,4.9966,-1.3145,-1.942,0.79873,-0.46275,-0.19302,1.0022,-21.251,-6.6312,-103.61,12
0.65364,0.65146,1.1639,0.48561,0.17582,-1.5161,-4.1342,2.424,0.22263,-0.92495,0.17682,113.62,16.478,9.2511,-0.57415,-1.0252,1.48,-0.46275,-0.19302,1.0022,-30.631,-11.029,-99.058,12
1.3582,0.27238,0.38241,0.57352,0.23862,0.36981,-5.1762,1.1928,0.22263,-0.92495,0.17682,113.94,10.604,10.747,0.1887,-0.91983,1.0165,-0.46275,-0.19302,1.0022,-37.961,-7.9166,-85.518,12
1.6497,0.34289,0.69402,0.69074,0.3349,0.52266,-6.3362,1.0322,0.16327,-0.82176,0.44401,112.66,16.121,11.294,-0.16065,-0.84032,0.9684,-0.46275,-0.19302,1.0022,-43.49,-4.3026,-74.473,12
2.1435,0.39849,0.67797,0.85819,0.36839,1.9303,-7.0568,0.26021,0.16327,-0.82176,0.44401,110.18,27.889,9.7831,0.18784,-0.4644,0.56011,-0.44118,-0.32238,0.98707,-43.288,-2.0655,-68.354,12
1.9269,0.1189,1.1475,0.72004,0.23025,4.9451,-7.1528,-1.4228,0.16327,-0.82176,0.44401,104.03,46.85,4.0887,-0.39478,-0.42698,0.30157,-0.44118,-0.32238,0.98707,-39.857,-0.084942,-66.5,12
1.9567,0.14633,0.45527,0.64887,0.22187,4.2633,-6.2618,-3.4059,0.10019,-0.65854,0.64833,95.892,97.573,-1.4506,-0.3793,-0.16967,0.033183,-0.44118,-0.32238,0.98707,-34.34,-4.8717,-67.786,12
1.3601,0.68008,-0.99142,0.40188,0.046049,1.2062,-4.4296,-8.3032,0.10019,-0.65854,0.64833,73.441,102.94,0.82073,-0.11884,0.089315,-0.068451,-0.37647,-0.42505,0.94612,-28.098,-9.1175,-68.702,12
1.0607,1.5081,-1.2643,0.38932,0.016745,2.3105,-3.4784,-11.203,0.10019,-0.65854,0.64833,41.822,93.894,1.8321,0.25888,0.36914,-0.08571,-0.37647,-0.42505,0.94612,-21.8,-7.6949,-65.341,12
1.2086,2.1939,-1.0131,0.092098,-0.12977,1.9037,-2.9269,-10.513,0.10019,-0.65854,0.64833,14.087,54.538,-0.24992,-0.22898,0.45481,0.48107,-0.37647,-0.42505,0.94612,-15.829,-2.9847,-60.215,12
1.1731,1.4437,0.2352,0.52747,0.25955,16.613,-8.4128,-18.505,-0.070501,-0.57036,0.76424,-32.445,-55.639,-19.574,-0.19502,0.16446,0.44572,-0.37647,-0.42505,0.94612,-8.41,2.8074,-54.348,12
0.89816,0.041576,-3.2594,3.9393,2.5997,19.992,-18.877,23.225,-0.070501,-0.57036,0.76424,-130.67,245.89,-108.79,-0.66774,-0.95756,1.2438,-0.33333,-0.51745,0.92672,-1.8886,8.63,-46.333,12
-5.4675,4.1806,0.7131,-0.46886,-0.56515,-21.855,20.781,9.8205,-0.070501,-0.57036,0.76424,-99.83,-13.13,-65.837,-1.1502,-3.8969,2.3052,-0.33333,-0.51745,0.92672,5.2786,7.209,-36.068,12
-21.879,2.0382,1.5729,-0.80377,-0.54003,-8.3647,-19.489,-19.225,0.046382,-0.74296,0.56974,-111.92,51.211,-11.694,-2.3199,-9.711,3.8999,-0.33333,-0.51745,0.92672,15.294,3.3614,-29.692,12
-21.812,-1.3023,-16.833,0.25118,0.2135,2.8661,-19.165,7.2371,0.046382,-0.74296,0.56974,-95.256,-12.442,-19.76,-4.7874,-18.599,3.1117,-0.33922,-0.50513,0.92672,19.924,-0.44792,-24.868,12
-22.2,16.577,-11.255,0.3349,-0.07954,6.7356,-13.728,-4.4524,0.046382,-0.74296,0.56974,-34.766,-33.047,-14.414,-7.4907,-18.581,4.8834,-0.33922,-0.50513,0.92672,0.94055,-13.665,-22.588,12
-22.02,7.573,-15.687,0.34328,-0.075353,1.2769,-10.351,-15.317,0.10946,-0.84991,0.44794,12.576,0.42469,-10.068,-8.8004,-18.608,6.2154,-0.33922,-0.50513,0.92672,3.2505,-34.016,-22.7,12
-22.065,8.8259,-15.764,0.35583,-0.18001,5.1191,-14.432,-6.6079,0.10946,-0.84991,0.44794,49.67,-26.368,-1.0183,-5.5316,-18.584,6.5812,-0.33922,-0.50513,0.92672,5.9994,-46.381,-4.1093,12
-21.908,2.4664,-15.01,0.3977,-0.087912,-1.1345,-18.76,-5.6785,0.10946,-0.84991,0.44794,95.337,-4.8066,17.045,-2.9925,-18.591,3.9455,-0.27059,-0.50719,0.96552,1.6983,8.2532,28.471,12
-21.899,1.5325,-8.4831,0.20931,-0.23025,-0.012096,-19.28,-6.2037,0.10946,-0.84991,0.44794,133.02,-22.431,36.525,-5.4879,-18.609,4.1321,-0.27059,-0.50719,0.96552,-12.187,38.029,52.084,12
-14.488,0.18136,-5.3521,0.37677,0.012559,1.3301,-19.191,4.6371,0.087199,-0.71857,0.59136,173.41,-16.597,55.861,-7.6287,-18.588,6.1539,-0.27059,-0.50719,0.96552,-21.4,14.369,54.302,12
-4.2202,-1.6158,-1.2296,0.43537,0.15908,-7.1475,-19.28,1.6833,0.087199,-0.71857,0.59136,186.55,-18.196,69.323,-4.0829,-18.604,3.6323,-0.32157,-0.50513,0.92026,-25.442,-30.694,44.924,12
4.8159,-0.38963,1.3544,0.47724,0.13396,19.514,-19.338,-18.949,0.087199,-0.71857,0.59136,133.2,-163.17,36.486,1.8203,-10.462,0.81024,-0.32157,-0.50513,0.92026,-28.422,-41.487,33.42,12
9.4661,2.9564,0.69765,0.50235,0.10884,17.952,-8.5711,-18.499,0.06679,-0.44465,0.81729,96.433,-21.515,16.613,6.1699,-1.0498,0.020427,-0.32157,-0.50513,0.92026,-28.211,-20.394,19.495,12
9.1231,3.439,0.57267,0.69492,0.44375,-7.9094,-3.9347,-14.265,0.06679,-0.44465,0.81729,36.328,-10.639,10.491,6.9347,6.8456,0.56103,-0.32157,-0.50513,0.92026,-24.96,17.426,11.601,12
2.0321,-0.59562,-1.0326,0.77028,0.46468,9.6264,-0.1615,-18.131,0.06679,-0.44465,0.81729,-33.961,-13.605,6.8759,4.3532,9.5305,1.0494,-0.27843,-0.56057,0.93103,-16.884,35.08,6.5317,12
-1.3216,-1.0895,-2.477,0.78702,0.32234,6.5833,-3.0407,-10.013,0.06679,-0.44465,0.81729,-86.664,24.169,-5.2905,2.6121,5.873,0.30407,-0.27843,-0.56057,0.93103,-7.4619,25.802,-4.3784,12
-1.6308,0.22855,-1.2531,0.67399,0.50654,1.1922,-3.6426,-5.8473,0.072356,-0.45028,0.80747,-116.26,42.447,-11.664,1.4158,1.6194,-1.0649,-0.27843,-0.56057,0.93103,-2.2214,11.249,-20.735,12
0.86714,1.0877,0.1821,0.56096,0.4898,-1.1359,-5.9533,-4.2361,0.072356,-0.45028,0.80747,-135.5,28.694,-13.883,0.2082,-1.6639,-2.3853,-0.33137,-0.58316,0.8944,-0.4805,5.8101,-36.53,12
2.4703,0.22084,0.5883,0.33909,0.13396,-1.4126,-8.9629,-1.2435,0.072356,-0.45028,0.80747,-143.83,1.0714,-13.007,0.66868,-2.3849,-2.4942,-0.33137,-0.58316,0.8944,0.39241,3.3341,-47.318,12
1.6839,-0.35805,0.11514,0.18001,0.012559,-1.3192,-10.221,-1.3263,0.061224,-0.69606,0.62475,-145.92,-22.761,-9.5523,0.84492,-1.2973,-1.7315,-0.33137,-0.58316,0.8944,-0.40178,13.682,-47.798,12
0.60826,-0.61489,0.4815,-0.427,-0.3349,2.0243,-9.6143,-0.043806,0.061224,-0.69606,0.62475,-148.77,-40.164,-4.848,0.79762,0.04398,-1.602,-0.33137,-0.58316,0.8944,-1.9512,20.32,-38.87,12
0.4475,-0.6576,0.55134,3.0058,2.3025,1.9246,-8.2812,3.5635,0.061224,-0.69606,0.62475,-146.94,-16.879,-5.6947,0.28725,1.4893,-2.0714,-0.32353,-0.6037,0.875,-5.5332,21.186,-28.481,12
0.13847,0.14729,0.56062,2.0806,1.5782,-0.085283,-6.421,4.4385,0.061224,-0.69606,0.62475,-133.14,5.3681,-8.502,0.35782,2.4991,-2.0938,-0.32353,-0.6037,0.875,-9.5624,13.241,-28.483,12
0.71277,-0.28481,0.91121,-0.99634,-0.78702,-2.0609,-2.4671,6.7519,0.10019,-0.88743,0.33202,-115.35,-12.975,-5.7884,0.16168,2.4081,-1.1921,-0.32353,-0.6037,0.875,-13.017,8.8545,-35.006,12
-0.7039,-0.66354,1.0034,-0.11722,-0.2135,-1.2474,2.7099,9.6022,0.10019,-0.88743,0.33202,-85.637,-6.2996,-3.4191,-0.7502,1.8107,0.069702,-0.32353,-0.64066,0.86207,-15.873,10.589,-45.911,12
-0.18908,-0.14202,0.88195,0.11303,-0.020931,-0.75603,3.0315,10.082,0.10019,-0.88743,0.33202,-55.954,6.4311,-0.099638,-0.82307,1.4628,1.2815,-0.32353,-0.64066,0.86207,-16.771,10.482,-57.48,12
-1.5514,-0.20851,1.1181,0.14652,0.016745,-0.065874,3.6278,10.306,0.12987,-0.95497,0.11591,-37.179,32.115,-0.15476,-0.51867,1.3517,2.1718,-0.32353,-0.64066,0.86207,-14.375,16.738,-64.715,12
-1.1562,-0.77496,-1.4382,0.096285,-0.03349,0.040771,5.4335,-18.04,0.12987,-0.95497,0.11591,-22.559,12.886,-6.1712,-1.2602,0.23595,2.5951,-0.32353,-0.64066,0.86207,-11.604,24.521,-64.015,12
-1.0353,-1.2631,-0.98736,0.14233,0.041863,14.773,-11.793,-9.9627,0.12987,-0.95497,0.11591,-39.013,-162.91,-41.314,-2.0321,-1.2551,3.4893,-0.29804,-0.67967,0.81034,-7.5757,32.372,-55.349,12
-7.3705,0.84745,1.8236,0.16745,0.050235,-9.2023,-19.088,19.87,0.14842,-0.98124,0.049116,-36.849,218.53,0.86044,-3.1871,-4.5491,6.085,-0.29804,-0.67967,0.81034,-2.6731,37.898,-42.31,12
-21.429,-19.956,-10.649,0.083726,-0.0083726,9.7073,-19.233,-0.54167,0.14842,-0.98124,0.049116,-23.528,27.758,-15.969,-5.111,-9.9964,8.3648,-0.29804,-0.67967,0.81034,4.4365,30.728,-26.211,12
-21.869,1.5332,-16.599,0.38095,-0.0041863,-0.71328,-19.409,-13.186,0.14842,-0.98124,0.049116,-9.3646,10.002,-12.755,-8.2167,-18.546,10.406,-0.32353,-0.72895,0.79095,11.265,13.42,-7.8511,12
-21.879,3.0268,-16.475,0.3349,-0.12977,-2.0939,-19.391,-10.418,0.14842,-0.98124,0.049116,-11.72,2.686,-6.4303,-14.795,-18.553,13.677,-0.32353,-0.72895,0.79095,1.161,-27.524,25.569,12
-21.821,-2.3923,-16.931,0.16327,-0.30979,1.1249,-19.285,-3.7342,0.18367,-0.96623,0.027505,-13.282,-10.326,-2.5171,-12.112,-18.604,7.6115,-0.32353,-0.72895,0.79095,12.194,-73.2,42.492,12
-21.791,-5.9272,-10.891,0.3349,-0.21769,0.7894,-19.252,0.50361,0.18367,-0.96623,0.027505,30.266,-12.963,1.9774,-8.3313,-18.608,5.2467,-0.32353,-0.72895,0.79095,-2.0203,-76.353,57.763,12
-21.82,-2.4253,-6.5656,0.64469,0.050235,-0.19637,-19.145,11.218,0.18367,-0.96623,0.027505,61.915,-48.693,18.008,-4.419,-18.535,8.4795,-0.32353,-0.72895,0.79095,-26.451,-59.782,75.159,12
-7.6549,-0.084771,-3.2182,0.56934,0.0041863,4.0428,-15.702,10.005,0.16327,-0.96623,0.078585,67.811,-44.715,20.014,-3.6001,-18.438,16.151,-0.32353,-0.72895,0.79095,-44.241,-97.318,78.789,12
-0.83173,-0.33294,2.1595,0.57771,0.16745,4.2365,-6.2778,-3.0319,0.16327,-0.96623,0.078585,58.241,-33.61,26.155,4.0145,-11.719,15.091,-0.32353,-0.72895,0.79095,-23.658,-121.6,48.396,12
5.7535,1.2157,1.3515,0.38095,0.18838,6.6715,-8.4719,-5.6069,0.16327,-0.96623,0.078585,11.431,-47.637,10.06,10.349,-0.14601,7.3989,-0.16078,-0.73511,0.82543,0.71529,-54.144,12.83,12
7.6764,2.0365,0.99381,0.37258,0.15071,16.972,0.23246,-1.5062,0.16327,-0.96623,0.078585,-1.1598,-41.456,-3.4583,10.932,5.4047,1.4682,-0.16078,-0.73511,0.82543,9.2876,31.094,-21.064,12
2.5963,-1.532,1.2516,0.28048,0.071167,5.879,0.78364,8.0667,0.13915,-0.95872,0.13163,20.144,109.52,-15.64,2.4239,6.5602,2.0155,-0.16078,-0.73511,0.82543,9.2783,66.072,-44.157,12
-0.92789,-3.1003,1.0262,-0.52329,-0.25118,-8.9714,2.2312,12.23,0.13915,-0.95872,0.13163,45.471,53.307,-5.4829,-5.7764,5.2879,3.7852,-0.16471,-0.71458,0.83405,4.2422,11.292,-46.237,12
-0.88922,-2.0036,0.48283,2.943,1.955,-0.59411,0.16987,7.0859,0.13915,-0.95872,0.13163,68.915,-5.4598,1.2737,-4.4239,3.4664,2.6421,-0.16471,-0.71458,0.83405,0.92141,-51.486,-47.842,12
0.1942,-1.1239,0.46727,2.4783,1.9801,-0.051776,-1.2894,3.7371,0.12801,-0.92308,0.2554,89.642,-6.034,2.3079,-2.5933,0.55924,2.9238,-0.16471,-0.71458,0.83405,-1.3693,-83.072,-50.821,12
0.027873,-1.3937,1.0114,-1.0549,-0.68237,-1.2048,-2.4594,2.5733,0.12801,-0.92308,0.2554,102.82,-7.0833,2.1991,-0.42128,-1.1391,2.0889,-0.16471,-0.71458,0.83405,-2.2203,-78.406,-57.022,12
-0.43955,-0.74994,0.81672,-0.19676,-0.25118,-1.1087,-3.9153,1.5432,0.12801,-0.92308,0.2554,109.29,-13.02,3.1392,-0.73368,-1.9622,0.77689,-0.019608,-0.7269,0.83836,0.12886,-40.974,-50.129,12
0.30352,-0.024723,0.75567,0.092098,-0.096285,-0.79242,-5.1652,1.3067,0.12801,-0.92308,0.2554,113.05,-16.176,4.1056,-2.0412,-1.5843,-0.43338,-0.019608,-0.7269,0.83836,2.6002,-9.2749,-35.595,12
0.85602,0.6333,1.1623,0.0041863,-0.20931,0.58792,-5.9921,1.7792,0.12801,-0.92308,0.2554,114.91,-16.378,2.4832,-2.8538,-0.51036,-1.0359,-0.019608,-0.7269,0.83836,6.4135,-4.9688,-18.595,12
1.468,-0.16552,0.84826,0.1214,-0.12559,1.4221,-6.0547,1.4615,0.12801,-0.92308,0.2554,115.14,-1.5183,0.88707,-3.2549,0.21094,-0.90612,0.037255,-0.73511,0.84914,9.2654,-7.0372,-4.7985,12
1.6595,-0.1449,0.99749,0.07954,-0.19676,0.49135,-6.0772,0.20105,0.12801,-0.92308,0.2554,111.22,8.9796,-0.87114,-2.544,0.64918,-2.0821,0.037255,-0.73511,0.84914,11.961,-6.7702,6.4441,12
1.3546,-0.051856,0.47954,0.046049,-0.35165,0.3606,-6.2359,-1.8082,0.12616,-0.62852,0.67583,103.1,25.207,-1.1597,-0.93633,1.1483,-3.1718,0.037255,-0.73511,0.84914,13.106,-0.0056933,12.537,12
1.0293,0.048759,0.19386,0.10466,-0.23025,3.1716,-6.5022,-5.6684,0.12616,-0.62852,0.67583,89.462,33.601,-3.7125,-0.38736,1.2649,-3.5097,0.037255,-0.73511,0.84914,11.246,11.474,15.273,12
0.90158,0.37579,-0.31355,0.28467,-0.037677,2.4758,-4.2061,-10.706,0.12616,-0.62852,0.67583,60.646,48.017,-5.8778,-0.53014,1.5615,-3.849,0.039216,-0.69815,0.88147,7.198,19.622,9.334,12
1.0153,1.7595,-1.1995,0.29723,-0.14233,2.4976,-1.9957,-12.439,0.06679,-0.48593,0.77996,25.819,38.641,-6.2419,-1.3898,1.5049,-3.5081,0.039216,-0.69815,0.88147,1.8158,20.002,5.6125,12
0.30804,2.2746,-0.89002,0.36839,-0.087912,3.6333,-1.8235,-15.024,0.06679,-0.48593,0.77996,-7.8951,19.895,-13.605,-1.011,1.7412,-2.8817,0.039216,-0.69815,0.88147,-2.7433,12.922,0.89895,12
0.11327,1.4072,-0.19967,0.47305,0.07954,19.596,-19.368,-18.95,0.06679,-0.48593,0.77996,-222.76,-335.2,-71.558,-0.43616,0.59009,-1.9913,-0.0039216,-0.70021,0.87284,-5.8913,3.3314,0.57088,12
-2.2249,2.1529,-3.3747,0.59864,0.13396,-21.336,-19.138,22.819,0.06679,-0.48593,0.77996,-164.56,248.25,-62.106,1.5533,-1.3499,-0.99458,-0.0039216,-0.70021,0.87284,-3.9767,-2.6975,-1.4966,12
-11.444,10.577,-5.5007,0.72841,0.12559,8.9762,-19.344,-14.586,0.06308,-0.61538,0.68173,-208.56,-125.99,-21.409,1.7541,-5.3535,-0.35101,-0.0039216,-0.70021,0.87284,1.7656,-2.9714,-4.9891,12
-21.525,-15.144,-17.258,0.71586,0.40607,-7.3036,9.9389,-5.1178,0.06308,-0.61538,0.68173,-99.73,23.199,-2.9993,1.8199,-15.017,-2.6571,-0.0039216,-0.70021,0.87284,7.2313,4.9932,-19.761,12
-22.056,9.8674,-15.87,0.80377,0.74516,9.134,-19.328,-12.052,0.06308,-0.61538,0.68173,-55.137,10.093,-15.304,0.11707,-18.577,-2.7101,0.011765,-0.68583,0.89224,-3.6196,15.059,-22.245,12
-22.005,6.84,-16.111,0.43956,0.11303,-0.9095,-18.451,-11.442,0.13358,-0.78799,0.48134,-9.515,-4.6755,-13.76,-1.4428,-18.587,2.2894,0.011765,-0.68583,0.89224,-2.3172,1.6776,2.1029,12
-21.949,4.5092,-16.299,0.23443,-0.071167,-0.93898,-18.11,-9.967,0.13358,-0.78799,0.48134,34.512,0.57231,-7.1895,-3.1529,-18.604,2.6323,0.011765,-0.68583,0.89224,2.8162,-23.584,21.953,12
-22.018,7.9869,-15.66,-0.36421,-0.36421,3.6821,-19.3,-6.1886,0.13358,-0.78799,0.48134,80.197,-8.5084,4.2531,-0.22796,-18.629,0.14149,0.017647,-0.67556,0.8944,10.225,-36.71,59.777,12
-21.905,2.338,-11.263,1.6033,0.70748,-1.0606,-19.348,-8.0613,0.13358,-0.78799,0.48134,129.48,-13.221,22.074,0.23945,-18.621,-1.1081,0.017647,-0.67556,0.8944,8.2859,-15.22,83.35,12
-19.875,2.3296,-6.3693,3.7091,2.6374,1.268,-19.264,-1.6484,0.1577,-0.71295,0.5835,178.33,-20.682,42.383,0.3315,-18.608,0.15291,0.017647,-0.67556,0.8944,2.6356,-5.7429,81.699,12
-4.9219,-1.887,-3.0856,-0.88749,-0.43119,-5.3333,-19.314,-4.6857,0.1577,-0.71295,0.5835,212.33,36.959,58.299,0.41776,-18.637,0.28689,0.017647,-0.67556,0.8944,-5.6392,-7.3663,56.279,12
2.7593,-2.1085,1.4839,-0.26374,-0.1842,10.933,-18.388,-18.977,0.1577,-0.71295,0.5835,160.08,-169.49,43.226,1.4773,-14.381,0.88511,-0.011765,-0.68172,0.88578,-12.661,-9.3468,32.692,12
11.871,2.3929,1.8785,0.016745,-0.13815,9.5052,-8.9087,-18.59,0.13729,-0.41276,0.81925,109.2,-21.642,12.318,2.5176,-3.6205,0.95439,-0.011765,-0.68172,0.88578,-15.224,-14.297,25.109,12
9.9486,6.6081,-0.35264,-0.12559,-0.43956,-0.57355,-3.9668,-18.464,0.13729,-0.41276,0.81925,20.592,-70.848,11.552,3.9,6.9568,-0.31883,-0.011765,-0.68172,0.88578,-14.281,-27.724,26.345,12
0.39978,0.21309,-0.70714,-0.096285,-0.79958,10.265,-0.80606,-18.229,0.13729,-0.41276,0.81925,-71.474,-14.698,11.822,6.818,13.11,-0.96948,-0.0098039,-0.72074,0.87716,-5.3704,-16.39,25.327,12
-4.2149,-1.8802,-2.0534,-0.07954,-0.17582,5.6114,-6.4731,-11.663,0.17069,-0.4334,0.79175,-127.81,38.893,0.43569,4.3526,9.7732,-0.67801,-0.0098039,-0.72074,0.87716,-3.4749,11.579,11.006,12
-4.0682,-0.63018,-0.64619,-0.096285,0.13396,0.40765,-10.28,-6.2495,0.17069,-0.4334,0.79175,-164.84,48.254,-10.606,3.1485,2.4989,-1.1146,-0.0098039,-0.72074,0.87716,-3.4328,15.79,-21.526,12
0.21465,1.3886,0.74603,-0.075353,-0.22606,-1.9818,-13.391,-3.4081,0.17069,-0.4334,0.79175,-179.35,29.316,-14.311,-0.044128,-1.7063,-1.627,-0.0098039,-0.72074,0.87716,-1.3957,22.011,-50.79,12
2.6882,0.94417,1.2008,0.062794,-0.42282,-3.3167,-14.038,-0.80797,0.17069,-0.4334,0.79175,-180.76,-1.8621,-9.4975,-2.5706,-2.5546,-1.4611,-0.015686,-0.7269,0.84914,2.2205,24.564,-64.1,12
1.1111,0.001215,0.98958,0.058608,0.066981,1.043,-12.425,2.0767,0.15955,-0.7242,0.58546,-179.97,-16.916,-5.7552,-2.5231,-1.876,-1.6042,-0.015686,-0.7269,0.84914,6.7139,25.075,-62.932,12
0.65003,-0.17832,0.29974,0.15489,0.14233,2.7276,-10.924,3.6686,0.15955,-0.7242,0.58546,-171.92,-10.574,-9.2985,-2.0914,-1.4813,-1.1261,-0.015686,-0.7269,0.84914,8.7873,34.922,-38.08,12
-0.16478,0.15804,0.19317,0.062794,0.13396,-1.3943,-6.893,6.7352,0.15955,-0.7242,0.58546,-157.93,29.102,-12.428,-1.3462,-0.36008,-1.0076,-0.041176,-0.73306,0.86638,10.134,43.958,-4.208,12
0.18434,-0.1262,0.68338,0.29723,0.37258,-4.8999,0.35086,9.3435,0.18182,-0.91182,0.21807,-134.93,12.358,-9.1134,-0.20049,1.1297,-0.026847,-0.041176,-0.73306,0.86638,9.0722,45.463,18.138,12
1.7315,-1.7261,1.6131,0.46468,0.35165,-0.90076,-0.61953,10.325,0.18182,-0.91182,0.21807,-105.33,0.13584,-2.9453,-0.20233,1.8878,0.78189,-0.041176,-0.73306,0.86638,6.0181,45.252,30.354,12
2.0206,-2.5437,1.8448,0.39351,0.30979,-2.4955,-0.58184,12.113,0.18182,-0.91182,0.21807,-75.155,20.752,2.1614,-0.46169,2.2663,1.6342,-0.041176,-0.73306,0.86638,4.3242,37.451,28.954,12
0.54274,-1.8843,2.1041,0.18838,0.13396,-2.326,0.74462,14.066,0.18182,-0.91182,0.21807,-51.976,-3.3335,5.6905,-1.6065,2.9523,2.2309,-0.13333,-0.68172,0.86207,3.1229,25.037,20.39,12
-1.5152,-1.5105,2.0641,-0.062794,-0.071167,-2.1801,2.586,10.087,0.18367,-0.96623,0.045187,-27.089,0.087404,6.4572,-2.2186,3.8766,2.6626,-0.13333,-0.68172,0.86207,1.0131,11.542,11.818,12
-3.299,-2.2241,0.92615,-0.13396,-0.10884,7.8646,-2.4975,15.6,0.18367,-0.96623,0.045187,-35.731,-72.854,-0.28844,-2.6008,3.09,3.9982,-0.13333,-0.68172,0.86207,0.96199,6.4323,8.9802,12
-5.7904,-3.9128,-0.3732,-0.61957,-0.43119,20.002,-18.917,23.14,0.18367,-0.96623,0.045187,-179.4,-127.56,-66.853,-2.2536,0.39322,5.3217,-0.17843,-0.67967,0.88147,4.1458,1.6504,5.8426,12
-18.794,-6.2366,-1.1929,0.025118,-0.012559,-21.389,-19.223,16.335,0.24675,-0.95872,-0.023576,-17.843,-9.7298,-49.041,-3.6304,-4.7175,7.2537,-0.17843,-0.67967,0.88147,11.727,5.7788,8.841,12
-21.571,-13.897,-17.766,3.0016,2.1057,4.5781,-19.208,3.9083,0.24675,-0.95872,-0.023576,9.1145,-60.275,-33.057,-6.0601,-13.116,9.3754,-0.17843,-0.67967,0.88147,24.639,4.2546,14.53,12
-21.813,-1.2923,-6.7268,-0.89168,-0.83726,-4.7134,-16.857,-5.5463,0.24675,-0.95872,-0.023576,-0.037589,-56.146,-22.814,-10.036,-18.576,10.405,-0.17843,-0.67967,0.88147,21.963,-11.972,22.581,12
-21.804,-2.2259,-11.337,-1.0591,-1.0256,-1.481,-17.962,-14.017,0.24675,-0.95872,-0.023576,8.7096,-5.0412,-13.544,-10.543,-18.544,11.614,-0.18235,-0.65503,0.91164,15.021,-41.848,40.791,12
-21.73,-4.9061,-12.936,-0.26792,-0.47305,7.3657,-16.371,-9.3907,0.30798,-0.93246,-0.082515,28.933,14.206,-1.7308,-6.2391,-18.558,10.155,-0.18235,-0.65503,0.91164,28.875,-38.907,58.367,12
-21.716,-7.1172,-6.9669,-0.56515,-0.90842,6.6267,-19.274,-7.6266,0.30798,-0.93246,-0.082515,49.079,3.3624,6.6327,-2.7531,-18.587,8.2998,-0.18235,-0.65503,0.91164,24.714,-6.1119,85.032,12
-21.721,-5.8472,-5.6841,-0.19257,-0.41026,-2.9596,-19.328,-6.1002,0.30798,-0.93246,-0.082515,57.647,-14.154,15.872,-0.92292,-18.551,7.9475,-0.15882,-0.58316,0.95474,14.968,6.6829,84.348,12
-20.55,-3.8183,-8.4173,-0.22187,-0.43537,-1.4721,-19.207,5.0145,0.2987,-0.93433,0.011788,94.584,-9.9367,30.098,-2.715,-18.533,6.6775,-0.15882,-0.58316,0.95474,-5.3543,21.128,74.772,12
-7.4595,-3.2857,-4.1378,-0.36421,-0.56096,2.0057,-19.075,19.254,0.2987,-0.93433,0.011788,103.37,-46.722,32.022,-5.1625,-15.351,8.8679,-0.15882,-0.58316,0.95474,-24.181,5.577,43.504,12
-1.3537,1.524,-0.22073,-0.36421,-0.51491,3.8321,-14.848,10.202,0.2987,-0.93433,0.011788,96.837,-57.849,27.213,-3.3269,-9.32,10.003,-0.15882,-0.58316,0.95474,-29.562,-11.858,0.61037,12
4.0795,2.0865,1.493,-0.23443,-0.36839,8.4899,-15.33,-9.192,0.23191,-0.90432,0.18468,38.131,-107.54,10.558,-0.64806,-3.7016,8.8358,-0.21176,-0.59959,0.9181,-23.988,6.9396,-19.683,12
6.6146,1.5908,1.0695,-0.092098,-0.1842,5.7099,-5.0037,-1.3598,0.23191,-0.90432,0.18468,-4.7258,-94.999,7.1051,3.0779,1.4293,4.9256,-0.21176,-0.59959,0.9181,-10.135,27.833,-21.781,12
5.8554,1.6732,0.15059,-0.13815,-0.25955,15.097,-0.015378,-0.54772,0.23191,-0.90432,0.18468,-8.1406,-23.221,-11.438,1.6576,4.1204,2.0394,-0.21176,-0.59959,0.9181,-2.621,61.058,-12.937,12
1.0502,0.014695,0.5908,-0.083726,-0.1214,-2.4709,1.8411,9.8486,0.23191,-0.90432,0.18468,25.21,137.73,-16.023,-3.4232,5.7685,1.8509,-0.26275,-0.6386,0.875,-0.6785,57.823,-7.812,12
-0.60622,-1.5072,0.62224,0.012559,-0.020931,-9.4753,1.6269,10.216,0.25417,-0.90807,0.18271,52.213,32.138,-7.5705,-4.6397,4.7607,1.0714,-0.26275,-0.6386,0.875,-5.2846,10.138,-7.7883,12
-1.0318,-1.4401,0.5546,0.083726,0.025118,-2.5692,0.20408,6.547,0.25417,-0.90807,0.18271,74.475,-18.176,2.4441,-3.7864,1.7496,1.9625,-0.26275,-0.6386,0.875,-11.626,-31.545,-8.2203,12
-1.3742,-1.4944,0.59182,0.096285,0.050235,-0.58027,-1.857,4.4013,0.25417,-0.90807,0.18271,93.538,-19.467,4.8174,-1.3396,-0.4719,2.8097,-0.26275,-0.6386,0.875,-14.612,-60.823,-17.013,12
-1.5037,-0.57303,1.2537,0.03349,0.0083726,-2.3814,-2.6026,2.1169,0.25232,-0.84803,0.34185,105.44,-11.88,5.0806,0.2682,-0.90306,2.6944,-0.23922,-0.66119,0.87716,-14.862,-49.909,-33.011,12
0.17715,-0.27145,1.0598,-0.26374,-0.21769,-3.1388,-4.7649,0.74079,0.25232,-0.84803,0.34185,110.02,-17.431,8.7963,-1.4667,-0.42636,1.3641,-0.23922,-0.66119,0.87716,-16.677,-33.908,-31.763,12
1.3049,-0.59973,0.67234,-0.28885,-0.25118,-1.8046,-5.4572,0.81326,0.25232,-0.84803,0.34185,112.15,-14.883,10.027,0.14952,0.28587,0.58721,-0.23922,-0.66119,0.87716,-15.581,-32.093,-30.677,12
1.82,-0.59648,0.86211,-0.57771,-0.43956,-0.73029,-5.8743,0.68857,0.25232,-0.84803,0.34185,111.97,0.3482,10.167,-1.0547,1.0614,0.1364,-0.14706,-0.68583,0.85345,-15.823,-38.282,-32.786,12
1.6936,0.67531,0.8292,-0.4898,-0.35165,0.51826,-6.981,-1.073,0.25603,-0.70544,0.5501,107.69,15.804,8.3663,0.047346,0.50254,-0.74571,-0.14706,-0.68583,0.85345,-14.123,-47.804,-39.516,12
0.66607,1.0401,0.69361,3.5458,2.5327,3.0813,-6.3901,-3.3616,0.25603,-0.70544,0.5501,101.56,47.425,2.1121,0.67171,-0.2298,-0.98024,-0.14706,-0.68583,0.85345,-10.892,-29.92,-44.684,12
0.24684,0.78953,0.081584,-0.60701,-0.66562,1.89,-4.2797,-9.1534,0.25603,-0.70544,0.5501,80.303,85.435,0.71418,0.85429,-0.23731,-1.7306,-0.14706,-0.68583,0.85345,-7.1712,-16.942,-49.794,12
-0.059319,0.94574,-0.69383,-1.3271,-1.0968,3.0309,-3.3034,-14.499,0.16512,-0.55535,0.73084,41.66,84.354,1.2093,1.5943,0.55007,-1.9933,-0.031373,-0.73511,0.87284,-1.2817,-2.4998,-51.625,12
-0.35828,1.2474,-0.85615,-0.44375,-0.51491,5.2293,-2.1091,-13.876,0.16512,-0.55535,0.73084,1.2423,70.997,0.70819,1.2587,1.9107,-1.9253,-0.031373,-0.73511,0.87284,3.5274,11.622,-50.226,12
0.39555,1.4346,-1.6498,-0.35165,-0.39351,6.9548,-2.5678,-13.215,0.16512,-0.55535,0.73084,-38.084,37.996,-6.1118,0.22066,1.3287,-1.1315,-0.031373,-0.73511,0.87284,6.3312,22.708,-45.949,12
0.98989,0.50566,-0.080807,-0.31816,-0.3977,11.143,-5.1346,-18.406,0.072356,-0.57411,0.72888,-77.498,-7.8489,-22.037,-0.48716,0.215,-0.49967,-0.031373,-0.72074,0.85991,9.9512,25.644,-39.047,12
1.1727,-0.050084,-2.9098,-0.26374,-0.33909,19.983,-18.906,23.244,0.072356,-0.57411,0.72888,-81.359,333.11,-31.718,-1.298,-0.76809,0.19076,-0.031373,-0.72074,0.85991,14.237,23.337,-29.552,12
-5.1358,1.2341,-0.26787,-0.16327,-0.3056,-17.076,12.045,6.5148,0.072356,-0.57411,0.72888,-89.741,-93.415,-41.138,-1.1807,-3.8004,0.95581,-0.031373,-0.72074,0.85991,18.133,17.967,-18.229,12
-21.925,3.3142,-3.8491,-0.19257,-0.12559,-5.6082,-19.376,-12.848,0.072356,-0.57411,0.72888,-89.444,39.977,-14.917,-1.6407,-8.631,0.90178,-0.031373,-0.72074,0.85991,23.139,15.863,-5.833,12
-21.623,-11.766,-17.712,0.0083726,0.17582,-2.798,-19.196,7.1268,0.13544,-0.79362,0.49509,-82.154,14.4,-17.26,-3.7812,-18.614,-0.42029,-0.033333,-0.68788,0.90086,19.148,11.705,10.013,12
-21.972,5.1795,-7.597,-0.012559,-0.18001,0.8121,-9.0664,-13.57,0.13544,-0.79362,0.49509,-28.258,-17.699,-20.759,-4.1118,-18.594,3.5911,-0.033333,-0.68788,0.90086,8.2032,-5.5327,17.548,12
-21.841,-1.8999,-14.676,-0.025118,-0.28467,5.377,-10.242,-12.333,0.13544,-0.79362,0.49509,24.243,-14.371,-7.8447,-3.8947,-18.557,4.343,-0.033333,-0.68788,0.90086,14.825,-25.593,32.682,12
-21.912,2.6523,-16.435,-0.10466,-0.47305,1.3011,-15.715,-10.096,0.1744,-0.80488,0.4558,74.272,-7.3482,3.2056,-4.5462,-18.623,3.746,-0.039216,-0.6653,0.91595,8.243,-37.458,37.363,12
-21.865,1.84,-10.919,0.10884,-0.24699,1.8398,-17.446,-7.9581,0.1744,-0.80488,0.4558,120.24,-2.8538,17.249,-2.1799,-18.625,2.5375,-0.039216,-0.6653,0.91595,9.4142,-28.063,52.454,12
-21.836,0.36962,-7.2825,0.24699,0.13815,-0.15355,-19.308,-6.092,0.1744,-0.80488,0.4558,161.01,-3.2615,36.062,-1.2862,-18.619,0.079456,-0.039216,-0.6653,0.91595,-1.6065,-17.028,74.145,12
-12.115,0.19098,-1.9197,0.16327,0.037677,-1.9923,-19.217,5.0192,0.1744,-0.80488,0.4558,199.71,3.324,57.733,-0.35866,-18.622,-0.17067,-0.039216,-0.6653,0.91595,-13.484,-19.808,74.658,12
-1.98,-2.0077,0.80878,0.20931,0.14652,-8.2163,-19.339,-4.2366,0.11503,-0.60788,0.7112,208.65,-38.6,66.776,2.7015,-17.957,-0.7312,-0.037255,-0.65503,0.92241,-20.178,-24.961,60.857,12
5.9566,0.15138,2.9399,0.075353,0.012559,19.616,-19.338,-18.937,0.11503,-0.60788,0.7112,120.65,-47.629,15.668,4.0547,-5.8454,-0.54227,-0.037255,-0.65503,0.92241,-24.062,-18.407,40.858,12
9.097,4.2397,-0.73421,-0.066981,-0.14233,2.4907,7.4746,-15.903,0.11503,-0.60788,0.7112,71.98,107.35,1.383,7.116,3.3369,-1.3123,-0.037255,-0.65503,0.92241,-21.324,-13.95,17.403,12
5.3638,5.0417,-0.83045,-0.37677,-0.70748,3.0839,2.9865,-17.195,0.06679,-0.34146,0.85265,-14.388,-52.7,4.278,6.7036,9.1749,-1.51,-0.011765,-0.70021,0.86853,-17.967,16.566,5.2512,12
-0.50966,2.2509,-1.3553,-0.52329,-0.53585,6.837,0.2457,-15.034,0.06679,-0.34146,0.85265,-78.802,4.8247,3.4037,3.8555,8.46,-2.0041,-0.011765,-0.70021,0.86853,-11.102,38.766,-0.24869,12
-3.1398,0.93189,-1.3793,3.2988,2.2104,3.7533,-3.9734,-8.2341,0.06679,-0.34146,0.85265,-113.13,31.957,-7.5808,0.97827,3.6285,-2.1519,-0.011765,-0.70021,0.86853,-9.9468,46.613,-12.939,12
-2.5621,-0.68241,-0.98773,0.84982,0.83726,0.48192,-7.0377,-4.7637,0.06679,-0.34146,0.85265,-131.3,24.432,-15.511,-0.8101,0.38874,-2.1264,-0.011765,-0.70021,0.86853,-10.352,41.968,-24.092,12
1.7295,-0.61494,0.59729,-1.4401,-1.1261,-3.9072,-9.5381,-3.3181,0.070501,-0.49531,0.75442,-141.71,15.546,-17.668,-2.3765,-1.6357,-1.5714,-0.092157,-0.72074,0.86422,-9.7384,31.546,-31.196,12
3.8854,0.17243,0.78394,-0.45631,-0.28885,-4.0623,-10.989,-1.913,0.070501,-0.49531,0.75442,-146.13,-33.585,-14.635,-2.5779,-1.5123,-1.2319,-0.092157,-0.72074,0.86422,-9.8601,19.378,-32.16,12
2.2209,-0.44067,-0.1765,-0.35165,-0.20513,2.3215,-8.8132,-0.1362,0.070501,-0.49531,0.75442,-146.64,-48.442,-9.5697,-2.0583,-0.99393,-0.39345,-0.092157,-0.72074,0.86422,-10.608,16.376,-24.564,12
1.1035,-1.1326,0.22438,-0.42282,-0.29723,2.406,-8.0996,2.9107,0.13729,-0.76735,0.5167,-143.17,-20.587,-11.217,-1.3492,-1.0501,-0.010839,-0.11961,-0.74949,0.82543,-12.238,14.939,-6.5313,12
0.21773,-1.7954,-0.035275,-0.38095,-0.2763,-0.79263,-7.445,1.0469,0.13729,-0.76735,0.5167,-141.16,3.6135,-11.787,-1.4099,-0.22595,0.40537,-0.11961,-0.74949,0.82543,-14.077,10.604,11.887,12
-0.25726,-1.7836,0.32369,-0.38514,-0.34328,0.5064,-8.1313,2.7131,0.13729,-0.76735,0.5167,-140.04,-30.893,-13.196,-1.5074,0.42771,0.77139,-0.11961,-0.74949,0.82543,-16.731,-3.4051,23.887,12
-0.3822,-1.0921,0.74382,-0.40607,-0.44375,0.16034,-5.1904,4.7212,0.17069,-0.93058,0.23772,-124.87,-24.806,-13.272,-0.91562,0.5434,1.3397,-0.11961,-0.74949,0.82543,-18.315,-18.18,33.029,12
-0.32161,-0.081008,0.7085,-0.33909,-0.26374,-0.65999,-1.5547,5.9157,0.17069,-0.93058,0.23772,-109.64,-24.775,-9.5363,-0.42431,-0.27764,2.2361,-0.13725,-0.77618,0.78448,-15.333,-25.229,38.935,12
-1.2247,0.62976,0.44615,-0.23862,-0.17582,-0.67371,1.9618,8.0601,0.17069,-0.93058,0.23772,-100.47,-12.757,-8.2526,-0.12511,-0.64282,2.7179,-0.13725,-0.77618,0.78448,-9.2572,-28.057,34.391,12
-2.7717,1.21,1.4773,-0.18838,-0.16745,2.1596,1.5265,1.1604,0.17069,-0.93058,0.23772,-82.569,-34.771,-15.461,0.93114,-1.6482,2.178,-0.13725,-0.77618,0.78448,-1.363,-28.58,26.251,12
-6.5753,0.98796,2.71,-0.10884,-0.14652,2.1527,1.224,-18.199,0.2449,-0.94934,-0.021611,-48.845,-15.842,-32.487,1.4541,-2.1741,1.5892,-0.1,-0.78439,0.79741,4.6872,-16.02,17.943,12
-20.757,-1.5624,0.13307,0.046049,0.19257,19.956,-18.974,18.449,0.2449,-0.94934,-0.021611,-21.441,279.48,-55.468,0.88447,-5.9051,3.486,-0.1,-0.78439,0.79741,10.431,1.828,11.743,12
-21.537,-16.075,-18.068,0.1842,0.12977,12.175,-19.01,16.848,0.2449,-0.94934,-0.021611,-12.644,-93.085,-41.818,-0.057847,-12.742,5.8421,-0.1,-0.78439,0.79741,18.122,16.917,3.8034,12
-21.747,-2.0401,-10.668,0.16327,-0.071167,-7.6485,-19.364,-8.7009,0.32282,-0.92308,-0.05501,0.62484,-6.4283,-14.811,-2.3501,-18.578,8.1961,-0.1,-0.78439,0.79741,13.32,39.325,-10.596,12
-22.018,7.4857,-16.042,0.22187,-0.025118,-9.3243,-19.479,-17.213,0.32282,-0.92308,-0.05501,-1.1129,-0.53933,-5.0229,-6.7743,-18.567,7.3321,-0.11373,-0.75359,0.80388,4.9051,41.677,-19.813,12
-21.768,-2.9984,-16.88,0.062794,-0.037677,-2.0765,-19.363,-7.6244,0.32282,-0.92308,-0.05501,-0.32387,7.7097,16.812,-10.76,-18.598,7.2159,-0.11373,-0.75359,0.80388,4.8699,38.154,-45.41,12
-21.739,-5.9891,-10.707,-0.13396,-0.39351,13.287,-19.154,1.3835,0.32282,-0.92308,-0.05501,23.987,-1.1573,18.724,-8.4647,-18.613,9.6943,-0.11373,-0.75359,0.80388,-4.7087,49.778,-35.971,12
-21.781,-3.3599,-7.0077,-0.69492,-0.69074,4.9385,-19.195,4.2459,0.30983,-0.92871,-0.045187,71.348,10.663,28.481,-9.7602,-18.568,10.197,-0.18627,-0.76386,0.80603,-6.5049,49.694,-28.064,12
-12.895,-0.19042,-4.9645,-0.5191,-0.24699,4.1596,-19.158,5.99,0.30983,-0.92871,-0.045187,79.31,-21.894,33.842,-12.586,-18.589,10.071,-0.18627,-0.76386,0.80603,-5.3296,5.6427,-21.824,12
-1.3405,3.3867,0.38902,2.1015,0.99634,5.8337,-12.959,4.0875,0.30983,-0.92871,-0.045187,79.569,-51.254,25.184,-9.9773,-16.403,8.7111,-0.18627,-0.76386,0.80603,-5.3682,-34.129,-6.2643,12
5.1756,3.848,3.199,1.6033,1.3229,4.1208,-16.491,-9.5125,0.22263,-0.93433,0.096267,28.134,-47.437,6.8381,-3.7147,-5.3805,6.9497,-0.18627,-0.76386,0.80603,3.1567,-43.392,19.631,12
10.987,-1.355,-0.98511,-1.4108,-0.49398,14.817,-5.7314,-10.763,0.22263,-0.93433,0.096267,-12.913,-77.302,-8.7811,3.4833,3.9756,2.5634,-0.18627,-0.76386,0.80603,18.302,-19.018,40.267,12
7.8089,-0.54694,-1.1334,-0.63632,-0.55678,8.9232,-11.284,-4.6833,0.22263,-0.93433,0.096267,-29.764,177.91,-24.705,5.4784,9.7547,0.4669,-0.18627,-0.76386,0.80603,25.093,31.72,39.174,12
0.46922,0.27633,0.10908,-0.59027,-0.3977,-14.945,2.348,14.999,0.22263,-0.93433,0.096267,1.1439,105.13,-14.061,0.71905,9.0501,1.015,-0.18627,-0.76386,0.80603,22.023,65.882,22.164,12
-2.5203,-1.7628,-0.99023,-0.62376,-0.35583,-7.1764,1.9,10.794,0.22263,-0.93433,0.096267,27.496,-46.147,-1.9644,-5.1953,5.3207,2.0681,-0.22549,-0.74538,0.79957,16.996,47.923,-0.1393,12
-2.2128,-2.4905,0.37585,-0.61538,-0.32653,-3.1276,0.60673,6.2178,0.22263,-0.93433,0.096267,57.992,-45.901,4.3497,-5.6007,0.086606,1.6606,-0.22549,-0.74538,0.79957,13.582,-6.2325,-28.908,12
-0.62437,-1.1047,0.75321,-0.56934,-0.28885,-5.0963,-0.98217,6.7333,0.22263,-0.93433,0.096267,81.709,-25.771,8.003,-2.157,-2.3532,-0.31557,-0.22549,-0.74538,0.79957,10.449,-32.333,-46.76,12
-0.098761,0.39259,1.0459,-0.56096,-0.32653,-1.6861,-1.3705,5.5292,0.26345,-0.9212,0.19253,97.935,-9.6032,8.6712,-0.77753,-2.8779,-0.78973,-0.20588,-0.72485,0.82328,7.2416,-29.884,-41.073,12
0.51193,1.6761,1.593,-0.56515,-0.36839,-1.5785,-3.125,4.328,0.26345,-0.9212,0.19253,107.83,12.5,9.6953,0.79109,-2.9206,-1.0627,-0.20588,-0.72485,0.82328,4.1497,-15.911,-26.112,12
1.9206,0.93787,1.0634,-0.41444,-0.2428,1.7872,-4.6965,3.6164,0.26345,-0.9212,0.19253,112.42,26.215,7.3019,0.89419,-1.6957,-0.57437,-0.20588,-0.72485,0.82328,2.3347,0.079178,-7.8963,12
2.1536,0.39975,0.56229,-0.30141,-0.092098,1.4122,-6.2041,2.3602,0.22263,-0.80113,0.44204,115.91,46.364,5.299,0.6934,-0.51276,-0.27564,-0.20588,-0.72485,0.82328,2.2469,9.251,1.7575,12
2.1472,-0.28982,0.82655,-0.31816,-0.050235,2.6226,-7.1781,1.0007,0.22263,-0.80113,0.44204,113.86,52.072,1.2424,0.11587,0.71234,0.23353,-0.18235,-0.73511,0.85345,1.3406,8.385,4.9971,12
1.1703,-0.93832,0.052394,-0.21769,-0.0041863,3.3265,-7.3589,-1.2409,0.22263,-0.80113,0.44204,110.66,76.875,-0.24019,-0.043085,1.1107,0.06595,-0.18235,-0.73511,0.85345,0.18681,0.72766,0.35747,12
0.632,-0.28677,0.016296,-0.07954,0.07954,1.8872,-6.9109,-5.9413,0.22263,-0.80113,0.44204,101.62,107.24,0.21413,0.49428,1.2311,-0.88636,-0.18235,-0.73511,0.85345,-0.4197,-6.0638,-7.89,12
0.52964,0.28556,-0.75325,0.041863,0.046049,3.7208,-5.0254,-9.4745,0.10019,-0.63415,0.67976,79.351,109.3,2.3705,0.90223,1.6272,-1.2832,-0.18627,-0.71869,0.8319,-0.6199,-8.1302,-15.094,12
0.20689,1.2718,-1.7171,-0.083726,-0.10466,5.0051,-2.4175,-10.071,0.10019,-0.63415,0.67976,45.053,96.797,2.46,1.1456,1.8785,-1.1457,-0.18627,-0.71869,0.8319,0.82856,-6.9102,-18.687,12
0.49126,2.7096,-1.7772,-0.31397,-0.23025,5.6385,-2.4368,-10.013,0.10019,-0.63415,0.67976,11.682,67.773,1.686,1.3143,1.3674,-1.265,-0.18627,-0.71869,0.8319,3.6027,1.2071,-20.879,12
1.4859,2.4748,-0.53517,-0.38095,-0.17582,19.469,-7.1347,-18.422,-0.077922,-0.55347,0.75442,-58.669,-17.395,-23.905,0.91481,1.0217,-0.83433,-0.18627,-0.71869,0.8319,6.5711,10.789,-21.637,12
1.3968,2.886,-4.3718,-0.37677,-0.1842,-12.845,-19.088,22.917,-0.077922,-0.55347,0.75442,-84.066,333.32,16.386,0.61519,-0.23428,-0.42838,-0.14706,-0.71869,0.84052,11.128,17.647,-20.893,12
-7.619,3.172,-1.5882,-1.1763,-0.67399,-13.176,-7.7658,18.47,-0.077922,-0.55347,0.75442,-111.26,-99.254,-45.7,0.56919,-2.3751,0.48541,-0.14706,-0.71869,0.84052,18.159,20.54,-15.005,12
-21.898,1.9944,-9.2205,2.2355,1.8755,4.7582,-19.399,-19.089,-0.077922,-0.55347,0.75442,-115.13,-22.885,-19.114,-0.23425,-8.0816,-1.1645,-0.14706,-0.71869,0.84052,25.41,27.528,-16.735,12
-21.91,2.0473,-16.542,1.6996,2.0555,-5.0174,-19.273,-0.60759,0.018553,-0.79737,0.51473,-71.911,9.1595,-21.741,-3.5452,-18.679,-5.934,-0.18431,-0.68172,0.88147,16.713,37.576,-18.814,12
-21.987,6.3964,-16.172,-1.4108,-1.0424,2.4858,-19.281,-4.3767,0.018553,-0.79737,0.51473,-24.441,-16.086,-9.5956,-7.4686,-18.682,-3.1528,-0.18431,-0.68172,0.88147,-14.093,9.0574,-33.946,12
-21.82,-0.92795,-13.873,-0.49398,-0.35583,0.41466,-16.774,-11.022,0.018553,-0.79737,0.51473,30.036,-6.7224,-2.4094,-9.3192,-18.655,0.5256,-0.18431,-0.68172,0.88147,-29.415,-68.996,-14.339,12
-21.865,1.3208,-16.576,-0.55678,-0.5191,1.3619,-16.075,-9.4776,0.057514,-0.82176,0.45383,75.819,-18.189,11.797,-9.8831,-18.667,1.3271,-0.18431,-0.68172,0.88147,-43.76,-138.99,-4.5394,12
-21.714,-3.1897,-8.8029,-0.34746,-0.26374,-0.18891,-19.313,-6.5717,0.057514,-0.82176,0.45383,122.25,-18.654,34.394,-2.8837,-18.647,-0.6615,-0.072549,-0.7269,0.86207,-36.338,-150.85,32.551,12
-18.893,-1.3263,-4.4457,-0.36421,-0.23443,0.79507,-19.246,3.1186,0.057514,-0.82176,0.45383,164.07,-26.044,54.555,4.8906,-18.585,-2.4917,-0.072549,-0.7269,0.86207,-30.913,-111.03,63.669,12
-6.2249,-3.4005,-1.5271,-0.39351,-0.19257,-8.646,-19.309,-0.23943,-0.025974,-0.6379,0.7112,180.97,2.594,56.816,6.8848,-18.596,-0.62773,-0.072549,-0.7269,0.86207,-20.077,-32.828,72.851,12
2.6595,0.35939,1.0639,-0.49817,-0.35583,19.545,-19.318,-18.948,-0.025974,-0.6379,0.7112,125.91,-282.54,45.04,4.5834,-13.885,1.5141,0.05098,-0.79671,0.80819,-14.136,22.649,54.725,12
8.6626,4.7511,2.2381,-0.40188,-0.28467,12.909,-1.9945,-18.262,-0.025974,-0.6379,0.7112,94.366,10.616,13.302,2.007,-0.33454,4.5458,0.05098,-0.79671,0.80819,-12.102,10.642,35.753,12
12.094,5.4179,-0.40712,-0.23025,-0.46468,-7.996,-2.0983,-8.8411,-0.025974,-0.6379,0.7112,34.981,-6.5883,1.2422,3.224,8.8359,5.5876,0.05098,-0.79671,0.80819,-10.039,-34.386,17.833,12
4.443,1.5849,-0.50999,-0.3056,-0.2428,11.4,-0.90272,-16.014,0.029685,-0.42777,0.82711,-34.934,-7.1736,3.2235,5.7911,13.166,6.575,0.05098,-0.79671,0.80819,1.679,-47.54,2.675,12
-3.7981,0.0069472,-1.4625,-0.20513,0.14233,2.7967,-2.0312,-8.0736,0.029685,-0.42777,0.82711,-77.939,65.183,-7.3182,4.5174,9.7085,4.85,0.017647,-0.80903,0.78448,9.5303,-34.401,-18.599,12
-5.034,-0.32214,-2.1132,-0.050235,0.427,2.6048,-3.4082,-5.1756,0.029685,-0.42777,0.82711,-108.99,55.952,-13.243,3.4312,4.6773,1.7339,0.017647,-0.80903,0.78448,9.522,-17.276,-48.373,12
-1.8942,1.2741,-1.0222,0.0,0.2135,-0.18206,-6.0581,-2.836,-0.022263,-0.58724,0.72299,-124.77,52.073,-16.784,3.9411,0.69066,-0.93422,0.017647,-0.80903,0.78448,11.619,12.855,-82.207,12
1.6268,0.48059,0.032726,0.016745,0.40607,-1.8429,-7.8546,-0.30699,-0.022263,-0.58724,0.72299,-131.96,15.081,-17.569,-2.5426,-2.9825,-1.2533,0.086275,-0.78029,0.80819,16.417,43.88,-96.5,12
1.635,0.5757,0.63076,0.0,0.23025,-1.5321,-7.2497,0.76803,-0.022263,-0.58724,0.72299,-128.79,-25.134,-14.922,-6.1217,-3.4911,-0.11206,0.086275,-0.78029,0.80819,18.753,26.098,-93.749,12
-0.12786,0.33249,-0.04376,-0.041863,0.28467,-0.89238,-5.0127,2.6884,-0.022263,-0.58724,0.72299,-128.72,-46.786,-11.532,-5.5464,-2.051,0.89745,0.086275,-0.78029,0.80819,27.726,7.8216,-61.257,12
0.10708,-0.80839,0.13777,-0.23025,0.10047,0.88185,-4.0039,3.569,0.0018553,-0.79925,0.50688,-119.25,-40.275,-14.095,-4.722,-2.0824,-0.23954,0.086275,-0.78029,0.80819,31.969,1.19,-12.369,12
0.9788,-1.465,0.0049913,-0.22606,0.066981,1.892,-1.145,2.3367,0.0018553,-0.79925,0.50688,-101.01,3.579,-14.321,-2.9701,-0.75079,-0.079206,0.098039,-0.73717,0.83836,35.002,-18.607,25.435,12
1.4225,-1.4293,0.91347,-1.3522,-0.44375,1.0965,-2.1443,2.4038,0.0018553,-0.79925,0.50688,-82.682,31.836,-17.712,0.42887,0.016988,-0.30123,0.098039,-0.73717,0.83836,39.329,-16.843,42.832,12
1.7766,-0.44501,0.82311,2.248,1.5531,-0.63454,-2.59,4.3642,0.06679,-0.92495,0.29666,-70.434,32.814,-16.813,1.3815,0.52109,-0.89061,0.098039,-0.73717,0.83836,42.89,16.076,53.405,12
-0.10489,0.19385,1.7227,2.6164,2.3904,-1.87,-1.7304,6.1656,0.06679,-0.92495,0.29666,-65.928,31.852,-16.605,1.9341,1.4604,-1.9582,0.094118,-0.66324,0.90086,43.066,51.675,56.301,12
-1.6349,-0.070791,0.39363,-1.5908,-0.55259,-2.1228,-0.6483,6.4568,0.06679,-0.92495,0.29666,-60.235,32.712,-13.841,1.2254,1.6759,-1.4058,0.094118,-0.66324,0.90086,41.225,83.051,52.341,12
-0.96059,-0.45554,1.159,-0.64887,-0.23443,-2.5517,-0.91893,5.1369,0.06679,-0.92495,0.29666,-47.155,28.545,-10.598,-0.92539,1.746,-0.40228,0.094118,-0.66324,0.90086,41.56,98.561,42.806,12
-0.90263,-0.32313,0.097234,-0.52329,-0.11722,7.7407,-6.6634,-1.9849,0.087199,-0.96435,0.15914,-58.631,-78.313,-25.173,-3.5727,1.4029,0.28889,0.094118,-0.66324,0.90086,42.067,95.431,38.876,12
-3.9583,0.43856,0.67105,-0.45212,-0.087912,19.788,-19.103,3.5344,0.087199,-0.96435,0.15914,-127.7,-96.521,-51.459,-6.3351,-1.2707,1.926,-0.13137,-0.56263,0.95905,42.416,76.395,41.24,12
-20.8,1.613,3.7557,-0.3349,0.15908,-21.487,-19.342,4.443,0.087199,-0.96435,0.15914,-41.421,152.16,-27.244,-8.6388,-6.2429,4.7087,-0.13137,-0.56263,0.95905,45.008,48.339,51.319,12
-21.481,-19.91,-18.392,-0.29723,-0.29723,-0.43236,-19.281,-2.3121,0.17625,-0.96623,0.039293,-28.212,-18.8,-16.275,-9.1898,-15.425,7.4683,-0.13137,-0.56263,0.95905,48.621,32.678,67.794,12
-21.679,-7.9604,-7.4533,-0.54422,-0.43119,-9.9367,-19.459,-15.166,0.17625,-0.96623,0.039293,-19.774,-3.105,3.3125,-13.513,-18.574,12.613,-0.26667,-0.43326,1.0065,40.042,36.475,75.887,12
-21.845,-0.15271,-12.635,-0.50235,-0.44375,-3.1758,-19.392,-10.439,0.17625,-0.96623,0.039293,-2.3934,16.171,13.595,-13.326,-18.543,13.708,-0.26667,-0.43326,1.0065,40.936,18.152,77.533,12
-21.743,-4.7736,-12.061,-0.23443,-0.087912,2.2018,-19.31,-6.2768,0.18182,-0.96248,0.0039293,23.409,4.72,13.915,-10.804,-18.537,12.302,-0.26667,-0.43326,1.0065,22.222,31.924,74.854,12
-21.722,-8.3676,-6.1741,-0.2428,-0.2135,3.0128,-19.265,-3.7039,0.18182,-0.96248,0.0039293,56.622,-20.75,13.938,-10.638,-18.546,12.437,-0.26667,-0.43326,1.0065,-6.5885,59.286,59.925,12
-21.786,-4.1347,-5.2879,-0.41026,-0.3349,-4.3338,-19.18,10.706,0.18182,-0.96248,0.0039293,108.19,-22.733,27.789,-12.132,-18.524,14.584,-0.37647,-0.36756,0.99784,-38.139,28.148,36.14,12
-10.566,-3.0077,-3.7339,-0.29304,-0.058608,1.5418,-15.642,12.004,0.18182,-0.96248,0.0039293,125.49,-57.035,28.796,-8.0244,-18.48,16.972,-0.37647,-0.36756,0.99784,-53.5,-35.803,14.089,12
0.88846,-0.98854,-1.2679,0.054422,0.20094,0.56305,-10.687,-3.3621,0.1243,-0.93809,0.18664,95.613,-44.626,19.89,-3.0802,-12.561,13.862,-0.37647,-0.36756,0.99784,-46.018,-59.616,-0.3242,12
8.2067,1.283,4.1471,0.025118,0.025118,7.8486,-12.099,-9.891,0.1243,-0.93809,0.18664,32.087,-102.34,7.4524,0.41964,-1.0829,8.7063,-0.36863,-0.43326,0.96983,-31.491,-7.2905,-16.441,12
11.845,4.2179,0.15856,0.016745,0.12977,8.1025,1.8594,-2.1802,0.1243,-0.93809,0.18664,4.8007,-50.69,2.4311,0.97297,6.4807,6.074,-0.36863,-0.43326,0.96983,-19.776,51.111,-8.4879,12
4.4353,2.4796,0.9179,-0.23862,-0.22606,3.4763,-4.2113,3.6263,0.12801,-0.89869,0.25933,8.2848,18.449,-5.4007,0.082526,9.1553,5.5307,-0.36863,-0.43326,0.96983,-10.4,91.047,1.7696,12
-3.316,0.64839,0.53204,-0.31816,-0.17164,-5.9664,2.2554,9.6989,0.12801,-0.89869,0.25933,30.364,11.623,-1.3007,-7.2235,6.9912,6.1204,-0.36863,-0.43326,0.96983,-4.3834,64.352,6.128,12
-3.8485,-2.0174,-0.086831,-0.46049,-0.15489,-0.70884,1.1868,5.8127,0.12801,-0.89869,0.25933,53.618,-17.417,5.7396,-8.625,3.4801,4.0073,-0.46078,-0.4846,0.89871,0.031713,3.1713,8.6332,12
-2.8477,-1.0473,0.87416,-1.2768,-0.36839,-0.0091588,-0.89781,3.2884,0.12801,-0.89869,0.25933,74.338,-14.872,7.0314,-5.747,0.068784,1.8784,-0.46078,-0.4846,0.89871,3.2495,-52.07,4.9178,12
-0.76013,-0.37743,1.6292,1.4359,1.1763,-0.54375,-1.3622,1.4056,0.15028,-0.89118,0.35756,86.795,-17.382,6.9516,-1.6832,-1.2182,0.17867,-0.46078,-0.4846,0.89871,7.0007,-71.92,1.9422,12
0.10104,0.5036,1.2559,2.7881,2.6164,-0.63022,-2.0271,0.25692,0.15028,-0.89118,0.35756,90.571,-14.851,7.428,1.1862,-2.1383,-0.82566,-0.40196,-0.47639,0.93966,10.288,-48.368,1.0505,12
-0.22404,1.1009,0.79382,-1.7122,-0.85819,-1.3653,-2.5472,0.72357,0.15028,-0.89118,0.35756,91.09,-5.6815,8.1917,1.592,-1.6385,-1.8528,-0.40196,-0.47639,0.93966,11.007,-12.383,6.8422,12
0.96858,1.0662,0.41175,-0.82889,-0.43119,-0.85341,-3.305,2.17,0.141,-0.76548,0.52456,91.408,-6.4187,9.6357,0.74136,-1.4224,-2.2378,-0.40196,-0.47639,0.93966,9.6155,10.024,13.81,12
2.1221,0.46251,0.31531,-0.57352,-0.25955,1.2537,-4.4507,-0.51208,0.141,-0.76548,0.52456,91.653,-6.0541,7.4627,0.35811,-0.32495,-2.4954,-0.40196,-0.47639,0.93966,6.9358,11.356,17.354,12
2.0545,0.81201,-0.3585,-0.59027,-0.32653,2.1258,-4.1073,-4.7883,0.141,-0.76548,0.52456,83.623,-1.0197,4.3984,0.26872,0.21969,-3.0307,-0.36863,-0.45996,0.96983,3.251,1.9417,15.93,12
1.2231,0.45974,-0.30599,-0.55259,-0.27211,2.876,-2.6934,-7.9497,0.10946,-0.62289,0.6778,60.777,18.842,1.7706,1.3738,0.75621,-3.3789,-0.36863,-0.45996,0.96983,-0.97111,-7.3441,8.7183,12
0.57133,1.2317,-0.37336,-0.4898,-0.2428,1.3428,-1.6659,-7.1845,0.10946,-0.62289,0.6778,37.348,41.828,0.56637,2.3646,0.8523,-3.7699,-0.36863,-0.45996,0.96983,-4.9542,-10.683,-2.5193,12
-0.097688,0.84402,-0.66088,-0.4898,-0.3056,2.5174,-1.7644,-6.1464,0.10946,-0.62289,0.6778,17.206,59.277,-1.947,2.8653,0.38029,-2.9706,-0.35882,-0.4538,0.95043,-7.8113,-9.1377,-14.144,12
-0.2553,0.64365,0.026349,-0.43956,-0.28467,4.146,-2.8184,-6.589,0.10946,-0.62289,0.6778,-8.6815,71.096,-5.4435,2.8644,0.051693,-1.8307,-0.35882,-0.4538,0.95043,-8.65,-3.2385,-23.967,12
0.036696,-0.31963,-0.3235,-0.39351,-0.23443,2.9905,-6.0414,-11.074,0.016698,-0.57786,0.73281,-36.047,76.324,-7.8345,2.99,-0.46179,-0.17934,-0.35882,-0.4538,0.95043,-6.4494,1.3824,-31.551,12
1.3247,-0.071695,-2.617,-0.3056,-0.25118,19.586,-19.338,-18.948,0.016698,-0.57786,0.73281,-344.91,-360.04,-145.49,2.6855,-0.88221,0.77881,-0.35882,-0.4538,0.95043,-0.28654,7.2527,-37.262,12
0.088166,1.1473,-0.49675,-0.35583,-0.34328,-21.44,-11.432,23.162,0.016698,-0.57786,0.73281,-118.21,6.1362,-78.938,2.7613,-1.3094,1.0595,-0.3451,-0.48255,0.95043,7.893,17.31,-39.726,12
-5.765,2.8968,-1.5077,-0.2135,-0.1842,19.583,-19.31,-16.113,0.079777,-0.79174,0.52063,-150.95,-100.33,-46.483,2.9415,-3.3327,1.7292,-0.3451,-0.48255,0.95043,18.571,43.772,-32.557,12
-21.878,-0.041004,-5.6563,-0.10047,0.37258,-21.657,-10.084,-7.4395,0.079777,-0.79174,0.52063,-69.732,86.202,-10.146,-7.4763,-9.6657,6.4334,-0.3451,-0.48255,0.95043,31.817,75.787,-12.035,12
-21.841,-1.4035,-16.842,0.32653,0.50235,8.887,-19.331,-12.263,0.079777,-0.79174,0.52063,-57.439,2.2258,-16.767,-10.642,-18.587,8.2686,-0.44314,-0.43943,0.93103,36.189,46.218,-6.2366,12
-21.928,4.4583,-9.1672,0.0,-0.07954,1.9115,-16.406,-9.947,0.079777,-0.79174,0.52063,-16.438,-4.7898,-17.661,-9.7472,-18.616,6.4442,-0.44314,-0.43943,0.93103,21.275,44.903,-25.655,12
-21.874,-0.24688,-10.317,-0.1842,-0.18838,-0.24227,-13.348,-12.066,0.13358,-0.86492,0.37917,29.232,0.44163,-11.7,-16.159,-18.648,6.1822,-0.44314,-0.43943,0.93103,14.974,25.196,-42.552,12
-21.877,0.89707,-14.614,-0.44793,-0.38932,4.1778,-15.075,-8.5245,0.13358,-0.86492,0.37917,69.609,-14.458,2.2156,-12.796,-18.599,6.0596,-0.44314,-0.43943,0.93103,0.46715,10.809,-25.731,12
-21.785,-3.1842,-9.4234,-0.3977,-0.41444,1.0676,-18.872,-5.985,0.13358,-0.86492,0.37917,109.85,-16.144,20.62,-12.979,-18.625,6.4958,-0.46667,-0.40862,0.91595,-14.695,20.673,-16.385,12
-21.492,-1.6432,-5.6532,-1.1052,-0.69074,0.52624,-19.342,-5.4931,0.13358,-0.78424,0.50098,143.93,-25.843,39.948,-13.913,-18.647,6.3281,-0.46667,-0.40862,0.91595,-25.48,1.3756,-14.964,12
-10.047,-1.7142,-2.2595,1.6452,1.281,2.8805,-19.161,6.6437,0.13358,-0.78424,0.50098,176.49,-2.8659,55.518,-10.523,-18.61,3.9862,-0.46667,-0.40862,0.91595,-33.501,-28.771,-24.931,12
-2.48,-1.2545,-0.26028,2.1266,1.9089,-5.5248,-17.779,5.2537,0.13358,-0.78424,0.50098,164.59,4.9596,67.221,-5.2927,-15.85,2.0409,-0.46078,-0.47639,0.89224,-36.103,-37.568,-36.086,12
6.6917,2.2857,1.3531,-1.6075,-1.0842,19.616,-19.328,-18.937,0.13358,-0.78424,0.50098,122.1,-104.34,33.522,-0.59314,-6.6833,0.66583,-0.46078,-0.47639,0.89224,-34.045,-29.287,-40.821,12
9.388,3.8319,-0.065654,-0.65725,-0.62376,15.649,-2.519,-18.24,0.06679,-0.54409,0.76424,80.086,-3.7366,7.9595,3.0441,1.9787,-0.13023,-0.46078,-0.47639,0.89224,-29.216,-13.122,-34.749,12
6.2264,3.328,-1.3215,-0.64469,-0.78284,-11.472,-0.24551,-9.6999,0.06679,-0.54409,0.76424,22.162,-33.433,1.3341,3.9279,7.2233,0.32991,-0.46078,-0.47639,0.89224,-23.26,7.9058,-31.23,12
-0.21598,0.69777,-1.3056,-0.67399,-0.36421,8.2087,0.92078,-11.882,0.06679,-0.54409,0.76424,-46.782,-63.018,7.0492,1.7663,7.0079,0.78789,-0.3902,-0.5462,0.875,-13.654,17.009,-36.905,12
-1.9115,0.12114,-0.89436,-0.65306,-0.29304,5.9256,-1.9245,-6.3078,0.092764,-0.4803,0.77407,-80.629,5.21,-1.9027,0.67033,1.9002,0.022094,-0.3902,-0.5462,0.875,-8.1627,9.5807,-48.274,12
-1.3352,0.094415,-0.67571,-0.67399,-0.31397,1.6725,-2.9813,-3.0803,0.092764,-0.4803,0.77407,-99.645,39.162,-11.819,0.55525,-0.91869,-0.86885,-0.3902,-0.5462,0.875,-5.6234,12.17,-59.079,12
0.42144,0.64526,0.54228,-0.66981,-0.84144,-0.36582,-4.5383,-2.3452,0.092764,-0.4803,0.77407,-111.22,45.883,-16.993,-0.63889,-2.8409,-1.09,-0.39412,-0.61191,0.84914,-6.1118,17.187,-65.998,12
2.0816,-0.039334,-0.045645,-0.60283,-0.3056,-2.8196,-6.6121,-0.81714,0.072356,-0.67167,0.6444,-116.05,36.94,-18.683,-0.368,-2.7282,-0.82391,-0.39412,-0.61191,0.84914,-7.5275,19.24,-61.715,12
1.5811,0.23824,-0.020664,-0.46049,-0.1842,-4.0304,-6.1185,0.02877,0.072356,-0.67167,0.6444,-111.96,12.312,-16.643,-0.43052,-1.857,-0.69702,-0.39412,-0.61191,0.84914,-10.411,18.121,-49.487,12
0.80391,-0.2963,0.13123,-0.43956,-0.35583,0.14797,-4.9541,-0.36081,0.072356,-0.67167,0.6444,-110.77,-6.2317,-13.884,-0.22143,-0.39155,-0.15499,-0.39412,-0.61191,0.84914,-11.405,8.465,-36.053,12
0.3831,-0.97331,0.74398,-0.36421,-0.17164,0.11564,-5.0352,1.4265,0.072356,-0.67167,0.6444,-104.62,3.982,-14.398,-0.2861,0.69305,0.30549,-0.39608,-0.65914,0.81897,-11.531,-4.1356,-25.821,12
-0.073013,-0.89481,0.51947,-0.28467,-0.11303,-3.0935,-3.5902,2.3625,0.085343,-0.81989,0.44401,-96.002,-0.87484,-12.934,0.10588,1.8253,0.52876,-0.39608,-0.65914,0.81897,-11.834,-16.462,-24.621,12
-0.007163,-0.65195,0.54132,-0.18001,-0.012559,-3.2177,-1.6421,3.1149,0.085343,-0.81989,0.44401,-89.306,-24.245,-7.4952,0.45362,2.1848,0.48424,-0.39608,-0.65914,0.81897,-12.241,-21.223,-29.274,12
-0.17779,-0.20152,0.78186,-0.083726,-0.046049,-0.89487,-0.82574,3.5643,0.085343,-0.81989,0.44401,-82.546,-23.578,-4.1739,0.59929,1.9371,0.71144,-0.33529,-0.69815,0.7931,-11.503,-19.285,-34.333,12
-0.37654,0.14004,0.7705,-0.14233,-0.083726,-0.23018,-0.22454,3.2886,0.14657,-0.93433,0.24951,-76.96,6.2742,-3.8626,0.3434,1.7696,0.96348,-0.33529,-0.69815,0.7931,-10.205,-15.163,-38.32,12
-0.7686,0.046037,0.68835,-0.34746,-0.18838,-2.1451,3.3547,-8.0933,0.14657,-0.93433,0.24951,-73.197,5.8696,-2.9238,-0.00089211,0.94714,1.714,-0.33529,-0.69815,0.7931,-8.1823,-10.33,-43.021,12
-1.4716,-0.1581,1.2068,-0.50654,-0.25536,5.167,-9.3411,11.439,0.14657,-0.93433,0.24951,-82.449,-40.276,-19.449,-0.25047,0.14966,1.9658,-0.33529,-0.69815,0.7931,-4.3347,-2.5936,-45.909,12
-4.0112,1.0641,0.68525,-0.4898,-0.25118,14.24,-18.985,20.276,0.14657,-0.93433,0.24951,-46.128,281.2,-38.83,-0.73727,-2.6288,3.1186,-0.28235,-0.70842,0.78879,0.63387,9.527,-44.848,12
-14.521,1.7959,1.8458,-1.7248,-0.50235,7.5376,-19.064,17.351,0.16327,-0.94371,0.092338,-22.445,-117.39,-34.019,-1.6675,-6.9842,4.5779,-0.28235,-0.70842,0.78879,9.9258,23.097,-39.744,12
-21.44,-19.899,-18.38,1.5699,1.1177,-0.60628,-19.301,-3.3982,0.16327,-0.94371,0.092338,-11.204,-4.2916,-17.626,-3.9548,-14.095,3.5244,-0.28235,-0.70842,0.78879,16.169,37.052,-35.426,12
-22.019,8.011,-16.047,2.5118,2.1559,-11.207,-19.485,-17.784,0.16327,-0.94371,0.092338,-30.386,-36.21,-9.997,-7.7483,-18.622,4.8189,-0.28824,-0.72074,0.78233,6.4063,48.174,-40.065,12
-21.864,0.25846,-13.366,-1.775,-1.0926,6.694,-15.609,-6.4114,0.22263,-0.95872,0.02947,-22.715,5.7317,11.075,-12.054,-18.607,6.3405,-0.28824,-0.72074,0.78233,1.8382,4.2887,-41.161,12
-21.732,-4.3243,-14.558,-0.74516,-0.55678,11.406,-15.182,-7.2804,0.22263,-0.95872,0.02947,14.523,14.901,15.289,-9.9698,-18.608,6.1946,-0.28824,-0.72074,0.78233,-11.331,-20.012,-34.323,12
-21.743,-5.2514,-9.7358,-0.74097,-0.66981,-4.5213,-19.36,-9.2424,0.22263,-0.95872,0.02947,20.76,31.902,11.964,-8.2963,-18.583,7.7375,-0.28824,-0.72074,0.78233,-25.944,-9.156,-15.951,12
-21.819,-1.9892,-8.758,-0.93354,-0.77028,-3.3194,-19.32,-3.3013,0.22263,-0.95872,0.02947,35.379,-3.2896,12.024,-8.4944,-18.56,9.9991,-0.27255,-0.75565,0.76293,-30.641,-12.055,16.114,12
-16.165,1.1933,-7.2084,-0.79958,-0.56934,-2.4518,-19.187,7.0578,0.22263,-0.95872,0.02947,70.035,17.098,24.114,-7.106,-18.579,9.0606,-0.27255,-0.75565,0.76293,-23.315,-51.401,27.124,12
-4.0711,1.5328,-2.8094,-0.81633,-0.58608,2.1941,-18.682,13.994,0.22263,-0.95872,0.02947,75.511,-22.406,22.09,-2.2828,-15.733,5.6717,-0.27255,-0.75565,0.76293,-17.038,-70.071,35.739,12
1.5403,3.2857,0.24308,-0.92517,-0.67818,2.5247,-9.6639,-0.051697,0.22263,-0.95872,0.02947,70.756,-48.23,18.115,2.968,-5.7502,3.9833,-0.21176,-0.78029,0.76078,-11.77,-45.892,26.938,12
5.9982,3.1225,-0.19266,-0.56515,-0.38514,6.3654,-10.101,-3.1497,0.12616,-0.92308,0.19646,26.134,-64.848,7.3408,2.4403,0.13611,4.611,-0.21176,-0.78029,0.76078,-11.707,-3.7405,13.522,12
8.0307,2.5057,0.89919,-0.427,-0.33909,6.6265,-1.8376,-6.536,0.12616,-0.92308,0.19646,-4.1763,-16.289,0.82361,-0.65617,3.4173,5.7334,-0.21176,-0.78029,0.76078,-12.141,6.6916,3.6614,12
4.8632,0.27334,0.76144,-0.49398,-0.3977,8.9834,-9.7959,-5.3375,0.12616,-0.92308,0.19646,-30.473,58.47,-13.107,-2.6454,3.1081,5.8117,-0.21176,-0.78029,0.76078,-15.769,-14.922,-1.6102,12
0.098854,-1.4074,0.43123,-0.46468,-0.29304,-8.5541,1.6298,10.506,0.12245,-0.93621,0.21022,-0.91386,89.55,-5.6391,-3.1716,0.16665,4.6646,-0.21176,-0.78029,0.76078,-19.412,-56.066,0.17242,12
-1.9059,-2.1776,0.69876,-0.38514,-0.1214,-6.7997,2.5795,12.405,0.12245,-0.93621,0.21022,24.465,4.7095,2.7825,-1.5704,-1.8969,3.3114,-0.21176,-0.78029,0.76078,-17.753,-87.647,1.6044,12
-1.8457,-2.1593,0.95303,-0.41444,-0.12559,-3.4555,2.9756,8.4476,0.12245,-0.93621,0.21022,58.488,-8.1078,11.898,0.16131,-3.429,2.0994,-0.21176,-0.78029,0.76078,-11.366,-95.32,2.8919,12
-1.0164,-1.7032,1.6257,-0.23443,-0.10047,-3.4675,-0.67658,4.619,0.12245,-0.93621,0.21022,86.119,-11.687,17.442,2.0291,-2.6641,0.58554,-0.10196,-0.83368,0.7306,-0.751,-75.1,2.902,12
0.59098,-1.266,1.9387,-0.33072,-0.18001,-3.0719,-2.9189,3.1567,0.10575,-0.9137,0.3222,102.19,-24.508,23.165,2.407,-2.1551,-0.51401,-0.10196,-0.83368,0.7306,9.4325,-44.182,1.3525,12
2.3949,-0.55405,1.2343,-0.47305,-0.29723,-1.4418,-4.6914,2.1468,0.10575,-0.9137,0.3222,110.69,-30.832,22.625,1.6743,-1.4333,-1.3321,-0.10196,-0.83368,0.7306,16.914,-14.161,-1.6862,12
2.7814,0.32287,0.79748,-0.66981,-0.44793,1.1884,-5.9036,1.7167,0.10575,-0.9137,0.3222,112.22,-27.728,19.967,0.92425,-0.097757,-1.7757,-0.047059,-0.83162,0.75,22.847,4.6578,-1.3947,12
2.2067,0.27319,0.14038,-0.73679,-0.53585,2.9901,-6.8179,1.3765,0.061224,-0.7955,0.53438,106.75,-10.976,15.724,0.73988,0.010005,-1.9995,-0.047059,-0.83162,0.75,23.843,14.476,1.4151,12
1.9389,0.53143,0.31099,-1.5154,-0.98378,3.9067,-7.2697,0.7485,0.061224,-0.7955,0.53438,101.92,24.118,8.11,1.2052,0.71588,-2.4121,-0.047059,-0.83162,0.75,21.216,21.028,0.57505,12
1.4647,1.512,-0.24287,0.36002,0.29723,1.5476,-5.6928,-1.9567,0.061224,-0.7955,0.53438,88.486,57.28,4.7282,0.55048,1.5347,-2.5274,-0.047059,-0.83162,0.75,15.656,21.623,0.096892,12
0.93287,1.8414,-1.3922,2.7923,2.2522,3.3103,-5.1079,-9.7952,0.061224,-0.7955,0.53438,58.212,68.409,3.0579,1.0347,2.1712,-2.881,-0.052941,-0.76797,0.79741,8.223,14.405,-3.2287,12
0.6195,2.8635,-1.8897,-2.2187,-1.6285,7.0971,-3.5184,-14.22,-0.0055659,-0.63602,0.69745,22.007,88.771,-5.5125,1.1917,2.4646,-3.5434,-0.052941,-0.76797,0.79741,0.047981,4.7981,-10.155,12
0.1103,3.0709,-0.92361,-1.6243,-1.2977,1.9365,-2.0644,-8.4172,-0.0055659,-0.63602,0.69745,-4.4456,83.714,-8.2518,1.0279,1.1635,-2.6502,-0.052941,-0.76797,0.79741,-8.1363,-5.7336,-18.878,12
-0.42804,2.2099,-0.20111,-0.98796,-0.84982,19.585,-19.288,-18.946,-0.0055659,-0.63602,0.69745,-190.27,-296.26,-47.633,1.1136,-0.23043,-2.0428,-0.052941,-0.77207,0.80172,-13.207,-10.115,-26.517,12
-1.9026,2.7064,2.2015,-0.90842,-0.74097,-0.77242,-19.076,23.07,-0.0018553,-0.69231,0.63851,-149.96,69.757,-31.32,1.7043,-1.5695,-1.9535,-0.052941,-0.77207,0.80172,-14.263,-7.9667,-30.53,12
-13.278,2.8048,0.17875,-0.91261,-0.53585,11.26,-19.324,-7.6036,-0.0018553,-0.69231,0.63851,-144.38,-33.052,-49.019,1.7458,-4.7162,-1.6212,-0.052941,-0.77207,0.80172,-12.78,-3.2846,-32.714,12
-21.44,-19.899,-18.391,-0.72423,-0.016745,-14.704,-6.411,-8.4259,-0.0018553,-0.69231,0.63851,-46.521,-18.984,-25.72,1.0256,-13.553,-1.3339,-0.052941,-0.77207,0.80172,-3.5857,0.49849,-44.481,12
-21.991,7.6075,-16.073,-0.69911,-0.31397,7.8123,-19.293,-8.4698,0.050093,-0.84053,0.44008,-49.113,4.3443,-17.532,-3.5296,-18.625,-1.4729,-0.033333,-0.79466,0.78664,-1.6891,10.624,-46.349,12
-21.873,1.7549,-16.558,-0.87912,-0.72423,4.6571,-14.605,-7.0587,0.050093,-0.84053,0.44008,-5.0229,-5.6378,-7.0582,-4.4314,-18.684,-1.3925,-0.033333,-0.79466,0.78664,-5.6442,-7.866,-29.998,12
-21.868,0.47856,-16.189,-0.77028,-0.64469,0.9942,-14.255,-7.6924,0.050093,-0.84053,0.44008,40.416,-4.2574,6.5936,-3.8253,-18.639,-0.94239,-0.033333,-0.79466,0.78664,1.4064,-2.9859,-6.8012,12
-21.856,-0.1157,-16.347,-0.77028,-0.54003,3.8872,-18.249,-6.0611,0.050093,-0.84053,0.44008,80.424,-10.346,26.778,-1.0211,-18.571,-2.1056,0.019608,-0.80903,0.78448,12.29,-9.7511,35.361,12
