1.2082,0.70263,-0.36834,0.54003,0.33072,0.79593,-1.3223,-8.4644,0.62338,-0.67355,-0.55796,24.052,20.126,4.5125,-1.4875,-0.3829,-0.28998,-0.32549,-1.0021,0.41164,-1.2602,-18.302,1.6019,12
-1.6562,2.5052,-0.65874,0.3349,0.18838,3.3435,-0.11619,-9.639,0.62338,-0.67355,-0.55796,-11.586,26.354,1.1226,-1.6719,-0.78675,0.32525,-0.29216,-1.0267,0.40733,0.41885,-11.975,18.901,12
-8.4492,3.771,-0.70271,0.096285,0.066981,19.47,-6.154,-18.373,0.63265,-0.71857,-0.52456,-169.41,-150.42,-20.937,-0.49839,-1.5255,0.45498,-0.29216,-1.0267,0.40733,5.1436,-6.2837,30.13,12
-17.722,-2.7685,-7.5439,0.037677,0.03349,-7.8859,-19.067,22.957,0.63265,-0.71857,-0.52456,-140.87,241.04,-9.5498,0.32067,-2.2594,0.064115,-0.29216,-1.0267,0.40733,9.7209,2.6104,34.825,12
-21.897,1.9283,-15.742,0.11303,-0.0083726,-8.9267,-9.2472,-2.937,0.63265,-0.71857,-0.52456,-80.889,-76.072,-23.307,-0.50649,-1.4198,1.0228,-0.31961,-0.98973,0.44181,16.163,18.481,31.185,12
-21.917,3.9479,-9.6342,0.27211,0.092098,19.643,-15.099,-6.9648,0.63265,-0.71857,-0.52456,-61.211,-17.737,-41.456,-6.7064,-4.3102,2.9824,-0.31961,-0.98973,0.44181,14.906,18.4,3.7242,12
-21.896,2.365,-5.8714,0.33909,0.17582,-21.64,-19.476,-8.9714,0.70315,-0.50844,-0.7387,-45.117,76.781,-0.29837,-14.353,-7.514,5.6035,-0.31961,-0.98973,0.44181,12.626,5.8595,-36.629,12
-21.831,-1.8956,-9.0338,0.33072,0.12977,3.2058,-6.0498,-8.9371,0.70315,-0.50844,-0.7387,-57.65,-39.974,-15.763,-21.356,-12.839,5.1497,-0.31961,-0.98973,0.44181,9.9329,5.8607,-39.21,12
-21.829,-0.9658,-10.097,0.21769,0.054422,6.3402,-2.3695,-11.211,0.70315,-0.50844,-0.7387,-23.694,-0.49701,-4.4274,-21.353,-17.66,6.9816,-0.3098,-1.0,0.45905,6.2609,15.676,-5.0857,12
-21.779,-0.43653,-10.45,0.0,-0.029304,-1.9324,-7.4146,-7.7963,0.74397,-0.4334,-0.75442,3.3181,-7.3726,-2.3014,-21.421,-17.229,8.1177,-0.3098,-1.0,0.45905,3.4312,2.0039,40.482,12
-21.837,-0.067384,-10.048,-0.092098,-0.20094,3.4458,-17.122,-6.2175,0.74397,-0.4334,-0.75442,29.707,2.4552,2.5559,-21.413,-15.67,7.9873,-0.3098,-1.0,0.45905,-5.4442,-5.8226,65.653,12
-21.861,0.64238,-9.3317,-0.23862,-0.1842,3.7348,-16.879,-8.7024,0.74397,-0.4334,-0.75442,71.387,36.901,3.1095,-21.356,-14.908,7.1713,-0.33922,-0.98152,0.46121,-6.0229,-9.8273,63.877,12
-21.437,0.64977,-8.6363,0.72004,0.4898,1.5081,-15.092,-10.198,0.74397,-0.4334,-0.75442,96.683,46.189,8.2827,-19.888,-13.629,6.1311,-0.33922,-0.98152,0.46121,-0.8807,-16.257,43.105,12
-11.994,0.21775,-6.4962,2.6039,2.1518,-2.0927,-19.071,-12.016,0.74212,-0.50469,-0.64833,111.97,26.77,16.252,-16.106,-12.945,4.5298,-0.33922,-0.98152,0.46121,2.9435,-10.859,5.9436,12
1.3145,1.9539,-0.13994,-0.57352,-0.46886,-5.5618,-19.359,-7.1694,0.74212,-0.50469,-0.64833,138.57,-13.863,32.144,-13.003,-13.278,2.1903,-0.33922,-0.98152,0.46121,8.7341,11.651,-42.18,12
4.3211,4.6537,3.5978,-0.22606,-0.27211,-1.9855,-19.158,11.887,0.74212,-0.50469,-0.64833,202.74,-4.2292,65.107,-9.4923,-13.438,0.22395,-0.36275,-0.96509,0.47845,18.159,38.473,-90.996,12
8.8017,3.3476,-0.70924,-0.12977,-0.17582,3.049,-13.242,-9.3608,0.68646,-0.71295,-0.4499,161.39,-126.02,47.383,-6.0226,-9.3945,-0.44889,-0.36275,-0.96509,0.47845,24.115,41.631,-114.01,12
8.7576,-0.0018449,-3.1791,-0.016745,-0.07954,19.448,-3.8261,-18.257,0.68646,-0.71295,-0.4499,74.904,-121.85,24.251,-1.0213,-1.1358,-0.57762,-0.36275,-0.96509,0.47845,16.111,31.166,-97.823,12
2.7254,-0.41165,-2.5739,-0.029304,-0.046049,14.075,9.5458,-17.694,0.68646,-0.71295,-0.4499,-33.191,167.67,-0.72429,0.70244,5.0324,2.2412,-0.29608,-0.97947,0.47198,6.4936,20.994,-71.921,12
-3.0593,-0.065469,0.45727,0.11303,0.075353,-1.8842,-0.26008,-12.146,0.61781,-0.77486,-0.36542,-103.5,45.989,-21.622,0.46089,7.5313,2.1266,-0.29608,-0.97947,0.47198,0.15835,-2.1185,-48.351,12
-4.4972,-0.89907,1.5717,0.30141,0.2135,3.4094,-5.0386,-2.8741,0.61781,-0.77486,-0.36542,-129.69,-29.162,-33.19,1.0598,6.02,1.9989,-0.29608,-0.97947,0.47198,-5.8062,-6.1111,-36.156,12
-2.3633,-1.0272,1.3707,0.46886,0.3349,2.7958,-6.0283,2.1224,0.61781,-0.77486,-0.36542,-122.19,40.121,-24.509,0.48848,3.366,1.5954,-0.29608,-0.97947,0.47198,-5.5085,5.7068,-33.741,12
-0.65817,-0.42498,1.4354,0.60701,0.38932,-8.0838,-6.6104,1.3386,0.61781,-0.77486,-0.36542,-115.48,73.815,-19.496,-1.5799,0.588,1.8002,-0.26078,-0.99589,0.47198,-7.2761,8.4786,-30.555,12
2.776,-0.92228,1.0644,0.62794,0.35165,-8.5713,-6.5268,5.7338,0.70872,-0.5985,-0.52063,-107.74,10.619,-12.814,-2.5928,0.32652,1.6517,-0.26078,-0.99589,0.47198,-7.573,-3.2635,-25.39,12
2.0927,-1.0979,0.77487,0.34328,0.17582,-3.706,-0.86023,5.0658,0.70872,-0.5985,-0.52063,-82.728,-1.3746,-10.164,-1.8537,0.88826,0.82566,-0.26078,-0.99589,0.47198,-8.6006,-16.251,-18.421,12
0.53093,-0.28411,0.65864,0.12559,0.016745,-4.2822,2.7544,5.147,0.70872,-0.5985,-0.52063,-57.762,-18.872,-6.0154,0.5649,0.90535,-0.46515,-0.21176,-1.0349,0.44612,-6.9487,-12.641,-18.785,12
-0.23259,-0.49178,0.461,0.050235,-0.071167,-4.1283,1.3158,5.837,0.6846,-0.46529,-0.62279,-37.214,-58.71,-5.0178,1.1467,0.85491,-1.5093,-0.21176,-1.0349,0.44612,-4.8476,-0.02371,-25.367,12
0.6457,-0.46682,-0.14728,0.029304,-0.075353,-1.1872,-1.2521,3.4984,0.6846,-0.46529,-0.62279,-20.666,-71.353,-3.0578,0.39072,0.046273,-2.3727,-0.21176,-1.0349,0.44612,-7.0021,-0.035086,-28.66,12
0.15122,0.51988,-0.32163,0.058608,-0.071167,-0.59508,-2.2723,1.4846,0.6846,-0.46529,-0.62279,-15.734,-67.366,0.98833,0.49237,-0.85793,-2.7929,-0.21176,-1.0349,0.44612,-11.151,-1.9689,-26.557,12
-1.1828,1.0592,-2.052,0.19257,0.025118,3.5457,-1.9252,-1.4358,0.6846,-0.46529,-0.62279,-20.662,-37.959,2.813,0.51819,-1.5542,-1.4215,-0.21176,-1.0349,0.44612,-15.417,2.2647,-24.88,12
-6.8048,0.84788,-4.7237,0.20931,0.03349,14.558,-1.5186,-18.201,0.63265,-0.42214,-0.76228,-37.384,-46.415,0.63462,0.95864,-1.757,-0.70243,-0.21176,-1.0349,0.44612,-15.006,7.4836,-28.895,12
-18.0,-2.5248,-10.975,0.26374,0.03349,-1.7834,-19.037,23.03,0.63265,-0.42214,-0.76228,-86.159,127.83,-10.089,1.1436,-1.6756,-0.56295,-0.21176,-1.0349,0.44612,-13.525,11.984,-31.076,12
-21.923,4.2159,-16.242,0.11303,-0.15071,-3.7406,-13.542,4.2334,0.63265,-0.42214,-0.76228,-45.523,25.042,13.214,-0.43578,-1.8884,0.15558,-0.14706,-1.0637,0.41379,-11.519,15.024,-33.594,12
-21.924,3.2468,-10.245,-0.075353,-0.23025,19.187,-17.423,2.2791,0.65677,-0.3152,-0.77407,-30.888,-9.2324,-17.327,-4.8946,-4.1148,2.5234,-0.14706,-1.0637,0.41379,-13.082,20.325,-49.562,12
-21.92,3.0511,-9.8622,-0.2428,-0.44793,0.31147,-19.292,-4.4719,0.65677,-0.3152,-0.77407,-14.544,56.476,-20.62,-13.079,-10.419,5.0936,-0.14706,-1.0637,0.41379,-11.995,21.353,-72.656,12
-21.878,0.94982,-11.809,-0.25536,-0.45212,-11.427,-19.448,-13.149,0.65677,-0.3152,-0.77407,-16.224,-7.9112,-36.826,-20.766,-15.128,6.2332,-0.090196,-1.0842,0.35776,-8.4914,12.619,-71.415,12
-21.861,0.61853,-10.986,0.44375,0.18838,-9.1957,-18.611,-10.627,0.68275,-0.20638,-0.76621,-39.245,-31.167,-21.559,-21.422,-18.654,7.609,-0.090196,-1.0842,0.35776,-5.708,21.656,-36.071,12
-21.882,2.1947,-11.045,2.809,2.1978,8.8384,-8.5482,-5.3182,0.68275,-0.20638,-0.76621,-32.464,-12.703,-12.932,-21.391,-18.624,8.5792,-0.090196,-1.0842,0.35776,0.31492,31.492,9.7997,12
-21.896,1.384,-11.812,-0.83307,-0.81214,12.113,-7.4098,-5.3327,0.68275,-0.20638,-0.76621,-4.4746,1.3292,-7.2831,-21.44,-17.754,9.5915,-0.090196,-1.0842,0.35776,1.3416,26.436,31.531,12
-21.862,0.66256,-9.3298,-0.3349,-0.43119,6.2421,-9.8536,-9.1178,0.68275,-0.20638,-0.76621,30.298,19.514,-5.1301,-21.46,-15.658,9.2171,-0.096078,-1.0862,0.32759,8.6273,0.96885,51.065,12
-21.825,0.35953,-9.294,-0.32653,-0.38514,-1.7649,-16.2,-12.078,0.69017,-0.17073,-0.79568,51.102,22.792,5.3879,-21.413,-14.59,7.958,-0.096078,-1.0862,0.32759,10.866,-26.536,79.544,12
-16.067,-0.69925,-7.7577,-0.31816,-0.38932,0.068539,-19.362,-10.467,0.69017,-0.17073,-0.79568,52.819,4.2425,14.341,-21.397,-14.001,5.8937,-0.096078,-1.0862,0.32759,16.068,-27.002,92.649,12
-4.8036,-0.2251,-6.536,-0.18838,-0.30141,1.2513,-19.281,-3.3369,0.69017,-0.17073,-0.79568,63.596,15.878,28.151,-18.629,-12.03,3.9922,-0.18431,-1.0616,0.37716,22.682,-11.83,91.908,12
0.8839,0.24936,-1.8302,-0.12559,-0.29304,-4.1239,-19.205,7.1756,0.69573,-0.32645,-0.72299,110.63,0.54503,36.599,-15.837,-8.4629,2.7123,-0.18431,-1.0616,0.37716,22.436,-0.60936,88.541,12
4.7549,0.63736,0.61526,0.087912,-0.10047,1.1368,-15.7,9.2055,0.69573,-0.32645,-0.72299,106.93,-67.491,33.601,-13.267,-6.5261,2.3924,-0.18431,-1.0616,0.37716,15.396,-4.4198,81.58,12
5.0079,0.61318,1.2657,0.26792,-0.050235,5.1024,-1.8107,-4.8312,0.69573,-0.32645,-0.72299,94.514,-85.716,32.445,-7.7772,-4.6421,1.7887,-0.18431,-1.0616,0.37716,7.668,-23.151,70.06,12
5.3984,-0.22129,1.2643,0.53585,0.34746,13.449,-7.2698,-4.2082,0.69573,-0.32645,-0.72299,27.378,-67.98,13.985,-0.93904,-3.2628,0.72228,-0.28235,-1.0021,0.43103,0.98088,-27.585,55.53,12
1.0163,-0.81571,1.7792,0.55678,0.3056,19.219,-1.288,-8.0076,0.56401,-0.53283,-0.74067,-20.309,-16.494,-8.9527,3.9341,-2.6093,0.06745,-0.28235,-1.0021,0.43103,-1.5422,-10.596,45.923,12
-1.2132,-0.95415,1.272,0.26792,0.10466,10.012,-5.0863,2.2625,0.56401,-0.53283,-0.74067,-20.678,123.69,-20.737,6.6198,-0.93015,-1.0153,-0.28235,-1.0021,0.43103,-1.6326,16.27,46.375,12
-1.3521,-0.57877,0.96896,0.10466,-0.012559,-9.0469,-2.5327,9.1058,0.56401,-0.53283,-0.74067,12.475,148.32,-12.699,5.3596,-0.48159,-1.1595,-0.33529,-0.99589,0.42888,-2.3708,32.221,43.674,12
-1.6128,-0.67356,0.086748,-0.025118,-0.13396,-9.1658,0.72968,7.6219,0.65677,-0.50469,-0.63261,42.381,15.539,-4.7548,5.3393,1.0434,-0.65616,-0.33529,-0.99589,0.42888,-0.5782,31.947,18.081,12
-0.057191,-0.17077,0.85831,-0.075353,-0.1842,-2.5854,0.23777,4.9652,0.65677,-0.50469,-0.63261,67.699,-18.108,-0.30709,4.6081,1.582,-0.7959,-0.33529,-0.99589,0.42888,1.7379,30.162,-12.902,12
0.82697,0.065655,1.3322,-0.020931,-0.13815,-3.2242,-1.1889,1.8979,0.65677,-0.50469,-0.63261,87.772,-1.9786,4.4693,1.3574,1.7218,-0.82016,-0.33529,-0.99589,0.42888,2.4933,15.936,-37.294,12
1.728,-0.034777,1.1653,0.07954,-0.083726,-6.2452,-3.6698,-0.64177,0.65677,-0.50469,-0.63261,85.722,-21.958,12.647,0.4518,1.0393,-1.073,-0.34902,-0.98357,0.41164,0.47721,-6.1392,-50.832,12
1.7885,0.47537,-0.29406,0.19676,0.029304,-3.6434,-4.2298,-0.20626,0.6679,-0.61726,-0.5501,81.81,-74.947,10.657,0.43772,-0.019176,-0.91763,-0.34902,-0.98357,0.41164,-1.8987,-10.337,-55.53,12
0.89791,0.05397,-1.4688,0.34746,0.062794,0.8217,-2.2263,-6.7906,0.6679,-0.61726,-0.5501,67.69,-75.172,-0.024882,-0.021232,-0.51786,-0.78631,-0.34902,-0.98357,0.41164,-2.5146,-0.11417,-50.23,12
-0.20763,-0.22441,-0.99914,0.11722,-0.07954,2.0794,0.61413,-11.855,0.6679,-0.61726,-0.5501,40.501,-27.744,-2.2642,-1.8721,-0.14549,-0.54894,-0.28824,-1.0103,0.40517,-2.4593,5.416,-41.62,12
-1.0871,0.31251,-1.0245,-0.083726,-0.22187,1.5414,1.477,-10.713,0.59926,-0.69418,-0.53831,6.1421,18.654,-0.16508,-2.0821,-0.032516,-0.25163,-0.28824,-1.0103,0.40517,-2.1936,-3.922,-31.413,12
-1.057,0.32374,-1.1077,-0.16745,-0.31397,-0.46308,-0.027613,-12.662,0.59926,-0.69418,-0.53831,-26.986,39.903,3.0267,-1.4265,-0.19718,0.28181,-0.28824,-1.0103,0.40517,-0.45338,-9.431,-17.965,12
-2.2733,0.53562,-4.3202,-0.15071,-0.27211,1.8402,-0.2302,-12.129,0.59926,-0.69418,-0.53831,-62.454,26.496,-0.02598,-1.7532,-0.67669,0.33075,-0.28824,-1.0103,0.40517,2.4476,-6.5894,-3.1343,12
-7.916,0.85086,-5.1234,-0.037677,-0.087912,19.474,-6.5699,-18.373,0.61596,-0.66604,-0.57367,-168.54,-253.73,-19.777,-1.9169,-1.2768,0.32158,-0.28627,-1.0103,0.40948,6.5957,-4.6998,8.4822,12
-21.423,1.9716,-7.4752,2.5369,2.0387,1.9718,-19.047,22.015,0.61596,-0.66604,-0.57367,-127.12,254.3,-40.693,-2.4248,-1.5931,0.69118,-0.28627,-1.0103,0.40948,10.185,-4.8082,19.385,12
-21.983,4.6946,-15.683,-1.3019,-1.2936,-17.409,-5.7088,4.3634,0.61596,-0.66604,-0.57367,-107.27,-50.303,-28.52,-2.3145,-2.0251,0.4925,-0.28627,-1.0103,0.40948,12.518,-4.9259,28.097,12
-21.949,0.47826,-13.21,-0.34746,-0.52747,11.046,-7.5649,-5.0074,0.61596,-0.66604,-0.57367,-66.423,-14.565,-36.188,-4.4964,-3.0012,0.88119,-0.26863,-1.0041,0.42888,10.665,7.3023,14.942,12
-21.968,6.9718,-11.067,-0.3349,-0.54003,-13.034,-19.412,-8.5384,0.72913,-0.46154,-0.73084,-28.093,45.235,-20.237,-12.664,-6.4803,2.9677,-0.26863,-1.0041,0.42888,3.2439,19.187,-19.983,12
-21.911,4.6429,-12.466,-0.27211,-0.46049,1.0933,-15.288,-6.9826,0.72913,-0.46154,-0.73084,-63.34,-12.945,-12.601,-21.458,-13.722,6.8452,-0.26863,-1.0041,0.42888,-2.0473,-7.244,-36.792,12
-21.864,1.7762,-12.619,-0.15908,-0.37258,5.311,-7.9165,-9.4677,0.72913,-0.46154,-0.73084,-28.53,5.6064,-5.6904,-21.305,-18.673,5.7122,-0.26863,-1.0041,0.42888,-1.4796,-40.238,-14.429,12
-21.85,1.1008,-10.722,-0.062794,-0.2135,4.686,-4.2493,-8.1031,0.74212,-0.38086,-0.76424,-3.555,-11.341,-1.8357,-21.25,-18.694,3.5653,-0.26471,-1.0287,0.45043,-4.0975,-32.727,26.238,12
-21.927,2.3882,-10.238,-0.0041863,-0.1214,3.3721,-2.8382,-11.546,0.74212,-0.38086,-0.76424,30.679,2.0785,0.23144,-21.296,-18.633,4.735,-0.26471,-1.0287,0.45043,-6.6979,12.432,56.781,12
-19.622,1.8224,-7.9202,0.14652,-0.0041863,1.0408,-14.17,-8.0522,0.74212,-0.38086,-0.76424,61.214,18.47,11.289,-21.261,-15.093,4.7245,-0.26471,-1.0287,0.45043,-7.5386,18.134,63.567,12
-15.786,-0.10344,-6.4514,0.32653,0.087912,-0.22542,-19.329,-7.177,0.74212,-0.38086,-0.76424,90.026,25.705,19.587,-21.366,-13.064,4.5655,-0.2902,-1.0,0.4375,-11.066,-11.469,58.016,12
-10.397,-1.8704,-5.1789,0.32653,0.096285,-1.1754,-19.32,-7.2694,0.74397,-0.43715,-0.69155,112.49,16.857,29.039,-16.551,-12.013,2.7119,-0.2902,-1.0,0.4375,-10.42,-36.568,35.175,12
0.11854,0.13376,-2.1459,0.062794,-0.020931,-5.3091,-19.3,-2.2472,0.74397,-0.43715,-0.69155,137.06,1.1983,40.393,-10.437,-9.6755,1.4537,-0.2902,-1.0,0.4375,-8.6803,-24.228,0.42969,12
7.6211,2.2781,2.0366,-0.11303,-0.29304,-4.1779,-16.18,2.7638,0.74397,-0.43715,-0.69155,149.82,-21.131,54.214,-9.2435,-8.3344,1.5624,-0.2902,-1.0,0.4375,-8.6032,1.436,-28.345,12
6.8735,4.8078,1.8538,-0.19676,-0.27211,-0.061513,-4.5207,-4.5496,0.65492,-0.68856,-0.50098,146.03,-96.139,48.257,-8.055,-6.7359,1.4132,-0.30588,-1.0041,0.4181,-9.8572,1.7173,-37.759,12
3.5904,2.2964,-2.8144,-0.1214,-0.20931,19.556,-15.128,-18.759,0.65492,-0.68856,-0.50098,91.243,-69.903,9.1195,-2.7333,-4.8793,1.0685,-0.30588,-1.0041,0.4181,-9.2267,-7.0509,-24.663,12
0.98807,0.091457,-2.097,-0.11722,-0.16745,13.955,0.061128,-16.659,0.65492,-0.68856,-0.50098,11.681,230.53,13.767,4.9656,-1.5235,0.65299,-0.30588,-1.0041,0.4181,0.87925,-1.8414,-1.7691,12
-1.1318,0.53135,-0.73113,-0.071167,-0.16327,-4.8933,1.4109,-11.385,0.65492,-0.68856,-0.50098,-49.343,165.81,-3.8459,6.6986,1.9141,0.4082,-0.28431,-1.0144,0.39871,12.262,23.304,1.4562,12
-3.2407,0.92163,-0.4539,-0.012559,-0.10047,-2.1666,0.024227,-8.4684,0.6475,-0.78049,-0.30059,-92.75,12.854,-19.053,4.3845,2.5699,-0.0069201,-0.28431,-1.0144,0.39871,18.234,28.088,-22.299,12
-2.1194,-0.090031,-0.18705,0.10466,-0.0041863,1.286,-3.3194,-1.2469,0.6475,-0.78049,-0.30059,-110.46,-50.822,-24.411,2.5211,1.777,-0.29656,-0.28431,-1.0144,0.39871,19.38,16.98,-43.103,12
-0.2525,-1.0115,0.89844,0.037677,-0.087912,3.0383,-4.8709,2.016,0.6475,-0.78049,-0.30059,-107.88,-45.527,-20.187,0.22103,1.405,-1.5027,-0.28431,-1.0144,0.39871,9.2901,13.395,-48.685,12
0.073548,-1.6572,1.1456,-0.10047,-0.22187,1.9899,-4.0872,6.128,0.66234,-0.6454,-0.48134,-97.015,-11.14,-15.264,-1.9376,0.90952,-1.0483,-0.28431,-1.0185,0.4181,-9.2281,10.763,-40.003,12
-0.2532,-2.4915,0.40735,-0.20513,-0.31816,-3.7401,-0.41302,7.2128,0.66234,-0.6454,-0.48134,-63.636,16.783,-14.768,-2.4842,0.80207,-0.79323,-0.28431,-1.0185,0.4181,-25.397,9.6466,-22.626,12
-0.87202,-2.3586,0.64036,-0.2428,-0.28467,-1.3451,2.7524,3.9575,0.66234,-0.6454,-0.48134,-33.902,-3.5142,-13.14,-3.2172,0.73328,0.32833,-0.28431,-1.0185,0.4181,-31.273,-3.3735,-5.6459,12
-1.0075,-2.1503,0.89068,-0.26792,-0.3056,-0.93888,2.9408,4.971,0.68275,-0.54409,-0.57171,-9.4331,-16.236,-10.471,-1.5191,0.90337,0.33684,-0.2451,-1.039,0.37069,-29.057,-15.242,7.5135,12
0.20274,-0.54126,0.79339,1.9383,1.3438,-1.2976,-0.57992,5.3747,0.68275,-0.54409,-0.57171,7.1002,-37.686,-14.051,-0.11059,0.43209,0.2091,-0.2451,-1.039,0.37069,-22.535,-9.2996,9.3896,12
0.60218,0.6991,-0.62129,-1.0005,-0.92098,0.88658,-1.3913,-1.5086,0.68275,-0.54409,-0.57171,6.3928,-31.073,-14.536,0.058261,-0.20208,-0.20802,-0.2451,-1.039,0.37069,-13.073,3.2672,5.121,12
-1.6858,2.4721,-1.4196,-0.38932,-0.41026,0.8345,0.65261,-16.917,0.68275,-0.54409,-0.57171,-21.202,-40.338,-9.2736,-0.53301,-0.28139,-0.13907,-0.2451,-1.039,0.37069,-5.4592,10.629,4.8387,12
-8.1423,2.0623,-3.2565,-0.36839,-0.427,12.93,-19.164,3.4315,0.67347,-0.5122,-0.63458,-129.54,-165.31,-26.059,-0.82279,-0.19176,-0.17625,-0.23725,-1.0431,0.31034,-0.26933,8.9741,7.8471,12
-14.004,-0.28348,-8.8887,-0.33909,-0.41444,-0.0077222,-19.037,23.048,0.67347,-0.5122,-0.63458,-74.5,-96.87,-7.6423,-0.22512,0.22761,-0.23862,-0.23725,-1.0431,0.31034,2.226,7.1602,10.442,12
-19.567,4.6343,-11.278,-0.30979,-0.42282,6.5424,-10.946,2.4765,0.67347,-0.5122,-0.63458,-55.485,66.977,-15.722,-1.231,0.056799,-0.32008,-0.23725,-1.0431,0.31034,1.9243,12.894,2.7976,12
-21.5,7.3118,-9.2472,-0.16327,-0.36421,6.5988,-19.271,-5.3142,0.66976,-0.35647,-0.75246,-22.652,118.58,-27.14,-5.6569,-2.4163,0.36877,-0.27059,-1.0472,0.31681,-1.9695,18.494,-21.885,12
-21.61,6.272,-7.3934,-0.03349,-0.23862,-21.539,-19.364,1.1914,0.66976,-0.35647,-0.75246,-50.267,1.7871,-15.174,-13.775,-7.809,2.0991,-0.27059,-1.0472,0.31681,-7.9234,15.563,-48.69,12
-21.894,2.2595,-7.4388,0.10047,-0.1214,4.7579,-8.7774,-6.4538,0.66976,-0.35647,-0.75246,-56.732,-39.249,-22.282,-19.44,-11.947,2.3089,-0.27059,-1.0472,0.31681,-13.094,1.2056,-55.87,12
-21.862,0.14714,-10.313,0.24699,-0.0041863,2.07,1.585,-10.806,0.66976,-0.35647,-0.75246,-37.171,9.3625,-12.482,-21.297,-15.377,3.3458,-0.27059,-1.0472,0.31681,-19.591,-2.1616,-36.11,12
-21.868,2.0097,-11.724,0.28048,0.07954,1.823,-5.4848,-7.881,0.69388,-0.24578,-0.78585,-18.697,-15.226,-2.5041,-21.286,-16.749,4.1313,-0.22157,-1.0719,0.29957,-21.702,2.1511,-6.2317,12
-21.922,4.1984,-10.454,0.1842,-0.03349,3.5074,-13.772,-7.9348,0.69388,-0.24578,-0.78585,-1.6752,12.127,7.7044,-21.298,-17.861,4.8882,-0.22157,-1.0719,0.29957,-22.445,-0.28936,21.215,12
-21.902,4.6789,-8.9789,0.029304,-0.13396,3.6235,-11.489,-8.3195,0.69388,-0.24578,-0.78585,9.8941,16.415,7.1416,-21.348,-18.619,6.1316,-0.22157,-1.0719,0.29957,-17.717,-12.292,41.646,12
-21.914,2.7663,-8.6458,-0.23025,-0.32653,2.0914,-11.941,-8.9199,0.71243,-0.22326,-0.7721,32.288,22.062,6.7815,-21.258,-18.655,5.4943,-0.23922,-1.0801,0.23922,-8.1941,-29.463,58.253,12
-17.058,2.3748,-9.081,-0.25955,-0.30141,2.8341,-16.571,-6.6336,0.71243,-0.22326,-0.7721,49.694,14.732,4.1979,-21.31,-16.449,5.1463,-0.23922,-1.0801,0.23922,5.1557,-23.028,61.705,12
-10.895,2.3068,-7.2345,-0.16327,-0.19257,2.9362,-19.26,-3.194,0.71243,-0.22326,-0.7721,56.063,14.302,2.4875,-18.452,-13.146,4.4469,-0.23922,-1.0801,0.23922,13.584,-6.0813,58.816,12
-6.3291,2.3127,-5.2761,-0.24699,-0.28467,-0.12855,-19.252,-0.47432,0.72727,-0.33771,-0.69941,60.084,5.4542,6.8246,-15.554,-10.048,4.1538,-0.23922,-1.0801,0.23922,18.16,2.6757,49.795,12
-3.1623,1.0463,-1.7269,-0.18838,-0.2135,-5.3489,-19.177,5.1127,0.72727,-0.33771,-0.69941,92.816,-3.8639,22.858,-12.541,-7.3785,4.1519,-0.3,-1.0616,0.27802,19.375,-1.4765,35.059,12
-0.52781,-0.88243,0.8469,-0.050235,-0.12559,0.96617,-13.119,5.9475,0.72727,-0.33771,-0.69941,81.457,-81.549,22.419,-11.945,-6.2209,3.9077,-0.3,-1.0616,0.27802,19.936,-17.208,23.314,12
2.2021,-1.5202,1.6948,-0.071167,-0.16745,3.8598,-6.8356,1.5927,0.72727,-0.33771,-0.69941,89.64,-82.548,26.45,-8.6778,-5.6519,2.8112,-0.3,-1.0616,0.27802,23.014,-32.485,23.168,12
3.2413,-0.95464,1.7351,-0.18001,-0.19257,8.1044,-0.49068,-10.454,0.62338,-0.51595,-0.69352,21.299,-125.53,6.0242,-0.52107,-3.0594,0.055361,-0.32157,-1.0287,0.34698,26.462,-28.889,23.201,12
3.8378,0.03014,0.82377,-0.3056,-0.3056,11.966,1.6044,-6.8835,0.62338,-0.51595,-0.69352,9.2332,-61.377,-6.9302,4.0008,-0.2594,-0.94005,-0.32157,-1.0287,0.34698,27.252,-3.669,23.325,12
2.3037,0.9746,0.8035,-0.32653,-0.32653,8.93,-4.0677,0.15675,0.62338,-0.51595,-0.69352,20.586,49.335,-12.305,2.9776,1.4626,-0.73937,-0.32157,-1.0287,0.34698,23.622,10.358,24.918,12
-0.25219,1.4982,0.42958,-0.34746,-0.28467,-4.9641,-1.5736,3.0383,0.59184,-0.54972,-0.69745,26.858,91.108,-4.7671,2.5617,2.325,-0.49833,-0.32157,-1.0287,0.34698,17.979,2.5666,20.551,12
-1.3208,0.88814,-0.23586,1.7624,1.2977,-1.3398,-0.98291,-0.27088,0.59184,-0.54972,-0.69745,28.277,20.635,-3.9465,2.5293,2.8075,-0.24504,-0.34118,-1.0021,0.39655,13.047,-5.8519,8.6227,12
-1.4603,0.28606,0.23627,-0.33072,-0.15071,0.011347,0.35088,-0.55526,0.59184,-0.54972,-0.69745,31.49,38.217,-2.7436,3.7307,3.7473,-1.271,-0.34118,-1.0021,0.39655,8.9008,-7.5889,-5.8833,12
-0.84664,-0.092349,0.30748,-0.50235,-0.35583,-5.8727,0.93412,-1.637,0.59184,-0.54972,-0.69745,28.308,39.9,1.055,2.5543,3.0484,-1.1601,-0.34118,-1.0021,0.39655,2.5043,-0.91647,-16.547,12
0.081723,-0.045756,0.61693,-0.45212,-0.38932,-3.6934,-0.050712,-4.0811,0.65677,-0.60225,-0.62475,12.517,-2.694,3.9613,-0.61599,2.1515,-0.85076,-0.34902,-0.97947,0.42672,-2.0691,-9.4188,-18.359,12
1.2743,-0.078517,0.035039,-0.41863,-0.36002,0.04872,-0.49329,-3.7846,0.65677,-0.60225,-0.62475,-0.33561,3.1226,5.1703,-1.2965,1.135,-0.49533,-0.34902,-0.97947,0.42672,-4.6653,-17.694,-13.635,12
2.0405,-0.50881,0.39631,-0.37258,-0.31397,-0.2616,-0.54662,-1.1966,0.65677,-0.60225,-0.62475,-11.004,19.927,5.7928,-2.2644,0.62604,-0.39578,-0.34902,-0.97947,0.42672,-4.4885,-17.972,-4.9642,12
1.71,-0.14502,0.050106,-0.27211,-0.22187,0.02476,-0.54597,-1.1312,0.64564,-0.62664,-0.58743,-13.468,33.529,3.6859,-1.8276,-0.073891,-0.38911,-0.34902,-0.97947,0.42672,-2.1356,-16.072,5.8942,12
0.28681,-0.19907,-2.0284,-0.20094,-0.17164,-2.1124,-1.1897,0.83606,0.64564,-0.62664,-0.58743,-13.994,29.681,3.1577,-2.546,-0.45981,0.018676,-0.31569,-0.99179,0.42672,2.9447,-10.737,18.217,12
-4.3653,-0.42039,1.3095,-0.075353,-0.058608,4.6258,-0.21216,-18.246,0.64564,-0.62664,-0.58743,-22.142,-13.54,-2.0192,-1.8581,-0.48899,0.10055,-0.31569,-0.99179,0.42672,7.2472,-11.371,31.667,12
-9.5461,-0.47097,-2.8529,0.041863,0.037677,19.687,-19.106,-8.5918,0.64564,-0.62664,-0.58743,-279.9,51.056,-32.142,-1.3854,-1.1876,0.2427,-0.31569,-0.99179,0.42672,10.167,-6.5948,40.341,12
-17.704,-2.6634,-5.9134,0.071167,0.046049,-17.731,-10.526,-7.0474,0.6308,-0.56098,-0.71513,-71.462,193.93,-12.631,-1.6039,-1.2346,0.54244,-0.33333,-0.97125,0.44612,12.348,-3.9926,48.662,12
-21.811,-1.3608,-10.986,0.046049,-0.0041863,-11.795,-8.4671,0.81286,0.6308,-0.56098,-0.71513,-99.125,-70.018,-23.147,-2.9055,-0.93172,0.82841,-0.33333,-0.97125,0.44612,11.296,-1.4164,51.143,12
-21.81,1.6058,-7.6449,-0.11722,-0.14652,9.1762,-10.286,-2.8705,0.6308,-0.56098,-0.71513,-37.116,-91.188,-26.34,-7.8637,-3.5935,2.6537,-0.33333,-0.97125,0.44612,8.1449,6.5893,31.866,12
-21.88,1.5805,-6.1946,-0.22606,-0.2135,4.4185,-19.277,-3.9613,0.67904,-0.37148,-0.80747,-43.28,13.277,-13.409,-17.701,-7.3551,5.4864,-0.33333,-0.97125,0.44612,7.2613,7.9966,8.3685,12
-21.788,-3.5176,-10.432,-0.18838,-0.15908,1.2198,-14.664,-6.971,0.67904,-0.37148,-0.80747,-48.357,9.1074,-6.6275,-21.413,-11.71,7.0187,-0.40196,-0.95688,0.46121,8.1058,-15.276,5.008,12
-21.812,-3.341,-10.943,-0.19257,-0.16745,-2.1697,-7.5185,-12.241,0.67904,-0.37148,-0.80747,-11.83,8.5587,-8.7956,-21.432,-12.232,7.7946,-0.40196,-0.95688,0.46121,5.9451,-15.902,30.964,12
-21.849,-0.4798,-9.2221,-0.12977,-0.12977,-1.4819,-12.563,-11.778,0.70686,-0.30582,-0.82711,11.515,-2.684,1.2395,-21.491,-11.196,8.4402,-0.40196,-0.95688,0.46121,-3.3047,10.646,44.954,12
-21.865,0.34031,-8.422,-0.066981,-0.071167,3.3821,-16.075,-9.4991,0.70686,-0.30582,-0.82711,34.666,12.864,11.732,-21.507,-11.785,9.5045,-0.40784,-0.93429,0.48491,-13.724,9.9644,38.976,12
-21.825,-2.1738,-8.4904,-0.0083726,-0.037677,5.5012,-17.648,-7.3274,0.70686,-0.30582,-0.82711,64.709,31.463,15.13,-21.448,-12.286,8.3753,-0.40784,-0.93429,0.48491,-14.845,-12.319,23.653,12
-16.083,-1.386,-6.7774,-0.19257,-0.23862,1.7578,-17.897,-9.4606,0.70686,-0.30582,-0.82711,98.303,60.118,14.46,-18.734,-11.52,5.9656,-0.40784,-0.93429,0.48491,-11.232,-10.074,-2.29,12
-9.1595,-1.6204,-3.6827,-0.33072,-0.29723,-4.3539,-18.286,-8.7807,0.72171,-0.41839,-0.71709,129.16,55.773,26.729,-15.005,-10.231,3.926,-0.40784,-0.93429,0.48491,-9.2818,23.343,-34.354,12
-2.2759,-0.34515,-0.083695,-0.43956,-0.35583,-6.1177,-19.343,-4.5804,0.72171,-0.41839,-0.71709,153.18,-11.991,38.326,-15.872,-9.1586,3.1358,-0.42157,-0.94661,0.46121,-8.4743,32.287,-64.752,12
2.9472,3.6511,3.497,-0.43956,-0.36421,-1.6701,-19.211,4.5956,0.72171,-0.41839,-0.71709,179.33,-49.316,63.14,-14.81,-6.9799,3.0052,-0.42157,-0.94661,0.46121,-12.399,-1.133,-89.406,12
6.8858,3.1851,2.5182,-0.41863,-0.31397,7.5436,-4.4613,-16.429,0.64935,-0.68668,-0.51473,159.48,-124.53,38.893,-9.0035,-6.1317,1.8288,-0.42157,-0.94661,0.46121,-18.467,-33.404,-92.093,12
9.0846,1.8306,-1.2458,2.3443,1.6159,19.478,-5.946,-18.363,0.64935,-0.68668,-0.51473,71.076,-88.234,13.458,-2.9156,-3.9981,0.18551,-0.32745,-0.99179,0.41595,-17.631,-21.596,-71.978,12
4.2609,0.088205,-2.5394,-1.3605,-0.98378,16.061,2.4641,-17.945,0.64935,-0.68668,-0.51473,-7.1393,110.9,-2.6978,1.0489,-0.49796,-0.79573,-0.32745,-0.99179,0.41595,-13.057,4.8987,-31.357,12
0.1183,0.65075,-1.3204,-0.62794,-0.43956,-1.1834,1.8359,-13.441,0.64935,-0.68668,-0.51473,-63.348,139.72,-6.3351,2.111,2.0628,-0.71978,-0.32745,-0.99179,0.41595,-7.4673,25.261,-4.0121,12
-2.7267,0.47483,1.3059,-0.54422,-0.41444,-3.0907,-1.6409,-7.6546,0.60853,-0.75235,-0.41454,-97.596,-0.8589,-19.973,1.6195,2.4885,-0.14641,-0.32745,-0.99179,0.41595,-3.857,27.226,-3.5985,12
-3.2472,0.23941,0.084705,-0.49398,-0.41863,3.3767,-3.79,0.20885,0.60853,-0.75235,-0.41454,-105.59,-11.421,-18.12,2.1554,2.6793,-0.074371,-0.31569,-1.0267,0.3944,1.4437,18.693,-16.765,12
-3.6993,-0.38797,0.75456,-0.41026,-0.3056,0.20567,-3.1669,3.1145,0.60853,-0.75235,-0.41454,-96.851,21.519,-14.728,1.2713,1.9497,-1.0275,-0.31569,-1.0267,0.3944,2.4533,11.94,-19.565,12
-2.8705,-0.91793,1.0437,-0.37258,-0.2428,-2.9944,-1.7526,4.9345,0.6679,-0.60038,-0.56582,-80.295,36.032,-13.04,-0.5891,0.76382,-0.61806,-0.31569,-1.0267,0.3944,2.1005,12.56,-12.358,12
-0.026904,-1.6851,0.80624,-0.26792,-0.23443,-4.4904,-0.27878,5.7849,0.6679,-0.60038,-0.56582,-49.314,12.97,-10.832,-2.6179,0.41125,0.12473,-0.31569,-1.0349,0.38578,0.60634,6.7744,-11.608,12
1.8397,-1.5826,0.49967,-0.10466,-0.087912,-2.4922,1.1789,5.0236,0.6679,-0.60038,-0.56582,-23.295,-20.868,-5.6746,-1.7933,0.63897,-0.10347,-0.31569,-1.0349,0.38578,-3.4662,-5.5112,-10.123,12
1.4468,-0.62291,0.10183,0.0041863,-0.046049,-1.7937,-0.12597,6.2153,0.6679,-0.60038,-0.56582,-7.1747,-21.396,-1.5184,-0.74913,0.79373,-0.62698,-0.31569,-1.0349,0.38578,-9.2123,-5.6147,-8.0703,12
1.0956,0.27134,0.22442,0.1842,0.14652,-3.4512,-1.5606,4.3354,0.68831,-0.5197,-0.60118,-1.8508,-19.064,1.5264,-0.4229,0.44283,-0.71744,-0.31569,-1.0349,0.38578,-13.645,-0.0622,-1.7163,12
0.78001,0.89872,-0.20333,0.17582,0.10884,-2.6661,-2.2731,-2.557,0.68831,-0.5197,-0.60118,-11.596,-51.077,1.4642,-0.65536,0.031683,0.16825,-0.28039,-1.0329,0.37284,-15.016,6.513,1.0786,12
-2.9686,0.45055,-1.5595,-0.11303,-0.10047,4.1754,2.2463,-16.95,0.68831,-0.5197,-0.60118,-45.567,-107.07,-3.3571,-0.53603,-0.39999,1.0008,-0.28039,-1.0329,0.37284,-13.732,9.2478,3.604,12
-12.223,-0.95375,-3.7174,-0.41444,-0.38095,19.774,-19.138,1.0846,0.61596,-0.49343,-0.69941,-104.37,-47.03,-34.816,-0.626,-0.61927,1.0732,-0.28039,-1.0329,0.37284,-11.211,9.9923,7.9791,12
-21.741,-4.3872,-16.353,-0.36839,-0.32234,-6.2896,-19.157,11.063,0.61596,-0.49343,-0.69941,-68.739,124.72,4.8894,-0.83174,-0.52766,1.234,-0.3,-1.039,0.32543,-7.9954,8.36,11.309,12
-21.931,3.1137,-11.078,-0.30141,-0.38095,-0.41596,-14.612,9.0986,0.61596,-0.49343,-0.69941,-63.441,14.946,-27.308,-1.6787,0.26534,1.5341,-0.3,-1.039,0.32543,-9.8059,6.8466,3.3455,12
-21.917,3.4028,-8.6622,-0.24699,-0.39351,7.3542,-19.208,1.9256,0.68275,-0.30206,-0.72299,-29.436,50.937,-29.646,-6.8675,-1.5523,3.7661,-0.3,-1.039,0.32543,-19.437,13.262,-36.261,12
-21.877,1.9216,-13.027,-0.15489,-0.28048,-7.596,-19.393,-10.629,0.68275,-0.30206,-0.72299,-19.154,6.797,-29.411,-18.804,-8.7959,7.4144,-0.3,-1.039,0.32543,-25.844,18.814,-68.214,12
-21.893,1.1955,-13.156,-0.16745,-0.38932,-5.9326,-19.363,-10.58,0.68275,-0.30206,-0.72299,-27.614,-25.595,-6.1182,-21.476,-17.47,10.033,-0.26863,-1.0513,0.27155,-24.099,-4.1884,-61.812,12
-21.83,-0.93658,-9.9896,-0.35583,-0.39351,11.706,-15.297,-4.9186,0.68275,-0.30206,-0.72299,-12.532,-2.0765,2.5802,-21.447,-18.636,9.4432,-0.26863,-1.0513,0.27155,-16.291,-49.214,-19.328,12
-21.807,-1.5761,-10.658,-0.59445,-0.54003,8.2414,-17.432,-6.56,0.69573,-0.25516,-0.75442,15.757,18.375,4.263,-21.419,-18.685,8.5241,-0.26863,-1.0513,0.27155,-0.85232,-31.373,19.791,12
-19.016,0.7874,-10.887,-0.64469,-0.68655,0.55738,-19.332,-6.4506,0.69573,-0.25516,-0.75442,18.688,17.244,8.8333,-21.373,-18.571,6.9465,-0.23725,-1.0801,0.25862,10.062,18.812,40.085,12
-10.238,2.8187,-7.2621,-0.58608,-0.52747,-1.1481,-19.252,-2.4324,0.69573,-0.25516,-0.75442,34.938,-11.726,14.714,-21.429,-12.495,7.4586,-0.23725,-1.0801,0.25862,12.108,25.902,43.304,12
-5.0657,1.2627,-1.0337,-0.3977,-0.41444,-3.5032,-19.147,7.0597,0.68831,-0.31332,-0.71709,67.628,-32.603,26.102,-19.692,-9.4345,6.5491,-0.23725,-1.0801,0.25862,11.227,-8.3756,26.662,12
-1.871,-1.3991,2.6846,2.4615,1.955,3.8761,-15.145,11.24,0.68831,-0.31332,-0.71709,62.578,-63.562,31.996,-7.6917,-7.84,4.0038,-0.23725,-1.0801,0.25862,13.682,-32.149,-6.9861,12
5.0094,-4.003,0.26078,-1.4233,-1.0466,6.2875,-3.0785,-2.9036,0.68831,-0.31332,-0.71709,54.415,-45.498,21.3,-1.0565,-6.7719,1.8072,-0.28627,-1.0575,0.28448,28.964,5.9036,-52.187,12
8.0558,-2.7887,1.0648,-0.62376,-0.47724,16.36,-5.4473,-4.14,0.68831,-0.31332,-0.71709,-4.3052,-31.517,-0.89743,-0.70849,-2.9573,1.2688,-0.28627,-1.0575,0.28448,38.362,12.164,-70.113,12
3.7011,-0.71225,2.1991,-0.54003,-0.37258,4.6352,-2.7664,1.5747,0.59926,-0.45028,-0.75246,-11.675,43.053,-1.9286,0.70609,0.93818,0.81774,-0.28627,-1.0575,0.28448,31.197,13.791,-59.803,12
-1.1795,-0.62119,0.33357,-0.52747,-0.34328,2.8584,-2.5456,8.8076,0.59926,-0.45028,-0.75246,24.522,74.434,-5.1309,-1.8117,2.3992,0.92204,-0.23529,-1.0493,0.34052,18.71,3.8553,-49.484,12
-3.4957,-0.97116,-0.31898,-0.41444,-0.2763,-7.5979,-0.0040271,6.528,0.59926,-0.45028,-0.75246,60.824,46.181,0.19761,-4.7298,3.0232,1.3178,-0.23529,-1.0493,0.34052,11.564,-10.536,-25.656,12
-3.2457,-0.84525,-0.53923,-0.33909,-0.22606,-6.6452,-1.181,3.687,0.67718,-0.50281,-0.68173,77.377,-47.563,8.019,-1.9429,1.9644,-0.55803,-0.23529,-1.0493,0.34052,7.3475,-1.3315,1.2433,12
-0.82945,0.56338,0.4086,-0.24699,-0.15489,1.1768,-1.0462,1.324,0.67718,-0.50281,-0.68173,91.645,-52.109,1.7185,-2.4542,1.802,0.20469,-0.23529,-1.0493,0.34052,7.1837,18.189,11.153,12
0.98197,0.90126,0.7548,0.03349,0.075353,-1.0722,-3.6193,2.4229,0.67718,-0.50281,-0.68173,97.759,-25.565,2.4852,-2.8146,0.97163,0.16316,-0.23529,-1.0493,0.34052,8.5801,14.208,13.748,12
1.6414,0.75669,-0.28979,0.15071,0.13815,-0.93073,-3.8723,-3.0675,0.61039,-0.6379,-0.61297,89.409,-24.747,-1.9736,-1.5741,0.43991,-0.0092546,-0.23529,-1.0493,0.34052,7.3488,-1.2015,14.238,12
1.4164,0.89919,-0.62434,0.19257,0.18838,3.0795,-2.1439,-7.4618,0.61039,-0.6379,-0.61297,64.753,-21.565,-4.3983,0.3189,0.61166,-0.834,-0.23529,-1.0493,0.34052,4.0633,-6.599,15.671,12
0.5475,0.90807,-0.36038,0.041863,0.13396,1.544,-0.64901,-7.4753,0.61039,-0.6379,-0.61297,40.33,16.844,-2.5623,0.92756,0.40281,-0.71944,-0.22353,-1.0287,0.375,1.5573,-5.8522,15.252,12
0.49783,0.36124,-0.27275,-0.13815,-0.041863,-1.4207,-0.55452,-7.9273,0.61039,-0.6379,-0.61297,8.6985,24.5,-1.1405,0.68482,0.12465,-0.53543,-0.22353,-1.0287,0.375,0.99315,-8.4053,13.461,12
0.34786,0.28374,0.25712,-0.25536,-0.13396,-0.13984,-2.1178,-3.8573,0.61781,-0.72233,-0.51473,-21.843,-9.6898,-5.9598,-0.66836,-0.63177,-0.17742,-0.22353,-1.0287,0.375,4.881,-14.595,15.406,12
-1.7126,0.7831,-2.2453,-0.22606,-0.10466,6.8833,-0.75517,-3.2398,0.61781,-0.72233,-0.51473,-38.034,-1.0876,-13.803,0.66398,-0.699,-0.89953,-0.22353,-1.0287,0.375,8.1127,-14.584,19.803,12
-7.6413,-1.2664,-2.2087,-0.29723,-0.12559,19.376,3.6425,-17.926,0.61781,-0.72233,-0.51473,-139.68,-124.11,-37.091,0.34935,-1.1659,-1.5895,-0.22353,-1.0287,0.375,11.178,4.6907,26.53,12
-18.736,-1.5995,-4.2387,-0.17582,-0.037677,-18.048,-19.126,21.019,0.7013,-0.59475,-0.63261,-155.04,265.04,-12.392,-1.3314,-1.1856,-0.55928,-0.22353,-1.0287,0.375,13.478,19.287,36.539,12
-21.804,-0.73162,-15.308,-0.14233,-0.13396,-19.65,10.769,-6.2726,0.7013,-0.59475,-0.63261,-101.01,-162.11,-44.411,-3.4858,-1.4233,-0.33158,-0.22353,-1.0287,0.375,15.588,14.82,45.651,12
-21.903,2.2393,-12.504,-0.12559,-0.15071,19.744,-19.188,-3.9807,0.7013,-0.59475,-0.63261,-61.368,-115.53,-48.267,-5.8656,-3.7291,0.094797,-0.28039,-1.0144,0.42672,13.848,20.347,34.009,12
-21.923,3.7034,-6.4035,-0.20094,-0.17164,-13.871,-19.432,-9.5791,0.7013,-0.59475,-0.63261,-43.86,174.93,5.91,-13.339,-6.6516,1.8445,-0.28039,-1.0144,0.42672,11.417,28.575,1.3866,12
-21.853,-0.77724,-9.7857,-0.38514,-0.31816,1.4859,-13.652,-3.8344,0.71614,-0.43527,-0.75639,-63.705,-5.051,-6.4676,-21.305,-12.882,3.783,-0.28039,-1.0144,0.42672,6.7771,13.44,-28.519,12
-21.826,0.41315,-11.626,-0.42282,-0.33072,12.507,-3.4964,-12.019,0.71614,-0.43527,-0.75639,-3.7718,18.203,-12.661,-21.351,-18.694,5.5965,-0.27647,-1.0062,0.43319,-5.6748,-10.925,-27.441,12
-21.846,0.39402,-10.743,-0.46886,-0.36421,-6.2451,-2.7433,-11.95,0.71614,-0.43527,-0.75639,4.6083,10.963,2.8285,-21.34,-18.661,5.9003,-0.27647,-1.0062,0.43319,-10.878,-10.601,17.939,12
-21.874,0.2698,-9.4599,0.062794,0.075353,4.1595,-8.995,-10.387,0.74583,-0.38462,-0.74263,24.252,-12.353,9.8838,-21.413,-16.069,7.1236,-0.27647,-1.0062,0.43319,-22.41,3.1346,55.116,12
-21.854,0.29827,-9.2574,2.3443,2.0052,2.0285,-19.33,-7.3004,0.74583,-0.38462,-0.74263,54.069,17.624,20.82,-19.877,-14.828,7.1753,-0.27647,-1.0062,0.43319,-17.982,-2.8205,44.795,12
-19.162,-0.46758,-7.7579,-1.147,-0.83726,4.1615,-19.279,-5.1724,0.74583,-0.38462,-0.74263,88.257,6.4569,18.372,-17.402,-14.122,5.7731,-0.32745,-1.0041,0.40086,-6.757,-11.425,12.253,12
-10.181,-2.0646,-3.7227,-0.5484,-0.44375,-0.88379,-19.324,-5.6625,0.74583,-0.38462,-0.74263,124.71,18.569,24.737,-16.428,-13.692,3.8258,-0.32745,-1.0041,0.40086,1.4163,-1.9982,-16.919,12
-1.3663,-2.8993,1.697,-0.47305,-0.32234,-5.8572,-19.255,4.2078,0.73284,-0.53096,-0.6444,178.02,-8.2022,46.738,-16.118,-12.638,2.1597,-0.32745,-1.0041,0.40086,1.1893,11.213,-39.078,12
6.9662,-1.3398,2.5636,-0.35583,-0.22606,-7.3157,-11.631,-12.592,0.73284,-0.53096,-0.6444,154.25,-54.754,56.914,-15.589,-10.838,2.2394,-0.3098,-1.0246,0.40948,-4.1031,2.6162,-51.011,12
9.9136,3.3089,1.2452,-0.32234,-0.20094,10.331,-2.4601,-18.291,0.73284,-0.53096,-0.6444,101.06,-199.54,36.771,-10.72,-7.0266,2.3362,-0.3098,-1.0246,0.40948,-11.844,-17.447,-50.604,12
10.88,2.9643,-1.7122,-0.17582,0.083726,19.495,-7.7586,-18.433,0.56586,-0.77298,-0.52259,39.564,-16.909,-7.1157,-3.514,-3.4007,1.9341,-0.3098,-1.0246,0.40948,-16.769,-25.153,-27.521,12
2.7058,0.56695,-0.45424,-0.071167,0.062794,-6.4453,-2.6287,-9.4042,0.56586,-0.77298,-0.52259,-10.587,180.29,9.9529,5.449,2.2096,-0.035351,-0.3098,-1.0246,0.40948,-9.7366,-4.1805,7.7893,12
-3.3012,0.91976,-0.32775,0.07954,0.23025,4.8536,0.44339,-10.117,0.56586,-0.77298,-0.52259,-65.056,-22.836,-9.5816,8.4022,4.8066,-0.343,-0.25686,-1.0308,0.38362,-2.7717,28.034,23.852,12
-4.7693,0.079974,-0.64543,0.20513,0.27211,6.2792,-0.94791,-5.6825,0.60297,-0.69606,-0.51277,-87.226,55.184,-10.64,5.8958,3.7589,-0.11414,-0.25686,-1.0308,0.38362,7.0105,36.781,0.85544,12
-4.3181,0.24637,0.33796,0.23025,0.28885,0.015323,-2.2044,0.34826,0.60297,-0.69606,-0.51277,-94.227,67.181,-11.919,3.232,3.1422,-0.78039,-0.25686,-1.0308,0.38362,15.136,23.506,-29.896,12
-3.422,-0.61658,0.6603,0.15489,0.2135,-1.9996,-2.0385,2.0864,0.60297,-0.69606,-0.51277,-91.206,72.655,-16.363,0.21524,1.7458,-2.4231,-0.26863,-1.0246,0.36638,15.967,16.85,-41.365,12
-1.5849,-1.0571,1.0943,-0.066981,0.029304,-7.0221,-2.3298,4.6466,0.60297,-0.69606,-0.51277,-71.179,58.693,-16.046,-1.4337,0.077643,-3.2357,-0.26863,-1.0246,0.36638,9.3316,17.546,-32.841,12
0.97993,-0.51142,1.6171,-0.16745,-0.13815,-5.8828,-0.55347,5.0489,0.68275,-0.58912,-0.54224,-46.658,-18.799,-9.1242,-1.5555,-0.55632,-2.632,-0.26863,-1.0246,0.36638,2.4767,32.235,-22.655,12
3.313,-0.49842,1.6394,-0.15489,-0.050235,0.93111,-0.14653,3.1687,0.68275,-0.58912,-0.54224,-28.537,-49.072,-5.432,-3.8569,-1.0343,-0.42671,-0.26863,-1.0246,0.36638,-2.0409,29.303,-11.886,12
3.2638,0.44785,0.90346,-0.087912,0.012559,1.9337,-0.6337,3.9564,0.68275,-0.58912,-0.54224,-19.758,-24.94,-3.2515,-3.656,-1.2704,0.95731,-0.26078,-1.037,0.375,-2.4939,1.9592,-6.2067,12
2.5795,0.31823,0.049693,0.0,0.050235,0.63813,-0.74332,3.8859,0.67718,-0.52908,-0.63065,-15.435,8.7782,-2.9537,-0.055487,-0.74569,0.43147,-0.26078,-1.037,0.375,-0.46496,-10.589,-6.7626,12
1.127,-0.2874,-0.43639,0.11303,0.15489,0.3306,-1.4651,2.003,0.67718,-0.52908,-0.63065,-14.403,23.63,-1.2469,2.2449,-0.23418,-0.41796,-0.26078,-1.037,0.375,0.08438,8.438,-9.108,12
-0.63274,-0.18134,-2.7005,0.096285,0.07954,0.096102,-1.3274,-6.0029,0.67718,-0.52908,-0.63065,-16.526,12.092,-2.6764,0.87215,-0.48576,0.42363,-0.26078,-1.0431,0.36207,-0.62663,27.104,-12.558,12
-9.8674,0.44081,-1.4235,-0.083726,-0.054422,8.882,0.79878,-18.142,0.67718,-0.52908,-0.63065,-67.976,-47.761,-20.529,-1.0583,-0.39593,1.4073,-0.26078,-1.0431,0.36207,-1.1492,28.71,-15.834,12
-21.709,-8.4892,-11.175,-0.20094,-0.016745,7.3238,-19.022,22.539,0.68089,-0.45779,-0.64637,-81.488,125.59,-39.453,-2.6364,-0.53277,1.7234,-0.26078,-1.0431,0.36207,-2.9481,10.399,-15.686,12
-22.023,6.6863,-15.903,-0.20513,-0.029304,-6.2102,-16.65,8.2512,0.68089,-0.45779,-0.64637,-43.083,83.917,-13.975,-3.1154,-1.8421,1.7933,-0.26078,-1.0431,0.36207,-6.3499,-6.6259,-15.584,12
-21.857,0.41345,-6.6365,-0.14233,-0.058608,9.6039,-19.175,-0.62311,0.68089,-0.45779,-0.64637,-39.343,13.971,-24.317,-6.3207,-5.4317,1.8326,-0.24902,-1.0472,0.34698,-8.0435,3.5468,-34.492,12
-21.92,1.0415,-7.8852,1.0298,0.70748,0.36615,-19.239,-4.052,0.76809,-0.32458,-0.66012,-23.612,12.346,-25.192,-17.821,-13.734,4.6258,-0.24902,-1.0472,0.34698,-0.29514,24.345,-70.285,12
-21.88,0.54508,-12.751,1.2266,1.1219,-0.19031,-17.096,-8.5754,0.76809,-0.32458,-0.66012,-21.88,3.5215,-16.769,-21.309,-18.708,4.2,-0.24902,-1.0472,0.34698,11.103,15.124,-73.575,12
-21.828,-0.52217,-9.0049,-0.70748,-0.51491,4.9079,-11.891,-10.9,0.76809,-0.32458,-0.66012,-5.3911,-0.12957,-6.8173,-21.273,-18.613,2.6527,-0.18235,-1.0595,0.34914,10.953,18.132,-27.038,12
-21.8,-0.40436,-9.6469,-0.30979,-0.17164,5.1469,-19.284,-5.6106,0.76809,-0.32458,-0.66012,13.021,1.7047,5.2059,-21.314,-15.59,3.9809,-0.18235,-1.0595,0.34914,-1.8784,27.597,17.376,12
-19.482,1.384,-9.4018,-0.49398,-0.41444,6.4908,-19.246,-2.8141,0.76809,-0.32458,-0.66012,24.667,-7.0357,8.0907,-21.379,-15.522,5.8072,-0.18235,-1.0595,0.34914,-4.6304,3.7424,24.78,12
-13.368,1.7373,-7.2963,-0.60701,-0.6405,0.39459,-19.26,-1.2299,0.76809,-0.32458,-0.66012,38.484,-19.284,10.823,-21.35,-14.199,5.0609,-0.18235,-1.0595,0.34914,3.8107,-31.854,30.72,12
-4.9126,-0.33133,-3.093,-0.3977,-0.3977,-3.0387,-19.263,4.4231,0.76809,-0.32458,-0.66012,65.136,-47.44,18.941,-21.308,-11.858,3.2092,-0.2098,-1.0534,0.3319,15.035,-22.554,46.375,12
-0.46065,-0.19992,-0.67062,-0.28885,-0.25955,0.19017,-16.997,9.1624,0.74583,-0.36585,-0.66208,58.623,-79.852,25.456,-18.032,-8.8234,2.663,-0.2098,-1.0534,0.3319,20.24,-4.6911,59.296,12
3.89,-0.055959,0.39496,-0.15071,-0.15489,1.0346,-11.78,11.067,0.74583,-0.36585,-0.66208,71.086,-47.867,25.175,-11.688,-5.2698,2.0178,-0.2098,-1.0534,0.3319,14.614,-10.737,66.104,12
6.4145,-0.52188,1.0267,0.096285,0.11722,2.6756,-1.6077,-0.37655,0.74583,-0.36585,-0.66208,-2.9651,-83.273,14.601,-4.1494,-3.6115,0.85068,-0.26667,-1.037,0.38147,5.8868,-21.732,64.956,12
3.0146,0.2801,1.2673,0.21769,0.19676,9.3137,-6.9815,-1.1205,0.63822,-0.47092,-0.71513,-34.159,-23.879,-4.5614,2.4308,-0.50192,-0.19176,-0.26667,-1.037,0.38147,-0.38952,-20.999,59.408,12
-0.36042,-0.16066,0.55396,0.34328,0.33072,6.4289,-2.5569,7.676,0.63822,-0.47092,-0.71513,-6.9705,28.143,-2.3065,4.9604,1.2192,-0.084876,-0.26667,-1.037,0.38147,-3.9372,-16.699,50.269,12
-1.4193,-0.75331,0.17431,0.16745,0.19257,-6.5753,-2.1205,9.7345,0.63822,-0.47092,-0.71513,40.024,109.32,7.6301,6.7133,2.0188,-0.11781,-0.26667,-1.037,0.38147,-5.5422,-15.623,29.287,12
-1.5592,-0.82756,0.38868,-0.046049,0.029304,-6.2214,-0.61513,5.8133,0.63822,-0.47092,-0.71513,65.945,-4.6961,16.044,5.4909,1.4416,0.15541,-0.31373,-1.0205,0.38793,-3.3166,-8.4966,0.018635,12
-0.94045,-0.45229,0.85403,-0.15908,-0.092098,1.5228,-1.7863,3.5509,0.68275,-0.53096,-0.64047,87.293,-43.809,14.421,1.6515,0.71046,1.0459,-0.31373,-1.0205,0.38793,3.6729,-9.7323,-25.822,12
1.1671,0.22969,0.42067,-0.13396,-0.046049,-0.18208,-3.0069,3.2749,0.68275,-0.53096,-0.64047,101.8,-21.935,12.325,-0.26899,0.12923,-0.076872,-0.31373,-1.0205,0.38793,8.6109,-18.621,-38.631,12
2.2116,0.028402,0.3815,-0.11722,-0.016745,-2.3664,-3.7782,0.40201,0.68275,-0.53096,-0.64047,103.27,-27.271,11.194,-1.0849,0.13121,-0.87886,-0.28039,-1.0267,0.41595,7.7808,-11.863,-35.105,12
2.0492,0.065469,-0.45727,-0.037677,0.020931,0.60103,-3.572,-5.7143,0.62152,-0.68105,-0.55599,87.328,-59.956,7.2224,-1.6282,0.3582,-1.18,-0.28039,-1.0267,0.41595,1.976,0.11616,-22.705,12
0.20376,-0.087105,-1.1868,0.087912,0.087912,5.8211,-0.94835,-10.677,0.62152,-0.68105,-0.55599,53.595,-55.398,0.49218,-2.7838,0.057737,-0.22628,-0.28039,-1.0267,0.41595,-3.3647,4.6429,-10.944,12
-0.85556,0.35392,-0.89446,0.041863,0.054422,5.4968,-0.086254,-10.606,0.62152,-0.68105,-0.55599,27.528,18.257,-3.0419,-2.7128,0.05409,0.40895,-0.28039,-1.0267,0.41595,-5.8298,-8.4756,-0.39285,12
-0.93726,0.39843,-4.4168,-0.11722,-0.037677,1.1162,0.15125,-8.6375,0.62152,-0.68105,-0.55599,-0.27004,44.039,-3.0324,-1.0749,-0.42031,-0.031432,-0.2549,-1.0308,0.39871,-5.7345,-16.894,10.885,12
-4.2798,1.8697,-0.33699,-0.28885,-0.17164,19.417,-2.7762,-18.215,0.58998,-0.7636,-0.50688,-38.094,-4.2062,-17.811,-0.52603,-0.86179,-0.17851,-0.2549,-1.0308,0.39871,-4.4673,-15.851,25.701,12
-13.489,5.755,0.90743,-0.31816,-0.14233,13.397,-18.991,19.684,0.58998,-0.7636,-0.50688,-270.14,148.94,-56.837,0.24844,-1.6307,-0.071119,-0.2549,-1.0308,0.39871,0.13834,-4.1194,41.921,12
-21.686,-10.156,-9.1456,-0.35165,-0.1842,-21.561,-5.185,11.202,0.58998,-0.7636,-0.50688,-110.52,128.08,-4.4095,-0.69139,-1.5643,-0.43238,-0.28431,-1.0164,0.41595,4.4296,12.083,51.231,12
-21.854,-0.22279,-16.746,1.8629,1.235,16.654,-6.7303,-9.6596,0.7384,-0.57036,-0.60707,-79.511,-262.14,-51.2,-3.7257,-2.3835,0.65166,-0.28431,-1.0164,0.41595,7.97,25.01,40.704,12
-21.959,3.99,-7.8304,-0.2428,-0.0041863,5.0161,-19.128,6.9687,0.7384,-0.57036,-0.60707,-53.105,133.74,-10.809,-11.339,-3.761,1.8953,-0.28431,-1.0164,0.41595,7.8698,32.942,17.156,12
-21.833,0.76429,-10.384,-0.34328,-0.15071,-16.447,-18.898,-14.589,0.7384,-0.57036,-0.60707,-48.348,31.126,-18.969,-21.378,-7.8513,2.8679,-0.28431,-1.0164,0.41595,-1.3694,42.593,11.099,12
-21.874,0.76307,-15.352,-0.36839,-0.3349,11.565,-1.999,-8.8072,0.7551,-0.45028,-0.72102,-41.327,-52.247,-6.2989,-21.311,-15.435,4.4991,-0.34706,-1.0246,0.40948,-13.186,27.932,39.529,12
-21.858,0.46959,-9.2209,-0.33909,-0.13396,4.2163,-12.159,-9.9199,0.7551,-0.45028,-0.72102,24.903,29.843,0.21361,-21.218,-18.712,2.8353,-0.34706,-1.0246,0.40948,-21.276,-27.053,86.488,12
-21.881,1.1254,-7.1513,-0.26792,-0.25955,2.2928,-16.862,-9.0077,0.7551,-0.45028,-0.72102,54.702,0.73738,11.741,-21.203,-18.717,2.3246,-0.34706,-1.0246,0.40948,-23.819,-29.966,119.32,12
-15.31,0.85174,-6.5444,-0.32653,-0.28048,5.0989,-19.312,-9.425,0.7551,-0.45028,-0.72102,89.301,1.8593,19.696,-21.22,-18.714,2.5643,-0.43922,-0.98973,0.37716,-17.318,-8.3256,112.01,12
-6.2708,0.41074,-3.9104,-0.10047,-0.07954,-1.3252,-19.317,-6.9374,0.73469,-0.50844,-0.64244,132.91,25.643,34.315,-20.243,-16.896,1.3948,-0.43922,-0.98973,0.37716,-8.6777,-6.0095,80.031,12
1.4953,-0.019643,-0.58072,0.083726,0.13396,-0.029818,-19.173,7.4369,0.73469,-0.50844,-0.64244,201.27,19.272,54.079,-15.391,-14.711,-0.058446,-0.43922,-0.98973,0.37716,-0.25872,-7.9191,42.673,12
7.3769,0.34608,0.041673,0.25955,0.29304,-1.6498,-10.656,-3.1847,0.73469,-0.50844,-0.64244,137.73,-82.295,60.117,-9.8225,-11.199,-0.85159,-0.43922,-0.98973,0.37716,5.1485,-5.7925,6.6591,12
7.1809,2.5704,0.64187,0.47724,0.43956,14.009,-5.0055,-18.371,0.63265,-0.7636,-0.43026,98.04,-175.66,29.233,-4.9064,-6.7786,-0.85976,-0.49216,-0.92813,0.38362,4.8449,-0.24962,-20.117,12
1.4524,2.6349,-1.4365,0.46886,0.48561,19.508,-2.2949,-10.68,0.63265,-0.7636,-0.43026,48.689,25.018,-10.459,0.2257,-2.6697,-0.96682,-0.49216,-0.92813,0.38362,0.000922,0.0922,-27.077,12
-1.2838,0.046157,-1.859,0.29304,0.31397,-0.72198,1.159,-10.835,0.63265,-0.7636,-0.43026,-8.971,102.29,4.207,5.2839,1.2678,-1.2179,-0.49216,-0.92813,0.38362,-9.8782,-0.38527,-12.107,12
-0.12588,0.23317,-1.2211,0.025118,0.075353,3.154,2.9176,-9.2288,0.63265,-0.7636,-0.43026,-59.406,60.227,-11.391,7.0163,3.0378,-0.22311,-0.46667,-0.95688,0.37716,-18.463,2.8813,-2.5641,12
-0.47957,0.24099,0.67432,-0.016745,0.07954,-3.5486,-2.169,-6.0085,0.62709,-0.76173,-0.33988,-90.117,57.231,-22.58,7.4313,2.3318,1.1791,-0.46667,-0.95688,0.37716,-15.055,2.6169,-25.598,12
-0.085639,0.24156,1.0112,-0.087912,0.012559,-4.3038,-4.6681,-4.4327,0.62709,-0.76173,-0.33988,-108.65,22.554,-24.459,7.0845,1.9221,1.2107,-0.46667,-0.95688,0.37716,-5.1285,7.7914,-60.83,12
0.60302,0.15183,1.5821,0.03349,0.10466,-1.8593,-4.652,-2.8241,0.62709,-0.76173,-0.33988,-123.84,-4.0827,-23.745,4.5341,0.6498,-0.019593,-0.46667,-0.95688,0.37716,4.3383,20.9,-83.516,12
0.29746,-1.2366,1.7308,0.12977,0.20513,0.24587,-6.0081,-0.80836,0.718,-0.61914,-0.49509,-127.47,-4.4133,-22.803,-1.0405,0.12642,-0.35826,-0.43137,-0.97741,0.32759,10.313,25.905,-85.251,12
-0.55227,-1.6792,0.7015,0.16327,0.13815,-0.48569,-6.004,2.5699,0.718,-0.61914,-0.49509,-124.16,11.884,-19.136,-4.247,-0.047524,0.24762,-0.43137,-0.97741,0.32759,10.047,17.316,-73.257,12
-0.97298,-1.3511,0.80472,0.071167,0.10884,-4.1798,-3.684,4.8678,0.718,-0.61914,-0.49509,-104.71,5.0838,-17.437,-4.4346,-0.038353,0.16475,-0.43137,-0.97741,0.32759,6.8557,3.344,-58.019,12
-0.26892,-0.69525,0.56901,-0.20513,-0.096285,-6.0845,-0.00044159,7.8766,0.718,-0.61914,-0.49509,-84.311,-34.203,-11.536,-3.2603,0.18947,-0.053027,-0.35294,-1.0205,0.34052,0.88425,-1.342,-42.568,12
-0.072645,-0.9132,-0.67166,-0.19257,-0.13815,-2.5589,2.8645,9.2218,0.72356,-0.43152,-0.66208,-51.426,-44.073,-6.6116,-2.6395,0.17259,0.25863,-0.35294,-1.0205,0.34052,-1.8003,-0.49232,-32.883,12
-1.0467,-0.18958,-1.2802,-0.19676,-0.1214,-1.1305,3.7535,7.0305,0.72356,-0.43152,-0.66208,-22.389,-18.308,0.19795,-2.6054,-0.67263,0.7372,-0.35294,-1.0205,0.34052,-0.19115,-1.1618,-25.624,12
-7.214,-0.41161,-3.4265,0.075353,0.11303,6.1706,4.1511,-17.564,0.72356,-0.43152,-0.66208,-12.048,-36.76,4.5047,-2.0499,-0.87711,1.2895,-0.35294,-1.0205,0.34052,4.6673,-0.051972,-18.679,12
-14.525,0.50973,-7.9225,2.7839,2.3987,18.244,-18.992,15.66,0.70501,-0.34522,-0.76621,-80.181,29.976,-10.817,-1.6383,-1.1534,0.66108,-0.31373,-1.0308,0.32112,10.33,9.6151,-8.1928,12
-17.21,-0.086022,-9.6183,-1.1094,-0.86238,-14.941,-19.246,9.1071,0.70501,-0.34522,-0.76621,-34.628,126.77,5.0526,-1.9622,-0.95277,0.72319,-0.31373,-1.0308,0.32112,12.431,22.228,2.9144,12
-19.895,0.31932,-10.413,-0.36002,-0.38932,19.707,-19.143,1.5107,0.70501,-0.34522,-0.76621,-42.291,-52.605,-22.293,-5.3404,-2.1128,1.7173,-0.31373,-1.0308,0.32112,10.0,30.516,-5.5203,12
-21.898,2.4738,-8.6721,-0.34746,-0.43537,0.55715,-19.26,0.74049,0.74397,-0.23827,-0.72495,-23.308,48.673,-29.313,-11.457,-5.3898,3.0222,-0.31765,-1.0246,0.34267,6.6243,16.113,-33.603,12
-21.938,2.9445,-9.3139,-0.26374,-0.35165,-8.9588,-19.368,-8.1101,0.74397,-0.23827,-0.72495,-45.123,-15.329,-42.234,-17.284,-9.8392,3.081,-0.31765,-1.0246,0.34267,4.0783,-5.1001,-52.214,12
-21.818,-2.0236,-7.34,-0.22187,-0.31816,-0.58001,-7.02,-9.9193,0.74397,-0.23827,-0.72495,-53.362,-22.769,-32.327,-20.777,-13.642,1.7762,-0.31765,-1.0246,0.34267,3.6658,-10.442,-60.472,12
-21.773,-3.7646,-8.9493,-0.10466,-0.19257,8.3784,4.6473,-8.538,0.74397,-0.23827,-0.72495,-34.601,-32.131,-19.91,-21.272,-14.159,2.115,-0.31765,-1.0246,0.34267,1.3309,7.4184,-37.232,12
-21.817,-2.087,-10.083,-0.012559,-0.11303,11.394,-3.0362,-8.5691,0.73098,-0.090056,-0.77996,0.092395,4.7697,-3.0798,-21.311,-13.332,3.8022,-0.25882,-1.0513,0.34698,-4.0534,25.54,-9.0007,12
-21.882,1.1928,-8.84,0.33072,0.14233,4.7151,-12.71,-9.5675,0.73098,-0.090056,-0.77996,27.651,21.191,10.923,-21.387,-12.323,5.6651,-0.25882,-1.0513,0.34698,-4.754,9.3413,3.7826,12
-20.165,1.1965,-8.5028,0.33909,0.071167,3.1109,-18.31,-9.2594,0.73098,-0.090056,-0.77996,45.33,14.409,17.275,-21.386,-12.108,6.2488,-0.25882,-1.0513,0.34698,-3.5435,-31.19,17.209,12
-14.316,1.1396,-7.0659,0.083726,-0.19676,3.1813,-19.341,-7.3311,0.74768,-0.15197,-0.75049,52.307,6.8164,19.376,-21.397,-11.33,5.0064,-0.26275,-1.0349,0.34914,-0.69802,-51.849,41.299,12
-8.6195,1.1763,-4.031,0.13396,0.13815,3.0092,-19.288,-3.0593,0.74768,-0.15197,-0.75049,60.708,2.1452,22.141,-20.609,-9.2695,3.0469,-0.26275,-1.0349,0.34914,2.7855,-26.659,59.167,12
-3.8371,0.44073,-2.4551,-0.041863,-0.11722,-5.1262,-19.198,6.9576,0.74768,-0.15197,-0.75049,108.19,-21.632,33.695,-17.006,-6.5928,3.7224,-0.26275,-1.0349,0.34914,4.6448,-2.3065,64.376,12
2.9496,-0.51119,0.53294,-0.087912,-0.092098,0.91474,-15.738,8.3889,0.74768,-0.15197,-0.75049,91.243,-85.683,27.171,-13.063,-4.8927,3.7345,-0.26275,-1.0349,0.34914,3.5384,-5.2244,61.856,12
5.6131,-1.8675,1.453,0.07954,0.029304,4.8573,-4.3099,-3.2711,0.69202,-0.32833,-0.75049,113.79,-85.542,21.668,-8.8546,-3.7559,4.406,-0.32941,-1.0123,0.3556,5.6924,-23.215,61.718,12
5.7429,-1.2888,1.2945,0.066981,0.10466,11.858,-7.5596,-7.4469,0.69202,-0.32833,-0.75049,6.121,-61.896,6.5571,-2.3036,-2.5669,3.3092,-0.32941,-1.0123,0.3556,10.039,-37.423,60.864,12
3.8421,-0.68887,1.0117,0.10884,0.087912,7.1822,-3.4412,-1.5482,0.69202,-0.32833,-0.75049,-15.078,-7.3722,-2.7993,2.9359,-0.62323,1.6772,-0.32941,-1.0123,0.3556,15.387,-23.284,64.439,12
0.19751,-1.7946,0.87006,0.25536,0.24699,7.1214,-4.6591,3.4008,0.59184,-0.43902,-0.77996,4.16,159.59,-6.2967,4.6948,0.94526,0.52643,-0.37843,-0.96304,0.41164,16.831,-4.4835,58.504,12
-1.2074,-1.752,0.25285,0.23443,0.15489,-17.328,-0.20101,1.6813,0.59184,-0.43902,-0.77996,38.632,170.07,5.896,4.6023,2.1953,0.52643,-0.37843,-0.96304,0.41164,13.851,2.6493,42.85,12
-1.4451,-0.97506,0.10172,0.1842,0.16745,-8.5007,1.0706,5.0831,0.59184,-0.43902,-0.77996,59.801,-101.7,16.271,4.5669,2.6057,-0.43222,-0.37843,-0.96304,0.41164,8.965,-1.1704,18.964,12
-0.8968,-0.61469,-0.034269,-0.020931,-0.025118,5.7771,-0.37845,-0.22157,0.59184,-0.43902,-0.77996,90.326,-72.83,9.6,4.1022,2.4677,-1.2308,-0.37843,-0.96304,0.41164,2.4049,-10.86,-12.84,12
0.84268,0.29046,1.0893,0.012559,0.037677,-2.2604,-2.4544,1.0943,0.59184,-0.43902,-0.77996,97.545,-27.397,15.639,3.3511,1.5113,-1.8724,-0.41373,-0.95483,0.43966,-4.1277,-17.799,-41.782,12
1.1073,0.69731,1.0733,0.0041863,0.0041863,0.5758,-2.975,0.52368,0.59184,-0.43902,-0.77996,94.653,-69.387,9.7676,1.1067,-0.1185,-1.8497,-0.41373,-0.95483,0.43966,-11.145,-19.363,-59.957,12
1.1619,0.4916,0.48635,0.90005,0.69492,1.342,-3.3256,-4.8404,0.59184,-0.43902,-0.77996,86.142,-31.32,4.651,-1.3252,-1.3704,-1.0373,-0.41373,-0.95483,0.43966,-14.937,-21.532,-62.899,12
0.58497,0.044323,-0.81706,2.3527,1.9341,-1.6213,-2.0609,-8.0672,0.57699,-0.69231,-0.58939,58.246,-32.693,1.9037,-2.4541,-2.2511,-1.1126,-0.33725,-0.98973,0.4375,-15.643,-20.307,-49.929,12
1.0424,0.91218,-1.2863,-0.51073,-0.36421,1.53,-1.8223,-6.9821,0.57699,-0.69231,-0.58939,31.947,-41.787,0.067525,-2.1749,-2.1545,-0.45148,-0.33725,-0.98973,0.4375,-13.63,-16.495,-29.711,12
0.22386,1.4332,-0.67101,-0.15071,-0.13396,-1.1941,2.537,-7.6872,0.57699,-0.69231,-0.58939,5.0298,-19.133,0.81223,-1.2368,-1.8516,-0.15508,-0.33725,-0.98973,0.4375,-9.4381,-10.236,-16.693,12
-0.79558,0.38491,-1.9127,-0.10047,-0.087912,1.9929,0.22037,-8.6566,0.55844,-0.73734,-0.59136,-24.159,-28.199,-0.96644,-1.2952,-1.882,-0.19827,-0.33725,-0.98973,0.4375,-4.8893,-4.1909,-6.5541,12
-4.3255,0.6176,-1.4392,-0.11303,-0.07954,14.542,0.10572,-18.141,0.55844,-0.73734,-0.59136,-63.113,2.2825,-8.1401,-2.37,-1.5747,0.52543,-0.30196,-1.0082,0.42241,-0.79221,-7.4072,2.5853,12
-10.409,4.2801,-4.0779,-0.025118,0.0,19.811,-19.14,4.8453,0.55844,-0.73734,-0.59136,-269.79,194.44,-38.251,-1.5289,-0.96715,0.28498,-0.30196,-1.0082,0.42241,1.4279,-18.789,9.9637,12
-18.68,-5.8782,-7.6238,0.025118,-0.029304,-21.603,-8.2475,4.9549,0.55844,-0.73734,-0.59136,-91.109,255.41,4.4629,-0.76628,-1.2471,0.29181,-0.30196,-1.0082,0.42241,2.6784,-19.416,21.186,12
-21.836,0.88729,-16.625,0.058608,0.020931,1.2169,-8.8761,-1.4733,0.70872,-0.56098,-0.64637,-97.89,-246.73,-70.322,-2.7397,-2.6114,0.85901,-0.27647,-1.0,0.42457,4.0464,-8.2872,28.323,12
-21.946,4.3474,-12.24,0.23443,0.1214,-21.447,-19.271,10.478,0.70872,-0.56098,-0.64637,-52.488,34.286,-19.351,-8.1558,-4.3901,2.9888,-0.27647,-1.0,0.42457,8.3454,8.6892,24.268,12
-21.917,3.4199,-10.376,0.38932,0.26374,19.419,3.1259,-13.15,0.70872,-0.56098,-0.64637,-88.287,-27.191,-29.42,-18.096,-7.4399,6.0134,-0.27647,-1.0,0.42457,14.416,23.336,24.965,12
-21.844,1.3043,-13.893,0.3977,0.23443,-2.1775,0.49386,-7.0492,0.71429,-0.38837,-0.80943,-46.535,1.5663,-13.226,-21.438,-11.193,6.6591,-0.27647,-1.0,0.42457,20.26,33.22,21.012,12
-21.915,2.8193,-14.957,0.22187,0.12977,1.8476,-4.5013,-9.5399,0.71429,-0.38837,-0.80943,-21.563,-28.225,-15.304,-21.405,-13.938,6.1572,-0.33922,-1.0,0.43966,18.808,31.608,21.721,12
-21.904,2.7777,-11.792,0.029304,0.0041863,3.9597,-7.8008,-9.7879,0.71429,-0.38837,-0.80943,-2.987,-24.924,-2.7213,-21.422,-12.727,7.3012,-0.33922,-1.0,0.43966,3.3039,25.182,53.244,12
-21.903,2.7211,-10.176,-0.0041863,-0.041863,5.576,-17.434,-6.7743,0.71429,-0.38837,-0.80943,20.102,12.276,3.8042,-21.393,-13.836,7.3707,-0.33922,-1.0,0.43966,-17.535,-12.075,81.719,12
-21.857,0.9476,-10.557,0.016745,-0.037677,4.1128,-19.298,-6.9967,0.69388,-0.33771,-0.86051,52.194,24.983,11.116,-21.402,-14.773,7.6572,-0.40784,-0.96304,0.42888,-28.071,-42.284,81.089,12
-16.881,-0.41093,-9.1212,0.083726,0.012559,0.83486,-19.351,-9.3342,0.69388,-0.33771,-0.86051,79.12,17.007,10.08,-18.544,-13.45,5.9525,-0.40784,-0.96304,0.42888,-22.761,-49.866,54.195,12
-10.53,-1.2814,-5.6206,0.11303,0.0,-1.3546,-19.307,-9.8643,0.69388,-0.33771,-0.86051,118.55,10.374,19.314,-14.513,-11.042,4.7916,-0.40784,-0.96304,0.42888,-10.67,-25.68,16.65,12
-3.099,-1.1101,-1.1841,0.15908,0.054422,-4.3361,-18.528,-8.2614,0.7013,-0.49343,-0.72495,147.31,-40.005,29.344,-13.116,-8.5693,4.0715,-0.40784,-0.96304,0.42888,-4.4882,0.016084,-21.029,12
2.5213,1.2055,2.1717,0.11303,0.0083726,-2.3328,-17.103,-2.4202,0.7013,-0.49343,-0.72495,163.05,-71.172,46.513,-13.119,-6.6782,3.1765,-0.4,-0.96509,0.43103,-5.8585,6.6113,-52.53,12
4.5806,2.7883,2.5141,-0.041863,-0.058608,-1.134,-10.244,-14.461,0.7013,-0.49343,-0.72495,176.62,-94.427,39.115,-10.506,-5.3734,2.6584,-0.4,-0.96509,0.43103,-13.698,-5.3827,-61.953,12
8.7116,2.2993,-0.0035917,-0.029304,-0.012559,17.939,-10.403,-16.497,0.51206,-0.76548,-0.58939,100.4,-94.399,28.662,-6.4957,-4.7788,2.1152,-0.4,-0.96509,0.43103,-19.28,-6.955,-43.276,12
6.6519,0.74031,-1.7228,-0.071167,-0.041863,18.768,-7.4611,-18.383,0.51206,-0.76548,-0.58939,21.448,128.04,7.0929,-1.5033,-1.8594,1.0633,-0.36471,-0.98768,0.39871,-15.767,3.1926,-5.0404,12
2.2673,0.27233,-0.72286,0.25955,0.3349,-7.6454,0.74473,-8.6955,0.51206,-0.76548,-0.58939,-29.207,165.43,4.8461,2.8875,1.4394,-0.063448,-0.36471,-0.98768,0.39871,-8.1118,14.672,25.323,12
-0.82006,0.093778,-0.096823,3.1858,2.3904,-6.3613,0.15485,-3.3267,0.51206,-0.76548,-0.58939,-59.963,-6.5563,-10.856,4.5318,3.2154,-0.46423,-0.36471,-0.98768,0.39871,-3.0106,22.102,29.322,12
-3.5206,-0.23396,-0.32632,-1.0256,-0.70748,0.6448,-0.76873,-2.6153,0.55844,-0.7561,-0.50491,-76.063,-46.579,-9.7013,4.7225,3.564,-0.60305,-0.36471,-0.98768,0.39871,0.93551,21.737,14.964,12
-2.7843,-0.17709,-0.22646,-0.096285,0.025118,2.2303,-1.834,-0.23607,0.55844,-0.7561,-0.50491,-84.093,-19.343,-6.7827,3.8765,3.3998,-1.0175,-0.3902,-0.98152,0.37284,1.6335,19.721,-4.4967,12
-0.44692,-0.38123,0.30253,0.096285,0.12977,1.3198,-1.5057,1.9067,0.55844,-0.7561,-0.50491,-83.403,15.146,-5.6984,2.1164,1.968,-1.2037,-0.3902,-0.98152,0.37284,1.6011,16.488,-19.266,12
2.8914,-0.63182,1.4273,-0.20513,-0.16327,-2.2327,-1.7967,3.5024,0.56401,-0.6379,-0.64047,-70.033,45.104,-6.1211,-0.11277,0.81155,-0.84484,-0.3902,-0.98152,0.37284,-1.1682,8.8575,-22.856,12
2.2927,-0.492,0.9873,-0.17164,-0.20094,-4.3637,-1.795,3.6687,0.56401,-0.6379,-0.64047,-51.652,20.7,-5.0903,-1.6655,-0.17425,-0.42538,-0.38824,-0.99179,0.36207,-5.5289,3.6629,-20.364,12
-1.5986,-1.3824,0.27559,-0.029304,0.0041863,-0.23541,-1.2296,2.7799,0.56401,-0.6379,-0.64047,-35.675,-13.221,-2.1846,-2.5992,-0.71786,0.21411,-0.38824,-0.99179,0.36207,-8.6306,-1.3048,-12.073,12
-0.92864,-1.0428,0.31668,0.092098,0.10884,1.9464,-0.23172,2.5704,0.56401,-0.6379,-0.64047,-23.243,-1.9694,-1.3913,-1.8021,-0.87638,0.36243,-0.38824,-0.99179,0.36207,-10.978,-2.647,-3.4422,12
1.0928,-0.093998,0.39154,0.26374,0.21769,0.34762,-0.99788,4.1723,0.59184,-0.55535,-0.71709,-19.115,28.081,-0.62001,-0.86692,-0.83823,0.17684,-0.38824,-0.99179,0.36207,-12.002,2.6835,2.2602,12
0.43669,0.89256,-0.94072,0.36002,0.28467,0.55217,-0.49827,1.6577,0.59184,-0.55535,-0.71709,-12.483,33.152,0.92823,-0.21384,-0.12829,0.17067,-0.38824,-0.99179,0.36207,-11.933,9.5895,3.2756,12
-3.5624,1.8584,-1.5275,0.45212,0.32234,2.4985,1.5235,-15.972,0.59184,-0.55535,-0.71709,-22.614,20.777,1.6875,-0.11461,-0.22438,0.5617,-0.38824,-0.99179,0.36207,-12.972,13.392,1.4117,12
-17.599,3.7108,-5.8555,0.2428,0.22187,19.49,-8.3036,-18.481,0.62338,-0.51407,-0.71906,-102.27,-129.07,-32.739,-0.30389,-0.041896,0.81041,-0.38824,-0.99179,0.36207,-13.895,10.872,2.5015,12
-21.775,-4.16,-14.869,0.062794,0.12977,-2.141,-19.017,23.007,0.62338,-0.51407,-0.71906,-76.841,182.42,-13.852,-1.1536,-0.11839,1.1607,-0.38824,-1.0,0.2931,-13.552,9.2965,8.6613,12
-21.85,0.57101,-8.2433,0.0,-0.07954,-12.774,-12.723,7.8819,0.62338,-0.51407,-0.71906,-52.957,-12.131,-21.763,-3.4561,-0.8252,1.4796,-0.38824,-1.0,0.2931,-14.288,7.4205,1.8061,12
-22.041,8.0895,-8.7667,-0.025118,-0.15489,1.3362,-19.226,2.1458,0.62338,-0.51407,-0.71906,-42.251,15.285,-35.671,-8.9898,-5.0133,3.666,-0.38824,-1.0,0.2931,-18.001,13.168,-44.174,12
-21.896,1.8784,-13.778,-0.062794,-0.17582,-1.2121,-19.326,-6.8638,0.70872,-0.31895,-0.75049,-34.787,-40.57,-25.738,-21.396,-14.42,7.0186,-0.37059,-1.0349,0.25431,-11.103,20.78,-92.849,12
-21.805,-2.6778,-9.5778,0.092098,-0.066981,4.524,-13.407,-8.9688,0.70872,-0.31895,-0.75049,-17.18,-8.0851,-10.975,-21.413,-18.663,8.671,-0.37059,-1.0349,0.25431,4.192,-11.676,-74.529,12
-21.886,-1.1558,-7.3145,0.058608,-0.058608,4.4702,-14.719,-9.535,0.70872,-0.31895,-0.75049,3.8995,13.356,2.3859,-21.384,-18.67,7.0248,-0.37059,-1.0349,0.25431,12.418,-14.889,-6.4619,12
-20.572,0.30057,-8.2045,0.037677,-0.025118,4.6262,-19.284,-5.6471,0.71243,-0.27205,-0.78782,21.339,9.8784,10.73,-21.366,-18.194,7.6007,-0.37059,-1.0349,0.25431,5.7005,13.501,49.076,12
-14.02,2.4968,-9.1542,-0.26792,-0.25536,3.3522,-19.281,-1.4097,0.71243,-0.27205,-0.78782,29.859,2.4537,15.54,-21.521,-16.455,11.531,-0.34902,-1.0575,0.25,7.7219,0.19671,63.69,12
-6.4165,0.11903,-2.1577,-0.30979,-0.32234,-1.5059,-19.211,4.6911,0.71243,-0.27205,-0.78782,65.395,15.309,22.349,-21.52,-14.841,10.935,-0.34902,-1.0575,0.25,25.656,-55.618,71.827,12
0.35024,-2.8656,0.036837,-0.19676,-0.20931,-2.3552,-16.303,7.3592,0.69202,-0.39775,-0.73281,74.771,-61.665,28.703,-15.299,-11.841,6.9288,-0.34902,-1.0575,0.25,48.102,-73.088,53.317,12
3.8423,-2.7218,0.26031,0.40188,0.29723,0.19344,-4.4906,-3.5143,0.69202,-0.39775,-0.73281,85.643,-44.343,27.302,0.22356,-3.3799,1.0081,-0.38627,-1.0021,0.36638,62.445,-3.2257,12.111,12
4.6154,-0.46837,0.94732,3.169,2.5788,8.9643,-5.7651,-4.2299,0.69202,-0.39775,-0.73281,14.683,-131.16,9.9645,-3.2978,3.481,4.1011,-0.38627,-1.0021,0.36638,36.595,32.973,12.677,12
3.7542,-0.84333,1.2188,-0.9461,-0.66981,9.5067,-1.8443,-4.2367,0.69202,-0.39775,-0.73281,-7.7785,-59.005,-5.4593,-4.6227,3.9278,4.7797,-0.38627,-1.0021,0.36638,4.8099,-39.66,31.54,12
0.68882,0.4073,0.36297,-0.28885,-0.23862,14.419,-3.2875,4.9173,0.56957,-0.49906,-0.8055,0.40041,25.134,-7.3301,7.9074,5.4461,-2.3944,-0.38627,-1.0021,0.36638,-4.6342,-104.35,31.998,12
-1.4278,0.6805,0.21914,-0.22187,-0.19257,-4.7016,-1.0161,4.3293,0.56957,-0.49906,-0.8055,35.947,132.3,-0.88755,13.192,5.3914,-4.8554,-0.38627,-0.94045,0.45259,0.42455,-65.265,7.5203,12
-2.1859,1.2153,0.53043,-0.18001,-0.17582,-7.3266,-1.1977,6.9606,0.56957,-0.49906,-0.8055,51.406,-22.349,7.2762,10.574,4.3377,-4.231,-0.38627,-0.94045,0.45259,6.0666,-21.711,-23.488,12
-1.1783,0.32798,1.3769,-0.10047,-0.10884,4.1596,-1.5126,2.2055,0.60297,-0.56285,-0.72299,74.096,-34.319,3.046,5.783,2.2349,-3.5133,-0.38627,-0.94045,0.45259,9.7223,2.7498,-60.122,12
0.69185,-0.24897,1.346,-0.025118,-0.087912,0.3474,-2.1488,0.95853,0.60297,-0.56285,-0.72299,83.394,13.478,5.9895,0.53351,0.53704,-2.2961,-0.32745,-0.9692,0.47629,14.249,6.6374,-84.258,12
1.2831,-0.51848,0.60597,0.15489,0.03349,-1.4605,-2.9707,-0.038139,0.60297,-0.56285,-0.72299,83.542,18.247,7.0933,-1.4544,0.44001,-1.9988,-0.32745,-0.9692,0.47629,11.889,3.9674,-81.39,12
1.9264,-0.36288,-0.1695,0.24699,0.14233,-0.94799,-3.2387,-1.0985,0.60297,-0.56285,-0.72299,76.77,-9.575,4.1881,-2.0841,0.35351,-2.649,-0.32745,-0.9692,0.47629,4.6099,12.161,-67.899,12
1.6557,0.54658,-0.47712,0.46468,0.2428,-0.58743,-2.6964,-4.2969,0.60482,-0.69794,-0.59332,64.793,-11.841,0.26554,-3.717,0.1186,-1.1399,-0.32745,-0.9692,0.47629,-3.229,18.214,-51.149,12
0.49023,1.2462,-0.89837,0.56934,0.38095,0.28859,-1.9688,-6.7831,0.60482,-0.69794,-0.59332,38.025,-24.784,-3.9759,-5.4473,-0.66533,0.46673,-0.25882,-0.98357,0.49569,-8.4277,1.0316,-32.309,12
-0.84849,1.5156,-0.89517,0.35583,0.14652,0.40251,-1.7271,-6.374,0.60482,-0.69794,-0.59332,9.7113,-13.859,-4.8175,-3.5312,-0.98633,0.36735,-0.25882,-0.98357,0.49569,-10.339,-28.53,-14.001,12
-1.0597,0.45986,-3.6112,0.10047,0.016745,4.6135,-0.37061,-6.3682,0.57328,-0.77111,-0.53438,-17.401,-12.854,-9.6245,-1.4285,-1.5985,0.14924,-0.25882,-0.98357,0.49569,-9.6707,-33.499,-2.0245,12
-6.0334,0.15429,-3.2809,0.012559,-0.016745,19.426,-1.6072,-18.147,0.57328,-0.77111,-0.53438,-79.706,-108.56,-32.674,-0.94308,-1.5804,0.96265,-0.21176,-0.99795,0.48922,-4.6236,-31.476,5.6375,12
-18.201,1.4571,-5.3215,-0.0041863,-0.075353,-2.6613,-19.027,23.001,0.57328,-0.77111,-0.53438,-199.11,260.71,-35.566,0.24743,-1.7334,0.66333,-0.21176,-0.99795,0.48922,-1.0145,-29.639,11.467,12
-21.853,-1.2767,-13.378,0.083726,-0.054422,-21.948,13.566,-8.7704,0.57328,-0.77111,-0.53438,-85.971,63.062,-16.372,0.93757,-1.5009,0.91454,-0.21176,-0.99795,0.48922,2.5362,-15.679,13.565,12
-21.961,5.1147,-16.255,0.20513,-0.041863,19.206,-19.175,-1.6521,0.57328,-0.77111,-0.53438,-86.634,-184.82,-54.428,-2.2427,-2.431,2.8993,-0.21176,-0.99795,0.48922,1.6879,7.2062,-3.6484,12
-22.048,11.471,-11.599,0.096285,-0.23862,-5.1796,-19.324,-5.6534,0.57328,-0.77111,-0.53438,-32.036,79.77,2.8733,-7.888,-4.6551,5.486,-0.21569,-1.0164,0.48707,-3.0352,19.641,-35.275,12
-21.993,6.7011,-13.313,0.058608,-0.22187,3.8874,-19.257,-2.9657,0.57328,-0.77111,-0.53438,-49.999,6.3716,-12.051,-19.037,-10.416,10.385,-0.21569,-1.0164,0.48707,-4.6945,15.292,-54.398,12
-21.974,3.2473,-16.402,-0.13396,-0.44375,3.9875,-3.8936,-7.1861,0.71058,-0.46904,-0.7446,-38.637,19.652,0.28761,-21.61,-18.548,15.177,-0.21569,-1.0164,0.48707,-5.8841,-13.905,-53.408,12
-21.825,1.8463,-16.56,-0.18838,-0.39351,-1.7465,5.6837,-11.827,0.71058,-0.46904,-0.7446,-19.277,8.0827,4.778,-21.612,-18.591,14.945,-0.15098,-1.0246,0.46983,4.1471,-16.172,-16.001,12
-21.901,2.6273,-13.921,-0.30979,-0.49398,6.0289,0.10555,-9.2469,0.71058,-0.46904,-0.7446,9.5156,-16.425,1.7055,-21.57,-17.06,13.022,-0.15098,-1.0246,0.46983,5.3878,0.18447,41.983,12
-21.856,3.9259,-10.405,0.18001,0.012559,4.3515,-18.344,-6.6653,0.71985,-0.43715,-0.76228,52.933,5.8927,4.5101,-21.507,-15.237,11.321,-0.15098,-1.0246,0.46983,-3.193,3.8563,73.905,12
-20.994,2.754,-8.5206,2.9053,2.1769,0.41677,-19.34,-6.2336,0.71985,-0.43715,-0.76228,86.381,9.4114,8.7122,-21.45,-16.634,10.554,-0.15098,-1.0246,0.46983,-10.434,-20.081,68.584,12
-12.205,-0.87355,-5.6576,-0.96703,-0.90005,-0.74641,-19.35,-8.2771,0.71985,-0.43715,-0.76228,114.55,11.882,14.329,-17.085,-18.61,9.0487,-0.19804,-1.0,0.4806,-10.192,-31.798,40.547,12
-3.8731,-2.8078,-1.8843,-0.13396,-0.18838,-5.4689,-19.368,-9.1169,0.71985,-0.43715,-0.76228,154.71,15.334,29.509,-11.845,-18.616,6.3713,-0.19804,-1.0,0.4806,-2.7292,-3.6207,-1.8234,12
6.8277,-1.4878,2.0766,-0.29304,-0.28048,-8.1029,-19.328,-4.1099,0.71058,-0.62664,-0.58743,239.16,46.232,60.555,-7.9173,-16.426,4.387,-0.19804,-1.0,0.4806,1.063,16.535,-51.408,12
11.111,2.0203,4.0345,-0.25955,-0.29723,-4.7053,-19.302,-14.325,0.71058,-0.62664,-0.58743,146.7,-112.66,55.768,-5.1632,-11.138,3.1514,-0.18431,-1.0205,0.49784,-4.3438,14.453,-101.68,12
9.0616,3.9885,1.1169,-0.10884,-0.20931,19.484,-5.4605,-18.328,0.71058,-0.62664,-0.58743,94.725,-181.5,19.401,-2.8186,-3.4623,1.7748,-0.18431,-1.0205,0.49784,-15.45,-1.0398,-119.43,12
1.9565,1.6682,-2.2393,0.0041863,0.03349,15.115,0.018676,-11.994,0.52505,-0.83114,-0.43615,36.752,178.35,20.425,-1.721,3.4322,2.2237,-0.18431,-1.0205,0.49784,-20.972,-14.62,-85.472,12
-3.193,0.56112,-2.739,0.15071,0.075353,2.9228,1.8106,-11.016,0.52505,-0.83114,-0.43615,-28.767,153.87,2.2113,2.1263,7.8451,0.50684,-0.18431,-1.0205,0.49784,-14.052,-22.751,-38.682,12
-4.7187,0.58319,-1.4212,0.36002,0.2428,-2.0872,2.9625,-4.7373,0.52505,-0.83114,-0.43615,-77.395,53.801,-13.42,4.0917,9.1224,-0.76263,-0.088235,-1.0575,0.44828,0.34193,16.24,-27.231,12
-2.0971,-0.19766,-0.51253,0.50235,0.35165,-0.6923,-1.1479,1.0503,0.52505,-0.83114,-0.43615,-89.379,-18.372,-17.076,-0.26233,7.9742,-1.5805,-0.088235,-1.0575,0.44828,8.6646,40.602,-32.724,12
0.6234,0.64833,0.4373,0.60283,0.45212,1.2795,-2.4262,-2.0252,0.5974,-0.78987,-0.38114,-95.908,-21.61,-16.048,-4.3496,6.3554,-1.4635,-0.088235,-1.0575,0.44828,5.5669,36.048,-19.383,12
2.31,0.15658,0.79304,0.38095,0.28467,-2.4777,-2.5071,1.7665,0.5974,-0.78987,-0.38114,-98.878,-26.901,-13.338,-5.5911,3.821,-1.9027,-0.076471,-1.0719,0.42888,-9.9227,13.115,13.028,12
-0.13238,-0.9569,0.60862,0.20931,0.17164,-3.835,-5.9454,5.456,0.5974,-0.78987,-0.38114,-83.745,-41.181,-12.343,-2.9283,1.5343,-1.5691,-0.076471,-1.0719,0.42888,-24.776,-0.078804,39.938,12
-1.0769,-0.69859,0.095022,0.029304,-0.020931,-1.3363,-2.5179,3.6524,0.60853,-0.65854,-0.59921,-65.71,-37.508,-5.8143,-0.4517,-0.50442,-1.4419,-0.076471,-1.0719,0.42888,-30.377,-3.5414,51.052,12
-0.030327,-0.50385,-0.15061,-0.0041863,-0.062794,1.2623,-1.0819,2.6981,0.60853,-0.65854,-0.59921,-50.618,-13.806,-3.4672,1.752,-1.8279,0.21069,-0.076471,-1.0719,0.42888,-27.456,1.2935,47.452,12
1.0767,0.20313,0.96565,0.12977,0.058608,3.6341,0.15238,3.3565,0.60853,-0.65854,-0.59921,-38.404,15.246,-7.4652,0.93002,-2.3655,1.4546,-0.13137,-1.0637,0.37284,-18.588,8.3319,34.202,12
0.40745,1.3446,1.3,0.16745,0.062794,-0.67281,1.2602,-0.71455,0.60853,-0.58724,-0.69745,-36.773,49.542,-7.6965,0.92659,-2.2846,1.542,-0.13137,-1.0637,0.37284,-10.509,8.3367,24.616,12
0.1769,0.24566,-1.1568,0.11722,-0.054422,-3.2175,-0.054828,-5.4828,0.60853,-0.58724,-0.69745,-44.229,36.773,-5.8323,1.4495,-2.0231,0.69051,-0.13137,-1.0637,0.37284,-6.5057,13.706,21.032,12
-4.4778,-0.35095,-2.7158,0.17164,0.041863,1.0485,-0.91659,-14.431,0.60853,-0.58724,-0.69745,-80.325,-31.123,-6.0188,0.82555,-1.4337,0.62623,-0.16863,-1.0678,0.33836,-5.4307,13.485,18.168,12
-17.106,-2.2948,-7.8276,-0.071167,-0.066981,10.394,-19.016,15.278,0.60853,-0.58724,-0.69745,-74.296,26.981,-44.527,0.58328,-1.4263,1.3662,-0.16863,-1.0678,0.33836,-4.4208,6.7531,17.534,12
-21.919,2.0123,-16.082,-0.12977,-0.23443,9.7113,-13.336,12.899,0.61781,-0.43527,-0.79175,-52.398,-21.127,-16.345,0.1284,-1.1922,1.7841,-0.16863,-1.0678,0.33836,-2.1418,1.2578,14.746,12
-21.966,4.867,-11.699,-0.25536,-0.38514,19.439,-19.115,4.3845,0.61781,-0.43527,-0.79175,-42.343,39.689,-14.557,-2.2911,-2.1026,3.7386,-0.16863,-1.0678,0.33836,-1.9288,4.6108,-12.72,12
-21.932,4.1953,-10.149,-0.10466,-0.22187,-11.128,-19.353,-3.6102,0.61781,-0.43527,-0.79175,-23.173,119.68,-21.801,-13.751,-7.5745,9.5484,-0.18627,-1.0739,0.31034,-1.3581,7.8159,-54.618,12
-21.888,0.9408,-13.947,2.943,2.0597,-18.023,-19.463,-13.601,0.69759,-0.3152,-0.77603,-36.867,-30.824,-22.62,-21.566,-15.716,14.423,-0.18627,-1.0739,0.31034,2.7707,-10.178,-71.323,12
-21.891,-0.91144,-9.5347,-1.2475,-1.0382,8.4793,-10.021,-10.052,0.69759,-0.3152,-0.77603,-29.043,-29.801,-6.6247,-21.717,-18.559,18.072,-0.18627,-1.0739,0.31034,12.536,-39.017,-41.597,12
-21.808,-1.4983,-9.3559,-0.51073,-0.61538,9.9769,-14.012,-7.1425,0.69759,-0.3152,-0.77603,8.0035,4.8741,3.9759,-21.676,-18.54,18.031,-0.088235,-1.0842,0.32759,18.088,-76.254,15.204,12
-17.335,0.094587,-7.602,-0.53166,-0.6112,7.365,-19.29,-6.2554,0.69759,-0.3152,-0.77603,33.903,8.1013,13.094,-21.668,-18.586,16.446,-0.088235,-1.0842,0.32759,12.68,-42.591,54.831,12
-9.7134,0.31875,-6.2345,-0.3977,-0.52747,4.4968,-19.27,-2.2414,0.66419,-0.2833,-0.79568,49.226,6.6637,25.789,-16.292,-17.089,13.104,-0.088235,-1.0842,0.32759,19.429,39.801,79.413,12
-3.251,-1.0841,-0.89757,-0.25955,-0.36839,-2.2619,-19.201,4.6111,0.66419,-0.2833,-0.79568,93.118,24.023,36.858,-10.621,-10.544,8.5561,-0.088235,-1.0842,0.32759,16.739,111.91,82.97,12
1.7953,-2.8952,0.40259,-0.2135,-0.28467,1.2811,-19.126,14.088,0.66419,-0.2833,-0.79568,124.25,-8.5819,46.086,-8.5235,-7.248,4.2001,-0.19216,-1.0452,0.38362,15.252,178.72,65.305,12
5.0645,-1.7108,0.38287,-0.025118,-0.13396,2.5828,-3.3195,-4.2235,0.64564,-0.49343,-0.72102,55.071,-136.7,23.498,-13.531,-4.3984,4.1551,-0.19216,-1.0452,0.38362,22.099,145.28,30.758,12
5.188,1.2082,0.52979,0.096285,-0.058608,14.657,-2.1478,-7.8462,0.64564,-0.49343,-0.72102,11.459,-135.16,-2.918,-6.6571,-1.506,3.4039,-0.19216,-1.0452,0.38362,23.71,19.068,6.7817,12
3.8612,0.87978,0.73181,0.23025,0.0083726,15.635,0.072162,-0.70462,0.64564,-0.49343,-0.72102,-8.8093,-60.462,-13.216,7.6226,0.91608,-1.3917,-0.30588,-1.0329,0.36422,18.572,-27.852,-8.0143,12
0.72761,0.48811,0.40182,0.35583,0.15489,-0.82688,-4.6278,5.5416,0.64564,-0.49343,-0.72102,11.331,100.99,-16.677,6.6668,2.6722,-1.7831,-0.30588,-1.0329,0.36422,14.28,-8.3051,-17.682,12
-1.6467,0.51537,0.35165,0.33072,0.15071,-6.916,-1.315,8.1047,0.53432,-0.53846,-0.80354,39.171,2.7276,-12.066,2.7704,3.5015,-0.84576,-0.30588,-1.0329,0.36422,9.149,-0.72332,-26.886,12
-2.5565,0.55275,-0.25552,0.075353,-0.046049,1.3617,-0.36422,4.1725,0.53432,-0.53846,-0.80354,61.224,-9.0526,-13.111,0.047822,3.8579,-0.21336,-0.30588,-1.0329,0.36422,7.1407,-4.064,-36.279,12
-1.6014,0.77926,0.27013,-0.03349,-0.11303,-1.6242,-1.6107,2.2991,0.53432,-0.53846,-0.80354,70.209,46.821,-5.7685,-1.2676,2.9461,-0.39436,-0.30392,-1.0411,0.37716,6.5455,-9.727,-40.566,12
-0.16376,0.10727,0.22018,-0.050235,-0.12977,-1.343,-1.1353,2.3152,0.57514,-0.60788,-0.69745,72.619,27.347,-1.8702,-1.0004,2.0433,-0.66867,-0.30392,-1.0411,0.37716,7.1302,-5.1166,-32.658,12
1.3076,0.77974,0.10176,-0.016745,-0.10466,-0.48836,-4.2784,-2.0938,0.57514,-0.60788,-0.69745,68.881,36.742,-3.6209,-1.2727,1.3232,-0.68384,-0.30392,-1.0411,0.37716,7.9624,6.2925,-16.149,12
0.99233,0.88844,0.027328,0.054422,-0.066981,-1.0217,-1.7421,-3.9098,0.57514,-0.60788,-0.69745,50.471,21.881,-3.6813,-0.72111,0.7213,-0.87019,-0.24902,-1.037,0.40302,8.0491,14.961,-2.1547,12
0.48954,0.77535,-0.27759,0.20931,0.016745,2.5271,0.91445,-6.5748,0.61039,-0.6773,-0.56582,24.047,8.1999,-7.345,-1.233,0.80832,-0.16792,-0.24902,-1.037,0.40302,8.9456,14.843,5.0846,12
-0.85337,0.2443,-0.030645,0.11722,-0.10884,-1.1495,1.2307,-8.6166,0.61039,-0.6773,-0.56582,-0.034492,39.45,-4.8671,-1.6662,-0.031161,-0.11614,-0.24902,-1.037,0.40302,9.0309,5.4242,6.9856,12
-0.96929,-0.52553,0.068492,-0.037677,-0.15489,-2.8134,-0.46926,-7.3224,0.61039,-0.6773,-0.56582,-28.058,30.923,-3.3556,-1.2021,-0.2817,-0.17034,-0.24902,-1.037,0.40302,7.2704,-9.0473,9.9832,12
-0.99803,-0.60349,-3.2754,-0.15071,-0.23443,2.7162,-0.19143,-11.222,0.61039,-0.6773,-0.56582,-38.381,20.017,-8.2349,-0.4635,-0.80947,0.053277,-0.27255,-1.0308,0.41164,6.1451,-13.86,17.59,12
-6.2739,-1.4571,-1.9732,-0.1842,-0.24699,19.391,-0.052187,-18.09,0.64007,-0.66979,-0.54028,-184.54,-231.18,-33.824,-0.99102,-1.3784,0.16025,-0.27255,-1.0308,0.41164,4.7843,-6.3127,26.874,12
-19.11,0.45287,-3.7908,-0.11722,-0.11722,-16.31,-19.308,5.8298,0.64007,-0.66979,-0.54028,-117.21,259.89,-16.128,-0.96519,-1.7225,0.74721,-0.27255,-1.0308,0.41164,4.847,-0.035023,37.642,12
-21.804,-3.2414,-14.839,2.5495,1.5447,-18.064,-4.242,0.55518,0.64007,-0.66979,-0.54028,-101.05,-115.14,-31.171,-1.5062,-2.2836,0.63582,-0.28431,-1.0123,0.4375,7.0746,25.236,44.293,12
-21.934,1.761,-10.157,-1.3019,-1.0591,19.839,-19.072,6.7031,0.73469,-0.4728,-0.71709,-39.702,-59.786,-36.415,-5.6187,-3.2928,1.7208,-0.28431,-1.0123,0.4375,8.6043,70.48,33.041,12
-21.9,2.5546,-9.6859,-0.22606,-0.27211,-7.3522,-19.332,-2.5089,0.73469,-0.4728,-0.71709,-24.34,171.99,-18.982,-19.963,-7.7965,3.3498,-0.28431,-1.0123,0.4375,9.6221,100.45,17.961,12
-21.814,-2.2233,-12.611,-0.20931,-0.28885,-11.778,-3.0353,-12.436,0.73469,-0.4728,-0.71709,-59.633,-41.239,-15.855,-21.338,-15.243,4.6962,-0.28431,-1.0123,0.4375,16.982,46.488,19.73,12
-21.816,-2.1482,-12.046,-0.13815,-0.23862,10.463,0.8689,-17.071,0.73469,-0.4728,-0.71709,3.3953,-14.529,-10.889,-21.286,-17.912,3.8336,-0.38039,-0.98973,0.39871,15.142,-29.752,34.535,12
-21.823,-1.7552,-9.9369,-0.25536,-0.38932,5.3163,-10.171,-9.1533,0.7718,-0.36023,-0.76031,43.445,15.896,7.9188,-21.222,-16.494,1.5711,-0.38039,-0.98973,0.39871,4.9884,14.104,36.06,12
-21.806,-0.61824,-8.4662,-0.14233,-0.29723,1.5405,-19.329,-8.1385,0.7718,-0.36023,-0.76031,76.422,19.603,21.796,-21.245,-17.012,2.8369,-0.38039,-0.98973,0.39871,-12.571,35.581,24.664,12
-13.705,-1.6279,-6.4728,-0.087912,-0.25118,1.9328,-19.344,-7.6979,0.7718,-0.36023,-0.76031,104.32,27.764,30.536,-21.308,-15.406,2.4172,-0.41765,-0.97125,0.3944,-22.34,-7.8101,13.35,12
-4.725,-1.6302,-3.3257,-0.03349,-0.15071,-4.4012,-19.351,-6.4074,0.76623,-0.49343,-0.63261,137.04,23.951,41.031,-20.074,-12.481,0.94889,-0.41765,-0.97125,0.3944,-23.105,-30.42,2.0082,12
1.6458,1.0409,1.5989,0.0083726,-0.13396,-6.7521,-19.211,7.6178,0.76623,-0.49343,-0.63261,175.37,-20.653,56.728,-14.059,-9.542,0.80415,-0.41765,-0.97125,0.3944,-15.782,-16.261,-8.4563,12
6.358,2.8053,2.5998,0.19676,0.03349,-8.2506,-11.064,-3.4691,0.76623,-0.49343,-0.63261,159.78,-69.304,58.969,-10.383,-6.5473,0.26638,-0.41765,-0.97125,0.3944,-5.6715,-10.596,-12.643,12
8.4555,1.9726,0.082799,0.29304,0.14652,9.2097,-7.7985,-18.464,0.63265,-0.75797,-0.44401,100.2,-196.6,47.437,-4.17,-3.3123,-0.22811,-0.40588,-0.97536,0.37716,-1.6036,-16.734,-5.2799,12
4.1027,0.42207,-1.741,0.050235,-0.10466,19.433,-2.3404,-18.194,0.63265,-0.75797,-0.44401,29.413,6.3114,-5.7019,3.1413,-0.090149,-1.0149,-0.40588,-0.97536,0.37716,-4.654,-16.563,8.7368,12
-0.095126,0.7159,-0.97767,-0.096285,-0.16745,-3.2882,4.7724,-13.846,0.63265,-0.75797,-0.44401,-35.419,201.46,7.3518,6.7107,2.5745,-0.54836,-0.40588,-0.97536,0.37716,-7.7661,-4.6142,20.829,12
-2.2017,0.99645,0.17389,-0.1214,-0.19257,1.7848,-0.38463,-12.72,0.63265,-0.75797,-0.44401,-90.942,61.276,-19.14,7.4321,2.8365,-0.34776,-0.42157,-0.96509,0.37931,-8.0429,3.6098,8.1063,12
-2.3885,0.73608,-0.23902,-0.083726,-0.18838,-1.2436,-3.2699,-6.1968,0.64935,-0.74672,-0.37328,-109.31,20.726,-20.532,7.0171,2.7219,-0.81182,-0.42157,-0.96509,0.37931,-2.2636,7.0355,-24.664,12
-2.2055,0.17581,0.41582,0.046049,-0.083726,1.0172,-4.9734,-4.2697,0.64935,-0.74672,-0.37328,-117.38,-7.2665,-16.194,3.4328,1.8994,-1.0613,-0.42157,-0.96509,0.37931,0.46623,10.716,-53.166,12
-0.76242,-0.26307,1.3026,0.092098,-0.050235,-0.8945,-4.5151,1.9528,0.64935,-0.74672,-0.37328,-127.17,4.391,-8.7558,0.0097707,0.78081,-1.9193,-0.42157,-0.96509,0.37931,-4.2659,4.2917,-65.11,12
0.67113,-1.2333,0.77321,0.0083726,-0.13815,-2.7622,-4.5949,3.8781,0.6679,-0.58537,-0.56974,-112.66,19.842,-11.076,-1.3375,-0.11047,-2.0472,-0.3902,-1.0021,0.35776,-11.841,0.82681,-56.202,12
-0.19656,-1.788,-0.18197,-0.16327,-0.28048,-6.5738,-0.40057,5.4872,0.6679,-0.58537,-0.56974,-90.65,-2.5797,-4.799,-2.1702,-0.092963,-1.2963,-0.3902,-1.0021,0.35776,-18.954,7.6027,-39.083,12
-1.2974,-1.2926,-0.31634,-0.31397,-0.41444,-4.1186,1.5053,5.9716,0.6679,-0.58537,-0.56974,-71.071,-44.243,-1.5993,-2.8705,-0.17592,-0.59213,-0.3902,-1.0021,0.35776,-23.082,7.8164,-21.839,12
-1.0221,-0.91459,-0.47179,-0.36839,-0.427,-2.1008,0.48255,4.6906,0.6679,-0.58537,-0.56974,-49.208,-37.857,3.6715,-1.876,0.088378,0.83775,-0.31569,-1.0329,0.30819,-21.876,2.6864,-7.3236,12
-0.6369,0.026857,-0.29232,-0.37677,-0.40188,-2.528,-1.6966,1.6295,0.6475,-0.46341,-0.72299,-38.833,-27.502,6.8237,-0.88381,-0.1582,1.1796,-0.31569,-1.0329,0.30819,-18.874,-2.3484,0.36802,12
-1.1045,0.67764,-1.1916,2.5327,1.6913,1.7933,-1.2828,-1.5462,0.6475,-0.46341,-0.72299,-40.827,-8.9495,7.1109,0.64663,-0.30453,1.5473,-0.31569,-1.0329,0.30819,-11.646,2.3459,5.1588,12
-8.1553,-0.31485,-0.91255,-1.5447,-1.3605,7.6673,1.9081,-18.099,0.6475,-0.46341,-0.72299,-82.716,-13.118,1.4969,-0.77482,-0.58644,1.3561,-0.31569,-1.0329,0.30819,-2.9528,9.9258,9.589,12
-17.997,-3.6887,-6.7004,-0.5191,-0.5191,5.7006,-19.045,16.324,0.62709,-0.36585,-0.80354,-99.19,102.28,-20.973,-1.1989,-0.61166,0.834,-0.33725,-1.037,0.28879,2.2645,11.014,14.737,12
-21.833,-1.2953,-12.506,-0.56096,-0.71167,-7.1916,-3.5047,7.9508,0.62709,-0.36585,-0.80354,-41.772,92.344,2.5094,-1.771,-0.75715,0.28506,-0.33725,-1.037,0.28879,3.7244,13.37,15.825,12
-21.908,1.9418,-14.067,-0.41863,-0.54422,19.84,-19.091,5.7438,0.62709,-0.36585,-0.80354,-3.7593,3.5238,-31.129,-4.701,-2.9033,-0.33267,-0.33725,-1.037,0.28879,-0.052593,30.647,-2.4736,12
-21.935,4.8298,-12.997,-0.41026,-0.62376,4.3743,-19.321,-5.3598,0.62709,-0.36585,-0.80354,-10.537,77.17,-27.834,-18.693,-8.8892,2.0764,-0.34706,-1.0431,0.28017,-1.6941,46.032,-26.487,12
-21.871,-0.38025,-11.118,-0.32234,-0.52329,-19.764,-19.478,-12.172,0.70315,-0.25328,-0.74853,-27.084,6.1424,-47.86,-21.305,-14.151,2.8966,-0.34706,-1.0431,0.28017,-0.57885,-4.0254,-21.993,12
-21.775,-3.1789,-10.96,-0.20513,-0.45631,5.7578,-8.55,-14.401,0.70315,-0.25328,-0.74853,-34.895,-66.624,-40.194,-21.234,-16.859,3.0737,-0.34706,-1.0431,0.28017,-0.17335,-17.335,-9.5774,12
-21.791,-2.8829,-10.27,-0.17164,-0.44375,11.338,-2.772,-10.859,0.70315,-0.25328,-0.74853,-3.09,-30.611,-11.32,-21.279,-17.383,3.7455,-0.34706,-1.0431,0.28017,-2.9245,-5.2015,3.2426,12
-21.249,-2.1982,-9.5136,-0.066981,-0.40607,10.808,-11.068,-7.7995,0.70872,-0.15009,-0.80747,37.093,15.042,9.0644,-21.317,-14.842,4.8308,-0.33137,-1.0452,0.27371,-7.9786,-7.9183,16.887,12
-13.683,0.82248,-7.0418,0.18838,-0.14233,5.1213,-19.299,-6.1533,0.70872,-0.15009,-0.80747,55.407,19.629,18.32,-21.365,-13.643,5.7137,-0.33137,-1.0452,0.27371,-15.282,-38.092,41.231,12
-9.3982,0.21244,-2.3598,0.092098,-0.1214,-0.46568,-19.314,-4.6579,0.70872,-0.15009,-0.80747,64.47,4.8599,29.109,-21.378,-11.243,5.6774,-0.33137,-1.0452,0.27371,-14.955,-59.281,64.193,12
-4.3784,-0.27103,0.50192,-0.16327,-0.2763,-5.5085,-19.223,5.4421,0.69573,-0.30206,-0.75049,112.37,-12.867,50.839,-19.463,-9.0191,5.0907,-0.36863,-1.0329,0.25216,-8.0835,-54.312,77.999,12
2.7085,-1.08,1.6186,-0.23025,-0.34328,1.8265,-16.314,8.1713,0.69573,-0.30206,-0.75049,94.45,-35.256,40.599,-13.669,-7.389,7.0993,-0.36863,-1.0329,0.25216,7.8811,-37.74,81.401,12
7.4474,-1.6639,1.1134,-0.20513,-0.31816,4.2865,2.2049,-18.128,0.69573,-0.30206,-0.75049,66.615,-36.813,11.734,-7.1733,-5.4208,4.9165,-0.36863,-1.0329,0.25216,22.224,-21.73,81.528,12
7.6659,-0.4669,-0.18939,-0.13396,-0.19676,13.142,-7.7636,-12.996,0.69573,-0.30206,-0.75049,0.44881,-68.995,-2.9265,1.2095,-2.455,-0.49775,-0.36863,-1.0329,0.25216,29.511,-11.247,84.457,12
2.4843,-0.98101,0.58539,0.025118,-0.087912,13.621,-2.7311,-1.8233,0.5974,-0.51407,-0.73084,-13.642,12.797,-14.574,6.999,-0.56445,-3.4449,-0.44902,-0.96509,0.31034,31.232,17.248,86.373,12
-1.8654,-1.1723,0.21028,0.16327,0.0083726,-3.7136,-1.397,6.8305,0.5974,-0.51407,-0.73084,0.66771,68.617,-10.223,6.4276,0.42271,-3.7289,-0.44902,-0.96509,0.31034,29.266,36.156,69.538,12
-3.4053,-1.9597,-1.3764,0.10466,-0.058608,-2.0343,3.5573,5.2304,0.5974,-0.51407,-0.73084,25.669,-51.449,-13.274,6.3813,0.97299,-3.7014,-0.44902,-0.96509,0.31034,25.174,21.876,34.942,12
-2.3634,-0.51612,-0.24645,-0.10884,-0.19257,1.8167,3.101,4.1628,0.61781,-0.50094,-0.72692,54.583,-26.417,-14.392,6.5305,1.4782,-3.1761,-0.54314,-0.91581,0.36638,15.699,7.9582,-5.1808,12
-1.7187,0.58266,0.62086,-0.16327,-0.16327,-2.8541,-0.96608,2.4023,0.61781,-0.50094,-0.72692,78.088,18.302,-9.6813,5.0063,1.3833,-2.6704,-0.54314,-0.91581,0.36638,2.3043,-2.9638,-39.996,12
0.62407,1.6247,0.7778,-0.19676,-0.25118,-9.3618,-2.905,-3.3743,0.61781,-0.50094,-0.72692,80.82,9.834,-4.4564,2.8358,0.55622,-1.3784,-0.54314,-0.91581,0.36638,-10.545,-13.224,-62.534,12
1.0559,1.2462,0.68058,-0.33072,-0.35583,-4.9928,-3.7625,-0.99847,0.61781,-0.50094,-0.72692,75.256,-54.147,0.47934,0.4014,-0.040333,-0.033267,-0.54314,-0.91581,0.36638,-15.592,-15.221,-67.669,12
0.95214,0.37272,0.044071,2.1811,1.4861,1.6475,-1.007,-5.6485,0.63636,-0.59662,-0.63654,52.496,-67.497,-4.9926,-1.115,-0.51661,1.3388,-0.50392,-0.94867,0.36638,-12.207,0.11174,-55.48,12
0.22245,-1.0217,-0.63932,-1.1219,-0.87075,6.1553,-0.67054,-9.6282,0.63636,-0.59662,-0.63654,30.638,-26.178,-10.452,-2.8876,-0.31974,2.0257,-0.50392,-0.94867,0.36638,-3.5333,23.685,-30.632,12
1.8663,-0.38451,-0.087237,-0.38514,-0.40607,0.030147,0.62776,-5.5412,0.63636,-0.59662,-0.63654,3.1769,51.711,-3.611,-5.4114,-0.39488,2.5115,-0.50392,-0.94867,0.36638,9.1826,38.549,-1.6459,12
0.99896,0.55715,0.83962,-0.35165,-0.36002,-3.0619,-1.3405,-0.38931,0.61039,-0.6454,-0.60904,-13.821,42.524,-2.6019,-5.6654,-0.021469,1.8531,-0.45882,-0.95277,0.32759,18.87,19.808,21.479,12
0.2738,-0.053815,-1.4154,-0.37258,-0.43119,1.232,-0.60247,0.14886,0.61039,-0.6454,-0.60904,-19.204,28.816,-3.6559,-3.012,-0.01261,0.73895,-0.45882,-0.95277,0.32759,22.749,-5.1535,33.72,12
-5.6374,0.050801,-0.61648,-0.35583,-0.41863,3.0235,0.86743,-18.208,0.61039,-0.6454,-0.60904,-18.066,38.529,-5.5074,-0.80439,0.32704,-0.29615,-0.45882,-0.95277,0.32759,22.994,-16.552,37.449,12
-17.597,-1.9718,-4.2512,-0.17164,-0.18838,19.776,-19.136,1.2722,0.61039,-0.6454,-0.60904,-314.95,128.47,-31.205,-3.4182,-0.1335,-0.35043,-0.45882,-0.95277,0.32759,20.661,-34.484,38.664,12
-21.83,-1.927,-12.973,-0.17582,-0.23862,-11.217,-11.923,-10.125,0.6308,-0.5591,-0.70138,-70.772,211.9,-17.587,-4.0194,0.086189,-0.38111,-0.45882,-0.95277,0.32759,16.892,-70.19,39.668,12
-21.851,-0.87079,-8.5099,-0.0041863,-0.18001,0.71144,-16.097,8.1085,0.6308,-0.5591,-0.70138,-88.014,-169.4,-56.575,-3.5307,0.96038,1.0376,-0.45882,-0.95277,0.32759,8.3672,-78.896,31.642,12
-21.928,3.457,-11.057,0.11722,-0.083726,10.948,-19.258,-3.0305,0.6308,-0.5591,-0.70138,-5.5624,33.634,-43.227,-11.365,-2.8324,3.7646,-0.45882,-0.95277,0.32759,2.6678,-56.384,8.5594,12
-21.885,0.82612,-12.578,0.13396,-0.13815,-18.595,-19.462,-11.576,0.7384,-0.37711,-0.76031,-24.94,38.048,-17.053,-21.45,-9.4485,7.1526,-0.47647,-0.89733,0.48491,2.7647,-28.738,-21.679,12
-21.808,-3.0539,-10.359,0.12559,-0.066981,2.8219,-13.675,-12.093,0.7384,-0.37711,-0.76031,-42.427,-38.842,-11.75,-21.534,-14.524,10.628,-0.47647,-0.89733,0.48491,4.2443,-6.4462,-23.316,12
-21.84,-2.9502,-8.6339,0.0,-0.029304,12.391,-4.6182,-8.357,0.7384,-0.37711,-0.76031,8.026,-6.5023,3.2234,-21.536,-16.855,11.47,-0.47647,-0.89733,0.48491,0.15254,-2.6993,20.608,12
-21.806,-1.636,-7.7051,-0.17582,-0.31816,5.2691,-13.477,-11.059,0.72727,-0.33396,-0.7721,64.464,28.897,11.264,-21.508,-10.841,8.885,-0.47647,-0.89733,0.48491,-10.499,9.3956,39.768,12
-13.241,-0.58945,-4.8004,-0.23025,-0.35583,-2.8556,-19.347,-7.9647,0.72727,-0.33396,-0.7721,87.096,25.918,27.003,-21.489,-9.1897,8.0301,-0.47647,-0.89733,0.48491,-18.346,32.553,24.578,12
-5.2556,-0.85754,-2.3298,-0.1214,-0.18838,-1.9278,-19.338,-7.0174,0.72727,-0.33396,-0.7721,121.64,15.114,36.666,-21.44,-7.9569,6.3105,-0.47647,-0.89733,0.48491,-21.881,2.2358,2.0671,12
2.6007,-0.74415,-0.76171,-0.10047,-0.19257,-4.3419,-18.582,-0.73292,0.72727,-0.33396,-0.7721,135.04,-14.745,47.374,-18.824,-6.351,3.9012,-0.47647,-0.89733,0.48491,-24.785,-18.905,-9.6929,12
4.3762,1.8955,1.6969,0.03349,-0.0041863,-1.0703,-15.135,4.368,0.72356,-0.56848,-0.60314,191.09,-11.636,50.407,-9.6085,-4.1766,2.3433,-0.45882,-0.92402,0.44397,-24.684,-8.7765,-13.041,12
7.2924,1.5414,0.62294,0.0083726,-0.0083726,0.54948,-5.7349,-15.073,0.72356,-0.56848,-0.60314,123.1,-125.08,42.223,-3.1864,-2.2703,0.96982,-0.45882,-0.92402,0.44397,-19.456,11.344,-10.25,12
4.7328,0.73249,-1.8499,-0.15489,-0.083726,19.507,-7.927,-18.441,0.72356,-0.56848,-0.60314,56.375,-115.79,10.131,1.4537,-0.51286,-0.28606,-0.45882,-0.92402,0.44397,-12.539,20.764,-5.1516,12
0.96017,0.98116,-2.2064,-0.23025,-0.15908,13.038,-0.26671,-12.81,0.57328,-0.73921,-0.52259,1.1349,156.32,-1.7302,4.8846,0.96194,-0.80607,-0.47255,-0.93224,0.39009,-8.3604,25.723,4.9907,12
-2.1356,1.2246,-0.35294,-0.32653,-0.23025,-0.015824,2.1202,-12.727,0.57328,-0.73921,-0.52259,-51.801,111.34,-6.138,5.8968,1.4762,-0.38453,-0.47255,-0.93224,0.39009,-4.5288,31.859,5.367,12
-2.8428,0.21979,0.43031,-0.27211,-0.10047,-3.355,0.17948,-8.785,0.57328,-0.73921,-0.52259,-82.14,63.574,-11.691,4.9948,1.0781,-0.18568,-0.47255,-0.93224,0.39009,1.2756,37.788,-12.988,12
-1.2687,-0.70671,0.71534,2.9471,2.3025,-3.2843,-3.3292,-4.2097,0.57328,-0.73921,-0.52259,-104.78,1.7817,-9.1777,1.5444,0.38061,-0.9393,-0.47255,-0.93224,0.39009,6.4592,35.51,-35.966,12
0.38489,-1.5676,0.57471,-1.3857,-0.95866,-1.8543,-4.7066,-1.358,0.66605,-0.66417,-0.48919,-116.79,-7.2725,-5.9609,-1.7043,-0.28097,-1.0974,-0.48235,-0.94251,0.36853,6.0807,15.615,-47.688,12
1.4231,-0.95072,0.53549,-0.47305,-0.29723,-4.2894,-4.5324,1.2201,0.66605,-0.66417,-0.48919,-115.88,36.572,-0.21266,-1.1664,-0.55601,-1.6007,-0.48235,-0.94251,0.36853,-0.93308,-3.5415,-46.554,12
0.37408,-1.0273,0.075962,-0.48142,-0.33909,-5.6993,-2.8136,3.7919,0.66605,-0.66417,-0.48919,-106.19,19.044,-4.2716,0.090395,-0.44199,-1.1992,-0.48235,-0.94251,0.36853,-11.324,-1.3605,-38.48,12
-0.37435,-0.47448,-0.4006,-0.42282,-0.24699,-1.587,-0.4933,6.1157,0.66976,-0.5197,-0.64047,-86.336,-12.164,-4.2122,-0.53561,-0.32704,-0.70385,-0.42941,-0.98973,0.34483,-20.027,8.0953,-27.196,12
-1.4918,-0.66384,0.24552,-0.36421,-0.1842,-1.2629,1.7438,6.0641,0.66976,-0.5197,-0.64047,-53.576,19.435,-1.143,-1.7456,-0.38686,0.31399,-0.42941,-0.98973,0.34483,-23.12,4.0131,-21.08,12
-1.3684,-0.77383,0.25667,-0.30141,-0.19257,-6.3202,0.95771,5.6722,0.66976,-0.5197,-0.64047,-33.531,12.262,4.5884,-0.74415,-0.56341,0.65933,-0.42941,-0.98973,0.34483,-20.338,-5.0985,-22.016,12
-1.3717,-1.1096,-1.5209,-0.20513,-0.092098,-1.8428,-0.79466,3.7023,0.6846,-0.42026,-0.70138,-18.561,-14.493,4.9895,-0.87279,-0.78977,1.023,-0.42941,-0.98973,0.34483,-13.883,-5.9092,-24.045,12
-5.6155,-1.0434,-2.2834,-0.15489,-0.058608,19.374,1.701,-18.023,0.6846,-0.42026,-0.70138,-61.613,-111.86,-3.9983,-2.3056,-0.49316,1.6837,-0.4,-0.99384,0.29741,-5.8664,-12.136,-21.657,12
-15.697,-1.0108,-4.512,-0.0083726,0.11722,8.3193,-18.996,23.133,0.6846,-0.42026,-0.70138,-89.406,82.362,-34.245,-2.0767,-0.42636,1.3641,-0.4,-0.99384,0.29741,-2.7677,-25.421,-22.184,12
-21.819,-1.4821,-14.018,0.062794,0.15071,-0.30024,-9.3095,9.6461,0.6846,-0.42026,-0.70138,-55.812,79.824,1.1838,-0.44229,-0.50755,1.2455,-0.4,-0.99384,0.29741,-5.2427,-21.579,-21.55,12
-21.856,-0.11613,-13.274,0.11303,0.041863,19.67,-19.222,-7.3165,0.72727,-0.29644,-0.72888,-16.816,14.664,-29.103,-4.5181,-2.7448,2.519,-0.37647,-1.0287,0.28879,-7.3211,3.9784,-26.901,12
-21.854,0.29355,-10.805,-0.1214,-0.058608,0.23695,-19.286,-5.7952,0.72727,-0.29644,-0.72888,-8.048,41.181,-32.574,-15.674,-6.8192,5.0757,-0.37647,-1.0287,0.28879,-3.618,33.178,-43.364,12
-21.802,-5.3603,-15.061,-0.23862,0.0041863,-13.595,-19.454,-13.671,0.72727,-0.29644,-0.72888,-9.9305,-5.2218,-42.029,-21.434,-11.181,6.868,-0.37647,-1.0287,0.28879,3.5066,9.5458,-40.098,12
-21.711,-6.3836,-12.648,-0.27211,-0.1214,1.5382,-5.7869,-18.295,0.75696,-0.17073,-0.73477,-15.567,-31.954,-22.601,-21.461,-14.485,8.5362,-0.37647,-1.0287,0.28879,3.1092,-12.239,-22.92,12
-21.809,-2.4752,-11.665,0.0,0.14652,6.7157,-10.26,-10.123,0.75696,-0.17073,-0.73477,11.919,-4.7063,-0.19132,-21.472,-15.073,8.7464,-0.32353,-1.0431,0.28448,4.6801,1.2244,0.081358,12
-20.399,0.74562,-10.112,-0.16745,-0.054422,10.796,-19.248,-7.0107,0.75696,-0.17073,-0.73477,40.084,-3.7036,11.645,-21.47,-14.468,9.162,-0.32353,-1.0431,0.28448,-0.86376,3.3904,11.501,12
-15.47,3.2794,-7.0417,0.096285,0.23443,4.3179,-19.357,-7.9768,0.75696,-0.17073,-0.73477,45.219,0.83221,14.96,-21.484,-13.141,9.8638,-0.32353,-1.0431,0.28448,-5.013,-16.557,27.141,12
-8.1019,1.0526,-4.2737,-0.1842,-0.07954,-4.6486,-19.302,-1.5116,0.7384,-0.20638,-0.73477,61.477,-11.257,26.589,-21.523,-10.74,9.0047,-0.34118,-1.0287,0.28664,-8.1948,-29.535,51.034,12
-2.2625,-2.0259,0.32294,-0.29304,-0.037677,-1.8352,-19.172,9.5543,0.7384,-0.20638,-0.73477,90.287,-40.169,34.96,-17.499,-7.5885,7.1518,-0.34118,-1.0287,0.28664,-4.6779,-18.954,60.024,12
4.4524,-2.4205,1.0453,-0.31816,-0.025118,2.1514,-14.665,11.695,0.7384,-0.20638,-0.73477,73.473,-42.203,29.833,-10.645,-4.7259,6.4095,-0.34118,-1.0287,0.28664,-0.42389,-24.436,60.525,12
7.7988,-1.0523,1.9158,-0.33909,0.025118,1.9993,-1.6021,-5.758,0.67532,-0.42214,-0.72888,46.05,-55.69,11.324,-4.0209,-2.8568,3.3155,-0.34118,-1.0287,0.28664,4.0878,-22.099,62.758,12
7.3031,1.5136,1.3994,0.95029,0.93354,13.728,-7.6277,-9.3066,0.67532,-0.42214,-0.72888,-18.228,-30.643,-6.1111,1.8853,-0.8423,-0.22961,-0.40588,-0.99795,0.3125,5.9562,-14.79,69.581,12
1.4061,0.90465,1.8498,1.7624,1.8587,3.0207,-4.1183,2.0326,0.67532,-0.42214,-0.72888,-16.493,49.156,-3.7692,5.5901,0.31557,-1.4426,-0.40588,-0.99795,0.3125,8.2733,1.4724,64.772,12
-1.7569,-1.5481,0.52383,-0.8247,-0.25536,-6.6028,1.1218,9.2088,0.67532,-0.42214,-0.72888,21.674,45.838,-0.45897,5.5672,0.81155,-1.8448,-0.40588,-0.99795,0.3125,9.4792,14.342,46.256,12
-2.9095,-1.497,0.32843,-0.41026,-0.07954,-3.6978,3.9671,5.6197,0.66419,-0.45591,-0.72495,55.904,-55.421,1.7449,3.8323,1.6238,-1.6167,-0.46471,-0.96304,0.31681,11.251,11.993,12.74,12
-2.5915,-0.22384,-0.40962,-0.35583,-0.050235,2.553,1.6421,1.8368,0.66419,-0.45591,-0.72495,80.3,-42.454,0.83875,3.3238,1.3775,-2.254,-0.46471,-0.96304,0.31681,8.4661,2.7999,-20.075,12
-0.68886,0.60473,0.45443,-0.32653,-0.037677,0.43677,-0.67179,0.14786,0.66419,-0.45591,-0.72495,91.062,-1.2776,3.0977,0.50443,0.43042,-1.9576,-0.46471,-0.96304,0.31681,3.9017,-4.805,-41.029,12
0.70029,0.8442,1.1286,-0.20931,0.050235,-0.43965,-1.6004,0.35308,0.6141,-0.5666,-0.66798,90.158,-6.0392,3.1634,-1.9433,-0.31453,-1.4532,-0.46471,-0.96304,0.31681,-2.4396,-10.568,-42.903,12
1.4155,-0.068486,0.18331,-0.13396,0.096285,-1.2862,-1.961,-3.0276,0.6141,-0.5666,-0.66798,85.855,-1.042,2.1894,-2.3885,-0.72807,-0.80724,-0.42549,-0.95893,0.34914,-7.6315,-9.1133,-29.664,12
1.8819,0.34805,-0.60025,-0.0041863,0.15489,-0.69074,-2.8283,-6.5962,0.6141,-0.5666,-0.66798,64.028,-38.989,1.7067,-2.6852,-1.181,-0.10072,-0.42549,-0.95893,0.34914,-9.6622,3.2565,-10.695,12
1.3196,0.18212,-0.73098,0.18838,0.33072,3.0181,-1.2252,-10.635,0.60111,-0.69043,-0.58153,42.875,-27.034,-3.1846,-1.8917,-0.9363,0.36985,-0.42549,-0.95893,0.34914,-8.065,1.3962,4.5179,12
0.11598,0.26166,-0.7975,0.28885,0.42282,-1.2221,-0.96982,-7.8732,0.60111,-0.69043,-0.58153,13.528,11.791,0.33303,-0.2707,-1.1891,0.086377,-0.43529,-1.0,0.30603,-3.018,3.4043,10.736,12
-0.62278,0.33081,-0.37023,0.38932,0.50235,-0.69725,-0.68409,-3.062,0.60111,-0.69043,-0.58153,-8.4376,12.011,-1.5387,-0.71818,-1.9242,-0.41913,-0.43529,-1.0,0.30603,4.5761,8.7776,11.195,12
-3.0173,1.371,-1.7292,0.21769,0.32234,1.3298,0.10907,-13.846,0.60111,-0.69043,-0.58153,-21.143,30.487,-5.2211,0.20984,-1.5083,-0.82541,-0.43529,-1.0,0.30603,11.612,12.149,10.58,12
-11.704,1.3861,-2.8437,-0.17164,0.066981,19.441,-4.2124,-18.266,0.60668,-0.70732,-0.57957,-273.74,-144.05,-39.117,-0.14581,-0.79873,-0.87327,-0.43529,-1.0,0.30603,15.086,18.517,15.64,12
-21.655,-9.1721,-7.4781,-0.17582,0.050235,-9.1126,-19.339,-7.131,0.60668,-0.70732,-0.57957,-88.719,333.55,-3.0041,-3.6128,-1.5506,1.9433,-0.44118,-0.97331,0.32974,11.411,10.002,31.536,12
-21.78,-3.9183,-16.816,-0.13396,0.058608,-14.881,0.138,5.8789,0.60668,-0.70732,-0.57957,-99.594,-152.03,-55.651,-5.3263,-1.5727,4.7339,-0.44118,-0.97331,0.32974,11.023,-10.777,40.4,12
-21.935,4.3125,-9.7487,-0.025118,0.15071,13.591,-19.176,1.1667,0.71985,-0.46904,-0.7387,6.4975,-27.221,-36.077,-8.9471,-3.9445,5.5528,-0.44118,-0.97331,0.32974,13.297,-16.75,8.0147,12
-21.85,0.57564,-10.727,0.12559,0.18838,-21.71,-19.557,-17.122,0.71985,-0.46904,-0.7387,-41.156,82.613,-18.041,-19.794,-6.5468,6.3185,-0.46471,-0.94867,0.36207,12.334,-5.3527,-32.913,12
-21.771,-4.3617,-13.887,0.071167,0.14233,6.3925,1.5316,-9.2137,0.71985,-0.46904,-0.7387,-58.704,-41.064,-16.741,-21.497,-11.426,8.387,-0.46471,-0.94867,0.36207,10.413,-17.931,-40.407,12
-21.828,-1.0285,-11.903,-0.17582,-0.07954,9.4813,-2.3203,-8.2712,0.71985,-0.46904,-0.7387,31.074,12.35,-0.88927,-21.43,-15.409,8.1358,-0.46471,-0.94867,0.36207,-3.3207,-8.9136,-5.3924,12
-21.867,-0.5806,-6.2312,-0.2428,-0.087912,0.71781,-19.287,-12.811,0.7551,-0.40525,-0.73674,77.698,-6.4651,9.3332,-21.334,-15.401,4.9279,-0.46471,-0.94867,0.36207,-15.308,-4.7507,17.792,12
-13.133,-0.43699,-5.7972,-0.31816,-0.22187,1.076,-19.365,-9.7283,0.7551,-0.40525,-0.73674,95.848,3.6287,30.081,-21.279,-16.907,3.2796,-0.4451,-0.95483,0.38147,-27.736,-8.8099,16.862,12
-3.674,0.36866,-2.1563,-0.0041863,0.10466,-2.7662,-19.319,-7.1603,0.7551,-0.40525,-0.73674,139.1,36.774,44.469,-19.477,-14.958,2.2209,-0.4451,-0.95483,0.38147,-32.603,-10.783,-3.7933,12
3.3894,2.248,1.8234,3.0434,2.4699,-6.098,-19.19,7.7399,0.718,-0.58912,-0.59725,170.99,-0.058502,64.546,-8.5792,-10.967,0.2954,-0.4451,-0.95483,0.38147,-33.154,5.9849,-33.575,12
7.1302,1.066,1.538,-1.1763,-0.77865,-6.094,-13.31,-3.3202,0.718,-0.58912,-0.59725,168.09,-56.727,65.027,-4.2115,-7.1557,0.43388,-0.44902,-0.97331,0.30172,-25.324,34.959,-50.315,12
7.2962,-1.1731,-1.653,-0.21769,-0.066981,15.893,-9.968,-18.579,0.718,-0.58912,-0.59725,108.79,-253.75,37.88,-5.8988,-3.0668,3.3154,-0.44902,-0.97331,0.30172,-9.9017,51.118,-52.334,12
3.2032,-1.0693,-3.0015,-0.15908,-0.020931,19.396,2.6618,-17.975,0.718,-0.58912,-0.59725,19.731,133.93,-1.8782,-6.7501,1.2857,7.5747,-0.44902,-0.97331,0.30172,6.7192,43.554,-29.904,12
0.87414,1.7477,-1.169,-0.13815,-0.037677,-8.3079,3.6949,-8.7317,0.718,-0.58912,-0.59725,-50.317,118.48,-1.4772,-1.6702,6.2359,5.593,-0.44902,-0.97331,0.30172,14.293,11.009,8.118,12
-1.6929,1.8188,0.26895,-0.058608,0.037677,3.1861,1.5183,-12.528,0.718,-0.58912,-0.59725,-99.748,0.63051,-26.438,3.1073,5.6155,-0.44839,-0.42353,-1.0082,0.26293,15.332,-10.807,23.519,12
-3.3018,0.94645,1.0431,0.03349,0.13815,0.66694,-3.5269,-4.1801,0.718,-0.58912,-0.59725,-121.08,15.523,-19.379,5.3747,1.932,-4.7992,-0.42353,-1.0082,0.26293,12.585,1.7708,8.1762,12
