-21.78,-2.4138,-8.6804,-0.88749,-0.66562,-0.0048893,-19.292,-4.4751,0.042672,-0.79362,0.49705,121.07,0.6242,43.893,1.3187,-18.661,-2.0685,0.019608,-0.80903,0.78448,14.378,1.4848,72.114,12
-15.472,0.38147,-5.1341,-0.80795,-0.52329,0.39261,-19.281,1.6128,0.042672,-0.79362,0.49705,151.19,-17.292,56.456,0.96938,-18.614,-0.44114,0.019608,-0.80903,0.78448,12.334,-5.3405,77.195,12
-5.0691,0.92733,-1.8429,-0.72004,-0.28885,-1.9148,-19.241,6.623,0.042672,-0.79362,0.49705,172.12,33.875,62.886,1.6393,-18.604,-1.4406,0.019608,-0.80903,0.78448,9.2335,-28.174,59.311,12
1.4585,1.3171,0.055378,-0.50235,-0.2763,19.603,-19.081,-18.945,-0.057514,-0.56098,0.76817,133.78,-106.66,23.355,5.2766,-9.1318,-2.1753,-0.037255,-0.76797,0.8125,4.5025,-34.489,40.146,12
6.2817,3.0883,0.47795,-0.31816,-0.11303,13.059,-4.8471,-18.372,-0.057514,-0.56098,0.76817,91.412,-5.1343,9.4785,8.518,1.3728,-2.723,-0.037255,-0.76797,0.8125,7.29,-7.0848,24.765,12
8.4951,2.5157,-0.64727,-0.53166,-0.43956,-8.1142,-1.8052,-12.203,-0.057514,-0.56098,0.76817,19.304,-43.496,0.33748,7.4588,6.9007,-2.9258,-0.037255,-0.76797,0.8125,14.826,46.335,20.411,12
2.6602,1.3335,-0.38525,-0.79121,-0.69492,11.998,0.99364,-14.497,-0.057514,-0.56098,0.76817,-50.201,-98.03,0.68562,4.8022,7.3082,-3.1763,-0.070588,-0.7577,0.81897,16.245,80.543,12.516,12
-0.29562,-0.37057,-1.6228,-0.92098,-0.5484,7.7815,-2.1657,-6.6659,0.03154,-0.47655,0.80354,-90.572,-15.241,-7.4157,1.1164,4.2005,-1.9462,-0.070588,-0.7577,0.81897,10.934,87.997,-9.6866,12
-0.78753,-1.0274,-1.0819,-1.4443,-0.80795,1.4722,-5.0067,-1.6627,0.03154,-0.47655,0.80354,-108.52,15.581,-16.744,-1.4088,2.1259,-1.4145,-0.070588,-0.7577,0.81897,5.9721,76.56,-33.137,12
1.3056,0.37635,0.033872,-0.38932,-0.13396,-0.69439,-7.0991,-0.0077316,0.03154,-0.47655,0.80354,-117.11,21.905,-19.378,-2.5417,1.2065,-1.3459,-0.070588,-0.7577,0.81897,-1.2117,58.361,-45.373,12
1.8748,1.7122,0.3541,2.809,2.3778,-3.0211,-8.2691,-0.17283,0.076067,-0.68105,0.64637,-122.69,4.7131,-19.816,-2.6819,0.70494,-1.5064,-0.20784,-0.75359,0.79526,-7.8431,41.542,-46.06,12
0.59463,0.57172,-0.011703,-1.6494,-0.95866,-3.2848,-7.1877,0.045269,0.076067,-0.68105,0.64637,-126.02,-27.18,-17.266,-1.9713,0.16654,-1.3458,-0.20784,-0.75359,0.79526,-12.329,23.859,-40.196,12
0.97212,0.38385,-0.039138,-1.8085,-1.0549,0.4884,-5.4789,4.5851,0.076067,-0.68105,0.64637,-126.24,-26.444,-15.97,-1.7292,-0.44877,-0.8766,-0.20784,-0.75359,0.79526,-15.329,11.098,-30.742,12
0.029092,-0.44449,1.0442,-1.0968,-0.63632,-1.5856,-3.671,7.1548,0.076067,-0.68105,0.64637,-109.42,9.1676,-16.807,-1.3284,-0.93078,-0.077789,-0.21765,-0.79466,0.78233,-16.514,0.31539,-21.272,12
-0.067723,-0.65424,0.70954,-0.95029,-0.53166,-5.7187,0.30773,7.0103,0.141,-0.8424,0.40472,-84.463,18.826,-12.496,-0.71499,-1.1146,0.53802,-0.21765,-0.79466,0.78233,-13.139,-3.2677,-13.226,12
-0.20614,-1.309,1.398,-0.96703,-0.56934,-3.7519,-0.29498,6.1456,0.141,-0.8424,0.40472,-64.418,-3.3925,-6.7585,-0.20863,-0.635,0.4995,-0.21765,-0.79466,0.78233,-8.9676,0.90498,-9.2137,12
-0.018841,-1.0781,0.72402,-0.96703,-0.61538,-1.9492,-0.79782,7.3469,0.141,-0.8424,0.40472,-48.419,-10.708,-4.5522,0.18508,-0.22428,0.57212,-0.21765,-0.79466,0.78233,-6.2296,5.4041,-10.287,12
0.47043,-0.28902,1.0898,-1.0633,-0.74097,-5.1631,-0.047993,6.0918,0.15584,-0.9137,0.27308,-37.532,3.1276,-0.43504,-0.40089,0.18634,0.63432,-0.19608,-0.81109,0.75647,-4.725,12.242,-14.657,12
0.87717,0.58589,0.87378,-1.0382,-0.76609,-1.741,-2.2582,-7.9949,0.15584,-0.9137,0.27308,-52.104,-104.07,3.9586,-0.68202,-0.095673,1.4327,-0.19608,-0.81109,0.75647,-3.4163,17.434,-20.459,12
0.77727,0.53044,0.25827,-0.90424,-0.6112,19.471,-6.3125,-18.381,0.15584,-0.9137,0.27308,-73.827,57.252,-42.097,-1.0427,-0.19843,2.1567,-0.19608,-0.81109,0.75647,-1.0358,22.093,-24.068,12
-2.5254,1.0152,1.0072,-0.81214,-0.53166,-19.621,-19.159,18.721,0.19481,-0.92495,0.18075,-78.742,221.89,-16.661,-0.48666,-1.4862,3.384,-0.20784,-0.8152,0.7306,1.8873,27.145,-24.06,12
-12.798,1.5242,1.453,-0.69074,-0.28467,17.21,-19.016,15.221,0.19481,-0.92495,0.18075,-72.786,-87.896,-28.69,-0.60745,-4.2434,4.6628,-0.20784,-0.8152,0.7306,6.1053,36.028,-20.816,12
-21.457,-19.081,-12.349,-0.61538,-0.20931,4.7733,-19.145,10.226,0.19481,-0.92495,0.18075,-48.929,16.636,-17.658,-1.9977,-11.097,5.2889,-0.20784,-0.8152,0.7306,14.052,40.734,-14.206,12
-21.907,2.4338,-14.781,-0.69911,-0.53585,-3.7298,-17.356,-12.78,0.19481,-0.92495,0.18075,-33.021,-35.266,-12.407,-5.3556,-18.586,7.3832,-0.20784,-0.8152,0.7306,17.905,31.096,-12.227,12
-21.884,2.2622,-10.733,-0.49817,-0.30141,-0.37821,-15.482,-14.528,0.2616,-0.94371,0.033399,-22.852,-17.019,-2.4031,-3.8344,-18.56,6.9991,-0.23922,-0.80698,0.72845,18.427,-6.4598,7.6534,12
-21.867,-0.078815,-12.976,-0.65306,-0.42282,8.1075,-16.134,-9.4652,0.2616,-0.94371,0.033399,2.1278,6.7677,13.31,-4.1361,-18.596,3.4035,-0.23922,-0.80698,0.72845,19.081,-30.904,32.099,12
-21.773,-3.7559,-9.8222,-0.74097,-0.53585,4.6229,-19.268,-8.0005,0.2616,-0.94371,0.033399,18.181,17.249,25.727,-1.2496,-18.598,3.1847,-0.23922,-0.80698,0.72845,14.514,-20.749,44.902,12
-21.825,-1.7029,-9.1112,-0.72004,-0.3349,-2.5357,-19.343,-7.6071,0.23006,-0.9531,0.043222,35.68,10.469,14.045,-2.8878,-18.562,4.7802,-0.27843,-0.76797,0.79095,7.1523,-2.8998,43.854,12
-19.956,-0.17202,-6.7944,-0.88749,-0.4898,-4.4021,-19.218,6.9013,0.23006,-0.9531,0.043222,76.228,5.1093,22.234,-3.8675,-18.559,6.1033,-0.27843,-0.76797,0.79095,-3.19,4.1608,13.613,12
-6.9468,-1.1465,-3.4084,-1.4861,-0.82889,2.3855,-19.063,19.487,0.23006,-0.9531,0.043222,77.254,-28.479,24.137,-6.098,-18.599,7.1326,-0.27843,-0.76797,0.79095,-10.574,1.8064,-11.421,12
0.75672,0.042779,-0.49089,0.062794,0.2135,-0.38668,-15.514,5.0017,0.23006,-0.9531,0.043222,62.806,-61.912,12.35,-6.4897,-11.93,7.966,-0.27843,-0.76797,0.79095,-8.4206,-34.164,-12.823,12
6.346,0.37835,0.83405,3.2109,2.248,0.90388,-9.3922,0.38318,0.18182,-0.93246,0.18861,23.209,-80.416,8.5651,-3.2306,-3.5646,5.5405,-0.22941,-0.78029,0.7694,1.193,-60.238,2.7923,12
8.1712,2.5509,-1.4652,-1.2266,-0.46886,1.9205,-4.0158,4.3601,0.18182,-0.93246,0.18861,-2.8306,-82.541,10.117,-0.97947,1.7473,2.7332,-0.22941,-0.78029,0.7694,11.146,-52.359,20.241,12
2.9943,1.2962,1.6535,-1.3312,-0.75353,6.5267,3.3261,1.9191,0.18182,-0.93246,0.18861,3.0172,-47.37,1.7121,-1.0713,3.8044,1.4402,-0.22941,-0.78029,0.7694,15.817,-34.103,35.675,12
-2.8918,-1.8736,0.63137,-0.86656,-0.48142,5.6755,1.464,7.7862,0.18553,-0.93058,0.16699,38.946,109.7,1.443,-2.0812,2.9007,1.0721,-0.17059,-0.73922,0.79741,15.327,-29.275,46.087,12
-2.7948,-2.1816,1.2247,-0.87912,-0.48561,-8.4555,2.9174,14.509,0.18553,-0.93058,0.16699,72.482,66.248,8.7104,-2.6886,0.87992,1.9919,-0.17059,-0.73922,0.79741,11.105,-38.521,42.846,12
-1.1632,-0.92884,1.8217,-0.84563,-0.46049,-0.99404,-1.4017,7.3575,0.18553,-0.93058,0.16699,93.998,21.078,19.554,-2.0851,-0.74912,3.0875,-0.17059,-0.73922,0.79741,10.767,-54.381,35.416,12
0.22638,0.29713,1.8267,-0.83307,-0.44375,0.84137,-4.3136,3.2927,0.18553,-0.93058,0.16699,108.2,11.762,21.384,-0.68041,-0.99654,2.346,-0.17059,-0.73922,0.79741,12.38,-54.669,26.426,12
0.51307,0.60917,1.2127,-0.84144,-0.59027,1.0441,-5.1654,1.2834,0.18553,-0.93058,0.16699,112.08,-1.1208,18.404,0.36925,-1.0762,1.3837,-0.1451,-0.73101,0.86207,13.79,-39.269,25.217,12
1.3352,-0.093574,0.59158,-0.79958,-0.61957,0.50556,-5.7531,0.92573,0.18553,-0.93058,0.16699,111.05,2.1923,16.805,1.1988,-0.73714,0.28606,-0.1451,-0.73101,0.86207,14.191,-17.133,25.004,12
1.5448,0.031306,0.4344,-0.65306,-0.48561,0.19542,-5.4969,1.8,0.18553,-0.93058,0.16699,108.87,4.0489,17.118,0.41703,-0.12194,-0.1936,-0.1451,-0.73101,0.86207,13.816,-0.80449,24.111,12
1.3911,0.14288,0.23391,-0.55678,-0.41026,1.8595,-6.3964,-0.040811,0.070501,-0.72608,0.5835,104.28,6.1131,13.726,-0.38654,0.025429,-0.45706,-0.10392,-0.68788,0.88362,14.413,4.9859,22.982,12
1.4998,0.26045,-0.30288,-0.54003,-0.35165,4.1469,-6.976,-4.5261,0.070501,-0.72608,0.5835,95.221,18.681,8.8756,-0.75694,0.14184,-0.81582,-0.10392,-0.68788,0.88362,14.193,0.97403,20.852,12
0.99617,0.69642,-0.9689,-0.52329,-0.32234,3.8573,-5.6217,-9.6904,0.070501,-0.72608,0.5835,72.23,55.058,5.0755,-0.46932,0.67419,-1.5809,-0.10392,-0.68788,0.88362,14.479,-6.284,21.291,12
1.1816,1.5245,-0.76805,-0.38932,-0.22606,1.6946,-3.1417,-10.213,-0.011132,-0.58161,0.73477,41.338,72.981,5.947,0.40182,0.98278,-1.7217,-0.10392,-0.68788,0.88362,13.7,-12.443,21.698,12
1.1608,2.0622,-1.0144,-0.2428,-0.12559,0.86441,-2.9845,-7.3593,-0.011132,-0.58161,0.73477,16.065,60.39,6.0012,0.18263,1.0755,-1.4462,-0.12157,-0.65708,0.90733,13.475,-16.977,21.739,12
1.0647,1.8172,0.15302,-0.28048,-0.087912,2.347,-4.1546,-18.434,-0.011132,-0.58161,0.73477,-13.813,30.597,3.1449,0.28527,-0.10474,-1.474,-0.12157,-0.65708,0.90733,15.745,-23.351,21.848,12
0.58244,0.6762,-1.3812,-0.25536,-0.07954,19.596,-19.338,-18.938,-0.011132,-0.58161,0.73477,-85.168,240.85,-85.265,1.0727,-1.5125,-1.2527,-0.12157,-0.65708,0.90733,19.115,-27.416,17.985,12
-5.5259,1.0443,-0.86391,-0.55678,-0.2763,-15.749,-7.8552,23.387,-0.044527,-0.67917,0.65815,-105.03,54.812,-43.036,1.6211,-4.8774,-0.74387,-0.092157,-0.62012,0.93319,23.302,-21.715,11.514,12
-21.89,0.063352,-1.9627,-0.68237,-0.31397,10.055,-19.316,-10.792,-0.044527,-0.67917,0.65815,-120.28,-32.742,-28.003,1.4043,-11.217,0.26205,-0.092157,-0.62012,0.93319,29.337,-10.631,0.69306,12
-21.851,-1.8882,-16.865,-0.66981,0.14233,-16.357,-19.285,6.1951,-0.044527,-0.67917,0.65815,-52.061,-3.3326,-15.52,-0.1716,-18.611,-0.076372,-0.092157,-0.62012,0.93319,36.1,1.4321,-2.1804,12
-22.092,11.695,-14.874,-0.62794,-0.28885,-0.096508,-4.9077,-13.538,-0.0055659,-0.82552,0.48723,-9.0409,4.8611,-5.4955,-0.89654,-18.616,1.4234,-0.092157,-0.62012,0.93319,29.641,19.805,13.752,12
-21.901,2.6176,-12.954,2.1099,1.6368,1.7199,-13.675,-10.052,-0.0055659,-0.82552,0.48723,47.879,-3.2311,-1.5025,-2.7917,-18.601,0.92413,-0.088235,-0.5462,0.97198,40.681,46.514,27.785,12
-21.842,-1.3134,-16.76,-1.0801,-0.64469,1.1859,-19.326,-7.8815,-0.0055659,-0.82552,0.48723,94.486,-15.257,21.351,-7.1863,-18.639,3.0889,-0.088235,-0.5462,0.97198,27.831,54.202,39.726,12
-21.836,-1.1258,-8.2487,-1.5364,-1.147,3.9265,-19.3,-6.2382,-0.0055659,-0.82552,0.48723,139.44,-11.67,45.091,-5.4102,-18.571,5.8631,-0.088235,-0.5462,0.97198,18.536,40.324,40.04,12
-13.205,-3.4017,-4.3483,-0.88749,-0.38514,2.7997,-19.191,3.6309,-0.033395,-0.7561,0.59528,183.5,-13.945,68.62,-3.1229,-18.577,5.2899,-0.2098,-0.47228,0.99353,5.1144,26.704,25.828,12
-1.8866,-3.1428,-0.73549,-0.84563,-0.41026,-3.5243,-19.26,-0.25866,-0.033395,-0.7561,0.59528,202.11,-16.883,74.193,-1.576,-18.579,4.0606,-0.2098,-0.47228,0.99353,-11.913,11.593,3.9779,12
6.7535,0.70957,1.4533,-0.75353,-0.41863,19.626,-19.328,-18.947,-0.033395,-0.7561,0.59528,120.75,-72.033,12.302,-0.74061,-9.6476,3.2364,-0.2098,-0.47228,0.99353,-25.298,1.6239,-8.1034,12
11.066,5.7696,-0.23863,-0.66981,-0.45631,-6.2615,9.2465,-17.923,-0.03525,-0.41651,0.83104,79.461,-84.648,4.7407,2.1402,0.65772,2.7725,-0.2098,-0.47228,0.99353,-28.548,-0.1951,-11.76,12
7.2907,3.6475,-0.89278,-0.62376,-0.69492,9.1482,0.70965,-18.144,-0.03525,-0.41651,0.83104,-21.67,-181.25,12.347,3.8166,9.3201,2.0077,-0.23137,-0.51129,0.96767,-20.926,7.983,-3.0254,12
-2.6391,1.1468,-2.1705,-0.60283,-0.53585,11.332,0.10151,-11.632,-0.03525,-0.41651,0.83104,-90.507,-16.71,8.4707,3.3111,13.87,2.006,-0.23137,-0.51129,0.96767,-9.7767,9.7606,4.4,12
-4.2547,0.61589,-2.2077,-0.75772,-0.10047,2.8395,-4.7977,-4.524,0.12616,-0.47655,0.77407,-118.4,41.001,-6.267,0.23742,8.2135,1.3482,-0.23137,-0.51129,0.96767,-6.6758,-3.3093,-10.931,12
-1.1937,2.1084,0.084496,-0.72841,-0.13815,-0.97752,-7.9578,-4.6889,0.12616,-0.47655,0.77407,-144.21,51.534,-18.555,-0.36574,1.477,0.69885,-0.23529,-0.55236,0.9569,-4.6383,-15.0,-34.6,12
2.0949,1.3133,1.0656,-0.54003,-0.37677,-3.313,-12.255,-2.7396,0.12616,-0.47655,0.77407,-158.59,34.613,-20.551,-0.01497,-1.1711,-0.11064,-0.23529,-0.55236,0.9569,-1.6908,-7.5002,-62.053,12
2.1914,0.53027,0.6793,-0.54422,0.15071,0.52385,-11.974,0.61487,0.12616,-0.47655,0.77407,-158.56,-3.7355,-21.611,-0.47868,-1.419,-0.90429,-0.23529,-0.55236,0.9569,-0.77226,12.54,-71.621,12
1.7203,-0.15858,0.40678,-0.34328,0.15489,1.177,-9.644,1.9358,0.1039,-0.72983,0.56778,-154.77,2.0982,-21.457,-0.27048,-0.96329,-1.3294,-0.23529,-0.55236,0.9569,-1.1719,26.44,-61.299,12
1.3818,0.10158,0.31441,-0.17164,0.22606,-1.3021,-7.373,5.2746,0.1039,-0.72983,0.56778,-152.41,16.57,-22.082,-0.14995,-0.24919,-0.91871,-0.2,-0.57084,0.95474,-2.017,31.696,-44.762,12
2.0003,0.48905,0.57033,-0.25118,0.046049,-2.8,-5.2016,4.5973,0.1039,-0.72983,0.56778,-136.24,29.436,-19.503,-0.45188,0.62521,-0.47916,-0.2,-0.57084,0.95474,-3.3212,26.943,-31.383,12
0.40804,0.30515,1.2064,-0.36839,-0.041863,-2.9009,-2.0711,4.7737,0.14657,-0.89118,0.27898,-115.92,18.223,-16.767,-1.2054,1.4735,0.35493,-0.2,-0.57084,0.95474,-4.0295,9.978,-22.563,12
-0.34666,-1.3538,0.68869,-0.52329,-0.12559,-3.1573,-0.84163,7.9159,0.14657,-0.89118,0.27898,-93.131,9.3717,-12.373,-1.18,1.7641,0.41112,-0.22745,-0.59754,0.92672,-5.1085,-8.1584,-22.403,12
-0.23219,-1.5216,0.41043,-0.55259,-0.12977,-2.0757,0.28848,9.0458,0.14657,-0.89118,0.27898,-72.506,-0.0088869,-7.9293,-0.97019,1.7011,1.1059,-0.22745,-0.59754,0.92672,-6.0718,-14.725,-26.689,12
-0.57468,-1.5693,0.79561,-0.87912,-0.36002,-2.4712,2.5709,10.552,0.14657,-0.89118,0.27898,-55.755,4.9612,-6.7267,-0.65405,1.3037,1.3673,-0.22745,-0.59754,0.92672,-6.5822,-11.903,-35.392,12
-1.3971,-1.861,1.8746,-0.69492,-0.25118,0.11131,3.1678,-2.028,0.1577,-0.93996,0.098232,-37.994,-66.593,-9.1081,-0.32699,0.85282,1.2822,-0.22745,-0.59754,0.92672,-6.4707,-0.75075,-45.248,12
-3.164,-2.9093,0.89606,2.9346,2.3025,19.402,4.989,-13.973,0.1577,-0.93996,0.098232,-58.768,-108.4,-50.699,-0.28321,-0.8893,2.0701,-0.17843,-0.60164,0.92457,-4.1373,17.145,-50.074,12
-9.722,-2.2814,-0.77375,-1.3354,-0.82889,-21.387,-19.22,16.586,0.1577,-0.93996,0.098232,-13.821,268.76,9.4214,-1.2998,-4.3921,3.7908,-0.17843,-0.60164,0.92457,3.2396,36.704,-46.873,12
-21.469,-20.004,-10.927,-1.4275,-0.76609,11.875,-19.199,-1.0599,0.23377,-0.94184,0.041257,-52.43,-64.98,-9.2684,-3.5314,-11.701,5.9462,-0.17843,-0.60164,0.92457,13.797,51.158,-42.835,12
-22.037,9.4216,-15.71,-0.77446,-0.55259,-5.3296,-19.331,-6.374,0.23377,-0.94184,0.041257,-29.366,-8.8807,4.1393,-8.7266,-18.609,6.0904,-0.21176,-0.61396,0.92672,11.709,57.773,-36.806,12
-21.703,-5.2767,-11.201,-0.68655,-0.40607,-0.16592,-19.413,-15.597,0.23377,-0.94184,0.041257,-19.664,2.582,-0.35403,-8.4165,-18.616,6.4234,-0.21176,-0.61396,0.92672,-7.4445,9.5934,-9.9921,12
-21.755,-4.6729,-16.084,-0.69492,-0.4898,-1.0383,-19.357,-9.9261,0.23377,-0.94184,0.041257,2.7843,4.9263,-2.5581,-8.0066,-18.556,9.4055,-0.21176,-0.61396,0.92672,-23.155,-17.507,4.7661,12
-21.693,-7.2902,-7.8245,-0.92098,-0.80795,4.4079,-19.298,-5.0354,0.24861,-0.96435,-0.037328,39.492,-19.111,1.2772,-5.7157,-18.526,11.365,-0.21176,-0.61396,0.92672,-36.582,-31.672,26.661,12
-21.732,-6.3393,-8.0021,-0.50654,-0.46886,1.7984,-19.274,-1.6749,0.24861,-0.96435,-0.037328,82.387,-12.384,15.504,-7.9025,-18.534,12.594,-0.25294,-0.6386,0.89655,-50.088,-53.699,42.857,12
-11.506,-1.9502,-3.3545,-0.65306,-0.52747,-4.9757,-19.128,13.91,0.24861,-0.96435,-0.037328,95.784,-45.362,20.183,-7.8071,-18.509,13.075,-0.25294,-0.6386,0.89655,-50.593,-104.18,39.38,12
-2.1187,-1.136,-0.63908,-0.67818,-0.44375,4.1122,-13.106,4.24,0.21892,-0.94184,0.1002,85.641,-70.214,21.356,-3.8777,-15.878,12.217,-0.25294,-0.6386,0.89655,-38.945,-124.29,36.926,12
5.6447,0.59221,0.96909,-0.35165,-0.19676,4.1148,-10.167,-4.8109,0.21892,-0.94184,0.1002,48.886,-59.571,19.099,1.7956,-6.9288,10.122,-0.088235,-0.73306,0.87284,-17.854,-97.814,37.444,12
7.5347,2.0519,1.332,-0.10047,0.029304,7.2475,-7.4872,-4.1665,0.21892,-0.94184,0.1002,4.3982,-82.98,9.8327,6.0418,-0.75142,7.8583,-0.088235,-0.73306,0.87284,4.4818,-36.557,32.946,12
5.388,1.3059,0.05437,0.020931,0.12977,8.9392,0.45021,-0.52351,0.20594,-0.9212,0.13752,-12.213,-40.979,3.973,4.8622,3.5308,5.0828,-0.088235,-0.73306,0.87284,21.351,34.591,32.211,12
0.98126,-1.0833,0.21829,0.071167,0.2135,5.6907,-2.0713,4.7554,0.20594,-0.9212,0.13752,-7.3548,62.275,-7.5464,1.8895,5.2095,1.948,-0.088235,-0.73306,0.87284,22.84,57.744,25.872,12
-0.83096,-1.8866,-0.054001,0.14233,0.32653,-8.3156,3.4138,12.671,0.20594,-0.9212,0.13752,19.688,56.684,-6.444,-2.0182,5.521,2.099,-0.070588,-0.70021,0.8556,14.437,61.245,22.781,12
-0.8714,-1.8847,0.72512,0.087912,0.35583,-3.7303,4.8764,10.415,0.20594,-0.9212,0.13752,50.807,13.987,3.173,-5.6106,2.3324,4.2416,-0.070588,-0.70021,0.8556,5.582,19.597,23.381,12
-0.73783,-0.98745,1.0374,-0.012559,0.1842,-0.22962,1.8665,6.4556,0.20223,-0.92871,0.1945,79.407,11.5,6.522,-3.5023,-0.72682,4.3178,-0.070588,-0.70021,0.8556,5.1803,-38.523,18.539,12
-0.83513,-0.16278,1.3011,-0.19257,0.050235,-0.23856,-0.60274,3.0925,0.20223,-0.92871,0.1945,97.052,16.094,7.999,-0.60968,-1.1695,3.0457,-0.1451,-0.69199,0.87069,8.5464,-60.975,9.0839,12
-0.013513,-0.33443,1.1067,-0.2135,0.0083726,-0.44347,-2.7535,1.8787,0.20223,-0.92871,0.1945,107.79,18.188,11.227,0.99813,-1.305,0.49725,-0.1451,-0.69199,0.87069,11.844,-54.332,5.1123,12
0.98666,0.16186,0.96194,-0.40607,-0.13815,-0.12132,-4.8875,1.3482,0.16327,-0.84991,0.41061,112.38,23.28,14.547,1.3302,-1.2393,-0.92655,-0.1451,-0.69199,0.87069,15.337,-28.282,0.22854,12
1.4094,0.23715,0.92661,-0.52329,-0.20931,-0.070614,-6.4974,1.7473,0.16327,-0.84991,0.41061,114.48,22.158,16.825,1.0736,-0.96131,-2.1314,-0.1451,-0.69199,0.87069,17.618,2.3499,-1.4762,12
1.7557,0.59783,0.55907,3.843,2.9765,3.5845,-7.5954,0.85399,0.16327,-0.84991,0.41061,111.85,24.019,14.262,-0.48254,-0.56726,-2.7263,-0.1451,-0.69199,0.87069,20.274,16.674,-0.12227,12
1.2543,0.92196,-0.032813,-0.41444,-0.31816,6.1307,-6.9515,-3.0675,0.16327,-0.84991,0.41061,104.1,56.941,7.7382,-0.65933,0.45825,-3.175,-0.1451,-0.69199,0.87069,21.011,18.467,-1.5695,12
1.3676,0.80967,-0.81134,-1.1177,-0.84144,4.6365,-5.8076,-8.4836,0.06679,-0.68105,0.64047,78.49,93.16,7.0224,-0.55701,1.0987,-3.1326,-0.1451,-0.69199,0.87069,19.233,20.292,-2.3453,12
0.93343,1.8136,-0.62625,-0.35583,-0.42282,4.2927,-5.2756,-11.721,0.06679,-0.68105,0.64047,35.937,111.57,-0.5357,-0.1169,1.3877,-3.2327,-0.092157,-0.61396,0.92888,16.392,23.412,-1.7113,12
1.0636,1.8711,-1.2,-0.13815,-0.16327,3.2901,-3.7181,-10.424,0.06679,-0.68105,0.64047,4.6223,111.15,-3.657,-0.029439,2.0164,-3.3575,-0.092157,-0.61396,0.92888,11.393,26.187,-1.4781,12
0.47715,2.405,0.38487,-0.22187,-0.1842,19.439,-4.0144,-18.267,-0.11132,-0.61351,0.71513,-58.451,140.03,-19.135,-0.25695,1.6369,-2.314,-0.092157,-0.61396,0.92888,6.3449,24.073,-0.11384,12
-1.4322,2.9251,-1.0104,-0.10047,-0.11303,3.7983,-18.997,23.078,-0.11132,-0.61351,0.71513,-99.637,30.721,-42.182,-0.32803,-0.55215,-1.2151,-0.12941,-0.59548,0.94397,4.1074,15.766,1.7295,12
-7.6894,2.149,-2.3855,-0.071167,0.041863,-12.872,-19.197,10.995,-0.11132,-0.61351,0.71513,-135.77,35.303,-53.049,0.43785,-3.5906,-0.064949,-0.12941,-0.59548,0.94397,6.3649,8.1254,2.2121,12
-21.574,-13.73,-11.173,0.0,0.56934,2.6964,-12.961,-18.829,-0.03525,-0.82364,0.47544,-118.99,-19.911,-28.734,1.0074,-9.9327,-0.26747,-0.12941,-0.59548,0.94397,13.017,9.0697,-5.6065,12
-21.929,4.0254,-16.385,-0.020931,0.046049,3.7958,-0.57543,-17.939,-0.03525,-0.82364,0.47544,-83.382,-9.9919,-18.434,-0.6071,-18.649,-1.8804,-0.12941,-0.59548,0.94397,11.915,24.532,-21.307,12
-21.939,4.0453,-16.373,0.19676,0.025118,-0.81346,-11.878,-11.592,-0.03525,-0.82364,0.47544,-3.8895,1.1398,-8.7359,-3.6448,-18.66,-2.9538,-0.17059,-0.56263,0.96336,-4.8339,37.258,-35.848,12
-21.749,-4.4565,-14.485,0.18838,0.1214,2.0023,-16.727,-7.3163,-0.03525,-0.82364,0.47544,49.368,15.286,-3.0161,-5.7562,-18.649,2.0884,-0.17059,-0.56263,0.96336,-13.108,35.699,-36.72,12
-21.858,0.48475,-14.777,0.2135,0.25118,2.2738,-19.33,-6.2354,0.014842,-0.83865,0.45187,90.303,-14.481,16.376,-7.4975,-18.586,6.4457,-0.17059,-0.56263,0.96336,-24.375,4.1131,-30.493,12
-21.903,0.21548,-11.128,0.33072,0.22606,3.7075,-19.305,-6.7198,0.014842,-0.83865,0.45187,131.14,-6.6325,39.002,-2.2783,-18.572,5.8006,-0.16863,-0.62423,0.91164,-28.996,-27.038,7.6327,12
-19.842,-0.85072,-5.4766,0.37677,0.28467,5.1697,-19.169,1.8849,0.014842,-0.83865,0.45187,173.28,-5.586,60.371,0.044418,-18.536,5.3648,-0.16863,-0.62423,0.91164,-32.229,-45.119,29.41,12
-5.4085,-1.7974,-2.4355,0.39351,0.37258,-4.2559,-19.245,5.1618,-0.087199,-0.61914,0.69941,194.38,61.909,79.043,1.9836,-18.576,4.4045,-0.16863,-0.62423,0.91164,-32.918,-42.263,23.952,12
4.0722,-0.074953,0.45641,0.45631,0.46049,19.606,-19.338,-18.938,-0.087199,-0.61914,0.69941,131.47,-234.71,21.94,2.1933,-11.267,3.3117,-0.16863,-0.62423,0.91164,-28.461,-27.421,6.2032,12
8.7582,3.5031,1.8837,0.28885,0.2135,-0.068977,5.6963,-16.508,-0.087199,-0.61914,0.69941,101.37,52.014,-3.702,3.5196,1.2327,3.27,-0.11373,-0.67146,0.88362,-26.145,-11.27,-9.7965,12
10.909,3.5608,0.27837,0.23862,-0.23862,-0.14364,-2.0853,-16.449,-0.087199,-0.61914,0.69941,13.344,-186.37,0.44244,4.0284,10.655,3.5015,-0.11373,-0.67146,0.88362,-22.152,10.99,-12.105,12
2.0104,0.99596,-0.61563,-0.2428,-0.43537,13.101,3.5631,-17.951,0.018553,-0.41839,0.81925,-51.574,-17.466,-1.6799,2.7522,13.856,3.6407,-0.11373,-0.67146,0.88362,-11.983,22.548,-7.6853,12
-2.3,-0.15364,-1.077,0.7326,0.67399,-0.69228,-2.9299,-6.8513,0.018553,-0.41839,0.81925,-93.377,36.163,-10.182,-0.48951,4.9301,2.0069,-0.12941,-0.72279,0.84052,-5.897,20.717,-21.264,12
-1.4328,-1.0873,-0.78207,4.1947,3.4746,-1.2298,-5.275,-2.7448,0.018553,-0.41839,0.81925,-116.06,20.427,-18.374,-2.8886,0.016154,0.61539,-0.12941,-0.72279,0.84052,0.58026,4.1665,-36.492,12
1.6539,0.13258,-0.49333,-0.89587,-0.65725,-3.8071,-6.9295,0.11545,0.059369,-0.57786,0.72102,-121.83,4.521,-18.532,-3.3269,-3.0641,-0.41362,-0.12941,-0.72279,0.84052,4.1979,-11.09,-52.152,12
2.0524,1.4217,0.28585,-0.60701,-0.21769,-3.7245,-7.0982,1.0662,0.059369,-0.57786,0.72102,-119.55,-32.933,-16.183,-2.9484,-2.7979,-0.78573,-0.12941,-0.72279,0.84052,6.5426,-10.017,-51.394,12
0.35743,0.31043,0.62794,-0.020931,0.14652,-1.5858,-5.3629,0.341,0.059369,-0.57786,0.72102,-117.54,-47.999,-11.022,-2.8055,-2.646,-1.6011,-0.080392,-0.72485,0.85991,9.1617,0.54684,-26.898,12
0.37158,-0.39723,-0.30943,0.066981,0.075353,0.82432,-5.0409,0.86036,0.059369,-0.57786,0.72102,-117.93,-36.619,-10.118,-1.0002,-2.0464,-1.644,-0.080392,-0.72485,0.85991,11.754,8.4428,3.0387,12
-0.08017,-0.53694,0.077992,0.10884,0.071167,0.17656,-5.2653,2.1864,0.14286,-0.75235,0.51473,-115.22,-11.508,-9.9903,0.31457,-1.1311,-1.1086,-0.080392,-0.72485,0.85991,14.922,20.068,25.369,12
-0.19198,-0.5021,0.52323,0.20931,0.14233,-1.8954,-4.5557,2.847,0.14286,-0.75235,0.51473,-104.06,9.6645,-8.9822,0.40557,0.16758,-1.2416,-0.12157,-0.70431,0.87284,16.823,30.563,42.269,12
0.23935,-0.35146,1.0421,0.19257,0.20094,-2.3646,-3.5154,3.9048,0.14286,-0.75235,0.51473,-93.3,-6.4064,-6.7279,-0.3487,0.64741,-1.2593,-0.12157,-0.70431,0.87284,15.052,32.994,47.625,12
0.63986,-0.67997,0.95986,0.11722,0.020931,-1.0462,-2.1235,4.4771,0.15399,-0.89681,0.29077,-84.04,-13.838,-2.5098,-0.79057,0.81082,-0.91779,-0.12157,-0.70431,0.87284,12.302,27.344,42.572,12
1.3432,0.0131,1.0433,0.22606,0.12559,-0.84421,-0.76579,4.6095,0.15399,-0.89681,0.29077,-72.95,3.2983,0.84881,-1.2842,1.2074,-0.26255,-0.12157,-0.70431,0.87284,10.033,15.851,34.338,12
0.95229,-0.13998,0.80845,0.45212,0.3349,-0.72065,-0.69435,5.8122,0.15399,-0.89681,0.29077,-65.937,15.155,1.7444,-0.4179,1.285,0.50175,-0.19412,-0.65914,0.88578,10.28,4.6707,23.625,12
0.91791,-0.44097,0.57084,0.47305,0.30141,-1.6158,1.325,-4.1374,0.17811,-0.94747,0.14145,-63.997,42.658,-2.7542,0.36677,1.4496,0.9579,-0.19412,-0.65914,0.88578,11.893,4.3903,15.356,12
-0.35132,0.39417,1.646,0.56515,0.43537,2.923,-5.579,-15.323,0.17811,-0.94747,0.14145,-70.63,54.101,-16.3,0.54747,1.2799,0.99108,-0.19412,-0.65914,0.88578,12.525,13.752,8.4162,12
-3.6493,0.64873,1.1742,0.74097,0.63213,7.033,-18.967,23.112,0.17811,-0.94747,0.14145,-39.56,332.87,-53.187,0.23852,0.20979,1.9792,-0.22941,-0.62012,0.90517,11.256,30.431,5.336,12
-17.061,0.50087,1.5398,0.66562,0.76609,0.63006,-19.124,14.29,0.17811,-0.94747,0.14145,-61.693,-64.154,-25.397,-1.3819,-3.8864,4.3578,-0.22941,-0.62012,0.90517,11.399,44.773,5.9174,12
-21.481,-19.91,-18.392,0.66562,0.55678,10.175,-19.184,3.3717,0.21521,-0.94747,0.015717,-33.22,-52.145,-11.801,-3.5711,-10.425,7.51,-0.22941,-0.62012,0.90517,16.199,57.98,6.6034,12
-21.775,-3.1803,-7.781,0.51491,0.19676,-5.5765,-19.425,-12.787,0.21521,-0.94747,0.015717,-13.271,-46.289,-2.8792,-9.1445,-18.55,9.9996,-0.22941,-0.62012,0.90517,12.61,58.11,-2.134,12
-21.776,-4.1279,-7.9715,0.40188,0.17582,-3.4501,-19.422,-16.474,0.21521,-0.94747,0.015717,-7.813,-6.5274,7.7251,-14.415,-18.56,11.01,-0.31765,-0.57906,0.87931,6.8391,1.6863,-6.0173,12
-21.813,1.2542,-14.908,0.36002,0.10466,6.5965,-16.145,-9.5538,0.22635,-0.9606,-0.02947,13.066,12.163,9.7181,-10.512,-18.554,11.583,-0.31765,-0.57906,0.87931,1.3636,-25.22,2.0845,12
-21.781,-3.8609,-7.4106,-0.23862,-0.42282,3.1584,-19.363,-8.6241,0.22635,-0.9606,-0.02947,37.67,18.155,7.8674,-5.8699,-18.542,10.844,-0.31765,-0.57906,0.87931,1.1646,8.7415,22.319,12
-21.737,-5.0447,-8.1803,0.083726,-0.25118,-4.133,-19.338,-6.1124,0.22635,-0.9606,-0.02947,49.742,-10.039,2.5687,-9.3294,-18.532,11.823,-0.32941,-0.59754,0.88147,-2.5588,31.378,31.765,12
-21.672,-3.264,-7.3885,3.617,2.3318,-0.97937,-19.236,-0.8466,0.22635,-0.9606,-0.02947,87.672,-13.354,13.82,-9.4848,-18.55,11.01,-0.32941,-0.59754,0.88147,-9.507,18.784,17.673,12
-8.7618,-3.831,-4.4501,-0.37258,-0.34746,-0.17694,-19.094,17.294,0.20037,-0.94371,0.060904,100.83,-46.88,26.446,-10.585,-18.566,11.353,-0.32941,-0.59754,0.88147,-14.33,3.2471,1.847,12
-2.0269,0.33571,-2.2645,-0.40607,-0.40607,2.2918,-12.659,9.3796,0.20037,-0.94371,0.060904,88.384,-30.976,20.187,-5.558,-12.482,9.7613,-0.32941,-0.59754,0.88147,-9.3462,-1.0478,-5.2306,12
2.6993,1.3967,1.4099,-0.11303,-0.42282,0.99608,-10.023,-3.2724,0.20037,-0.94371,0.060904,61.522,-67.404,19.068,-2.1434,-4.5105,6.9516,-0.37647,-0.60986,0.86853,-1.3777,5.8602,3.885,12
7.5042,2.0633,1.1752,0.32234,0.10884,4.0964,-7.8758,-6.3945,0.16883,-0.91557,0.2279,18.214,-54.494,12.59,-1.3667,1.969,4.9005,-0.37647,-0.60986,0.86853,3.521,10.984,12.957,12
7.4486,2.317,-0.012519,0.29723,0.087912,11.576,-0.12667,-2.7656,0.16883,-0.91557,0.2279,-3.7404,-41.614,-1.6736,-1.8231,6.1904,3.0387,-0.37647,-0.60986,0.86853,5.141,-6.5446,22.19,12
1.8693,0.47544,0.79016,0.22606,-0.054422,6.3237,-3.5617,1.2602,0.16883,-0.91557,0.2279,-3.5752,90.311,-7.1808,-1.6718,6.2697,1.9697,-0.38824,-0.61396,0.85345,1.4781,-31.722,23.451,12
-1.3759,-1.4072,-0.052961,0.15071,-0.092098,-11.806,3.9825,12.112,0.16883,-0.91557,0.2279,17.94,53.215,-2.334,-2.2554,3.2443,1.433,-0.38824,-0.61396,0.85345,-5.6113,-58.441,12.386,12
-2.0759,-1.7621,0.3993,0.1214,-0.15071,-4.5154,3.747,9.3505,0.16883,-0.91557,0.2279,43.747,-6.676,9.87,-1.551,-0.022928,0.70719,-0.38824,-0.61396,0.85345,-10.978,-74.473,0.88618,12
-1.5824,-1.1843,0.68289,0.20931,-0.1214,0.018525,0.7594,4.6527,0.16883,-0.91557,0.2279,70.701,-5.2942,13.935,-0.96593,-1.2505,-0.052109,-0.38824,-0.61396,0.85345,-12.07,-75.979,-5.6188,12
-1.4968,-0.41453,0.56269,0.36839,0.041863,-1.2404,-1.2346,2.28,0.16883,-0.91557,0.2279,91.247,6.9774,14.988,-0.78769,-2.1303,-1.0336,-0.24706,-0.61396,0.90086,-10.926,-69.279,-6.0239,12
-0.52703,0.088923,0.68169,0.44793,0.13815,-1.7012,-2.1964,1.1544,0.12987,-0.86867,0.37917,100.78,-10.549,16.127,-0.2786,-1.9971,-1.7144,-0.24706,-0.61396,0.90086,-9.5569,-58.024,-4.304,12
0.18442,0.37514,0.044289,0.53166,0.21769,-0.33804,-3.0004,0.95077,0.12987,-0.86867,0.37917,106.35,-18.862,16.821,-0.35365,-1.6931,-1.3138,-0.24706,-0.61396,0.90086,-7.0849,-44.22,-0.78253,12
1.1328,0.43276,0.28105,0.70748,0.36839,1.2837,-4.4307,1.4892,0.12987,-0.86867,0.37917,108.25,-11.174,13.675,-0.14052,-1.259,-0.89628,-0.1451,-0.66119,0.90302,-3.3837,-33.161,1.708,12
1.5432,0.11276,0.36804,0.83726,0.41444,-0.62445,-5.5607,0.36155,0.087199,-0.73546,0.57957,106.78,6.2717,14.829,0.31635,-0.63334,-1.3338,-0.1451,-0.66119,0.90302,0.3376,-20.1,4.9009,12
1.9792,0.031338,-0.14455,0.76609,0.31397,0.91519,-6.3435,-5.6414,0.087199,-0.73546,0.57957,92.477,7.1486,16.116,0.71133,-0.0070869,-1.7087,-0.1451,-0.66119,0.90302,2.2872,-4.672,6.9517,12
1.9458,0.18712,-0.60421,0.63213,0.17582,6.9705,-4.7718,-12.825,0.087199,-0.73546,0.57957,61.5,53.697,7.7568,0.62612,0.31026,-1.9741,-0.1451,-0.66119,0.90302,3.116,6.3931,7.2186,12
1.3523,0.56489,-0.59127,0.41026,-0.041863,3.9149,-2.1862,-10.695,0.087199,-0.73546,0.57957,27.018,98.262,1.9402,0.10776,0.8745,-1.55,-0.11373,-0.63244,0.9181,2.2294,7.5015,8.2728,12
1.0415,0.95495,-0.51405,0.35583,-0.16745,2.0559,-1.7771,-7.412,0.0018553,-0.62289,0.7053,-4.3387,87.933,0.21754,0.037747,1.4459,-1.4069,-0.11373,-0.63244,0.9181,1.272,1.5259,8.6744,12
0.82289,0.77458,0.13287,-0.40607,-0.63632,1.0275,-3.0643,-6.4346,0.0018553,-0.62289,0.7053,-26.865,54.581,-1.0186,0.13081,1.1526,-0.74446,-0.11373,-0.63244,0.9181,0.30365,-5.5419,8.7258,12
0.70289,-0.29584,-0.016099,1.1763,0.427,19.596,-19.368,-18.939,0.0018553,-0.62289,0.7053,-345.72,-359.3,-94.543,0.51617,-0.23793,0.20685,-0.11765,-0.64271,0.92457,1.502,-11.382,6.6421,12
-2.4504,0.80158,2.2406,3.7216,2.4406,-21.404,-10.956,23.176,-0.027829,-0.73358,0.58546,-148.24,156.53,-64.834,1.2334,-2.2237,0.6284,-0.11765,-0.64271,0.92457,5.9878,-11.637,3.8462,12
-13.422,2.4001,2.1213,-0.77865,-0.72841,19.586,-19.377,-18.919,-0.027829,-0.73358,0.58546,-129.71,-162.37,-50.472,1.0514,-6.0968,1.3202,-0.11765,-0.64271,0.92457,14.673,-4.8512,1.425,12
-21.449,-19.959,-11.396,-0.075353,0.17164,-20.218,-10.972,-3.157,-0.027829,-0.73358,0.58546,-46.343,8.7203,-13.59,0.7175,-14.212,1.8207,-0.11765,-0.64271,0.92457,25.909,5.6696,-6.0367,12
-21.975,5.2966,-16.281,0.27211,0.016745,-6.6792,-19.323,-5.6059,-0.027829,-0.73358,0.58546,-53.121,14.109,-4.2735,-1.0131,-18.643,0.65116,-0.11176,-0.61191,0.9569,28.322,31.517,-14.189,12
-21.889,2.5485,-13.107,0.28885,-0.15489,8.9657,-9.8744,-9.227,0.055659,-0.87242,0.40275,-12.624,-9.782,-0.3712,-2.8954,-18.636,-0.60889,-0.11176,-0.61191,0.9569,24.803,56.587,-15.232,12
-21.856,-0.63156,-11.225,0.25536,-0.071167,-1.4274,-8.9109,-12.876,0.055659,-0.87242,0.40275,45.246,-1.9203,8.0609,-5.4078,-18.619,1.1316,-0.11176,-0.61191,0.9569,11.348,75.516,-23.272,12
-21.871,-1.8843,-13.243,0.32653,-0.058608,4.0669,-13.904,-9.2587,0.055659,-0.87242,0.40275,89.894,-10.624,23.994,-6.9596,-18.645,2.5365,-0.21765,-0.56674,0.95259,-4.6455,74.054,-22.133,12
-21.854,-0.71976,-6.4437,0.20513,-0.2428,3.0864,-18.613,-5.8894,0.024119,-0.83677,0.46758,126.9,2.7677,41.879,-7.1513,-18.637,3.2556,-0.21765,-0.56674,0.95259,-23.581,47.683,-28.385,12
-17.39,-0.71113,-2.8429,0.15908,-0.22187,2.8063,-19.205,2.2449,0.024119,-0.83677,0.46758,155.39,-10.178,55.147,-5.5072,-18.589,6.1018,-0.21765,-0.56674,0.95259,-36.004,8.1796,-34.737,12
-4.6798,-1.8683,-0.67341,0.3349,0.087912,0.39046,-19.264,-1.6468,0.024119,-0.83677,0.46758,184.86,64.206,65.358,-0.96375,-18.587,5.3207,-0.21765,-0.56674,0.95259,-32.233,-9.6703,-37.371,12
3.9163,-0.36108,-0.37987,0.42282,0.14233,18.678,-17.288,-18.876,-0.057514,-0.58161,0.74067,131.82,-136.18,28.307,3.8683,-12.166,2.4438,-0.25098,-0.62628,0.88793,-23.328,1.156,-34.774,12
9.5803,2.2974,0.038349,0.55678,0.20094,7.2998,-1.2714,-18.23,-0.057514,-0.58161,0.74067,82.396,18.075,-2.8388,4.9488,-0.89993,1.0071,-0.25098,-0.62628,0.88793,-19.039,35.081,-31.779,12
11.414,3.0397,-1.6422,0.59864,0.12559,-4.4117,-0.4764,-10.016,-0.057514,-0.58161,0.74067,10.424,-130.2,1.5264,1.303,7.3711,2.1081,-0.25098,-0.62628,0.88793,-17.438,51.579,-31.911,12
3.7883,4.5252,-0.24536,0.72423,0.16745,8.8251,0.44433,-13.983,-0.057514,-0.58161,0.74067,-40.702,-96.841,2.9368,-1.5745,9.5995,3.9487,-0.2902,-0.67146,0.83405,-10.695,25.64,-41.987,12
-2.0361,1.2998,-1.7146,0.79958,0.59864,2.1789,-3.5458,-6.0617,0.09462,-0.5197,0.76621,-79.361,-25.445,-2.0544,-0.53053,5.0733,3.3266,-0.2902,-0.67146,0.83405,-4.5097,-2.1341,-54.581,12
-2.1746,-0.86745,-1.2886,0.63213,0.30979,-0.47212,-4.7823,-1.9938,0.09462,-0.5197,0.76621,-101.21,-3.7585,-7.7506,-1.3437,1.3235,1.3474,-0.2902,-0.67146,0.83405,-4.0287,-7.898,-67.872,12
0.51895,0.31499,-0.67691,0.49817,0.14233,-1.5975,-5.9748,-1.4397,0.09462,-0.5197,0.76621,-111.6,12.492,-10.303,-2.036,-0.021261,-0.12606,-0.2902,-0.67146,0.83405,-6.8328,-1.054,-75.938,12
1.2295,1.1508,0.29304,0.3056,0.37677,-2.703,-6.9281,-1.7172,0.12616,-0.69231,0.60904,-119.48,8.9013,-12.418,-2.5638,-0.88909,-0.90904,-0.24902,-0.70431,0.83405,-9.4702,4.5025,-67.382,12
0.6196,0.83835,0.62282,0.27211,0.096285,-1.1414,-6.7474,-0.4842,0.12616,-0.69231,0.60904,-120.91,12.585,-12.859,-2.2535,-0.16164,-1.1643,-0.24902,-0.70431,0.83405,-10.927,2.4727,-54.034,12
0.59104,0.75092,0.24653,-0.3349,-0.24699,-0.67451,-5.9795,1.0589,0.12616,-0.69231,0.60904,-121.23,32.038,-14.346,-1.8534,0.70212,-0.78781,-0.24902,-0.70431,0.83405,-11.203,-7.2048,-42.029,12
-0.028293,0.40455,-0.07938,1.3019,0.83726,0.49319,-5.5256,-0.083848,0.12616,-0.69231,0.60904,-121.01,58.458,-15.769,-1.7734,1.3566,-0.33842,-0.1902,-0.75359,0.8125,-9.6481,-13.282,-31.107,12
0.41907,0.2588,-0.20829,3.349,2.4908,-2.7737,-5.3172,-0.033178,0.12616,-0.85929,0.39096,-119.68,68.72,-17.774,-1.4615,1.7912,0.12081,-0.1902,-0.75359,0.8125,-6.4254,-14.17,-25.98,12
0.35848,0.25766,0.85477,-0.9461,-0.85819,-3.9331,-4.5029,2.1834,0.12616,-0.85929,0.39096,-115.75,50.515,-16.661,-1.1763,1.9921,0.21419,-0.1902,-0.75359,0.8125,-2.7658,-7.2849,-23.448,12
0.18581,0.30535,0.96432,-0.35165,-0.35583,-3.3681,-2.2488,4.8226,0.12616,-0.85929,0.39096,-106.27,32.806,-13.498,-1.4341,0.97809,-0.19068,-0.1902,-0.75359,0.8125,-0.49549,4.3106,-23.158,12
0.21343,-1.5806,1.7104,0.13396,-0.1214,-3.6883,0.4975,7.1755,0.12801,-0.93809,0.16699,-94.77,34.893,-11.873,-1.6858,0.15476,0.47649,-0.15294,-0.75975,0.81466,1.396,13.928,-21.411,12
-1.0189,-2.0877,1.6858,0.17582,-0.029304,-1.2583,2.6768,1.34,0.12801,-0.93809,0.16699,-80.955,-30.2,-15.106,-2.0601,-0.12954,1.0456,-0.15294,-0.75975,0.81466,4.1802,23.043,-14.587,12
-3.437,-1.8879,1.5143,0.29723,0.11303,-4.544,5.7403,-18.05,0.12801,-0.93809,0.16699,-41.811,-27.288,-20.247,-2.2243,-1.3142,2.5801,-0.15294,-0.75975,0.81466,8.5932,33.466,-2.3289,12
-14.752,-1.7857,3.2077,0.25955,0.012559,13.147,-18.955,23.298,0.12801,-0.93809,0.16699,-53.314,324.39,-33.924,-3.1024,-4.7102,4.9832,-0.16667,-0.78234,0.80388,15.159,43.719,13.223,12
-21.45,-19.919,-15.424,0.2135,-0.083726,0.033899,-19.16,8.7194,0.19666,-0.96998,-0.011788,-32.34,-27.933,-29.088,-4.2586,-11.426,6.4287,-0.16667,-0.78234,0.80388,26.731,51.888,24.925,12
-21.87,0.044459,-10.154,0.30141,-0.38932,6.3364,-19.278,-6.0464,0.19666,-0.96998,-0.011788,-15.646,-29.018,-13.971,-6.6424,-18.541,6.9271,-0.16667,-0.78234,0.80388,31.279,57.907,32.537,12
-21.797,-3.579,-11.375,0.36839,-0.1214,-6.8958,-19.397,-9.9971,0.19666,-0.96998,-0.011788,2.2304,-20.94,-2.144,-10.124,-18.563,9.6552,-0.16667,-0.78234,0.80388,21.684,31.942,39.825,12
-21.821,-1.8799,-15.653,0.35583,-0.20931,-2.9743,-19.334,-8.6006,0.22078,-0.94747,-0.023576,4.2455,33.352,20.938,-7.5169,-18.589,8.0914,-0.29216,-0.71663,0.81466,18.557,6.4719,48.682,12
-21.778,-2.509,-6.2363,0.28885,-0.36839,3.6247,-19.234,-0.64421,0.22078,-0.94747,-0.023576,28.976,14.022,14.865,-3.966,-18.553,7.7182,-0.29216,-0.71663,0.81466,9.6957,18.044,71.855,12
-21.801,-2.8598,-5.5205,0.52747,-0.058608,-1.2939,-19.243,2.3895,0.22078,-0.94747,-0.023576,69.998,-2.7183,25.323,-1.7612,-18.541,7.8854,-0.29216,-0.71663,0.81466,0.1976,19.76,70.564,12
-11.453,0.93473,-2.9053,0.57352,-0.029304,-4.0906,-19.244,2.3094,0.1577,-0.97186,0.066798,93.308,-39.465,24.503,-3.8388,-18.529,9.1361,-0.37647,-0.65298,0.82543,-11.91,-6.048,36.645,12
-0.5152,2.0225,0.26623,0.63213,0.087912,5.189,-9.3234,-1.6434,0.1577,-0.97186,0.066798,96.839,-84.455,21.13,-3.6064,-12.111,8.9153,-0.37647,-0.65298,0.82543,-12.38,-35.116,-3.1455,12
5.8482,1.5315,2.1905,0.68655,0.20094,6.63,-13.172,-8.3319,0.1577,-0.97186,0.066798,56.096,-24.414,13.408,0.46373,-3.4497,5.0254,-0.37647,-0.65298,0.82543,-4.8723,-20.447,-16.86,12
7.9596,1.513,1.1046,0.60701,0.28885,5.9496,-6.24,-6.1796,0.1577,-0.97186,0.066798,8.0904,-33.108,7.0957,1.4321,1.5275,1.7535,-0.37647,-0.65298,0.82543,1.1088,21.113,-11.019,12
6.2585,1.2181,0.61489,0.47305,0.18001,5.763,-1.8519,-0.045384,0.15584,-0.94371,0.1945,-6.1801,-15.351,1.4315,-2.0072,3.2316,1.1616,-0.36078,-0.68583,0.81466,3.6227,39.115,-5.0118,12
0.77262,-0.24731,0.25143,0.17164,-0.050235,-1.0617,0.93266,11.088,0.15584,-0.94371,0.1945,9.3148,31.833,2.3814,-4.1096,2.4882,1.8223,-0.36078,-0.68583,0.81466,1.548,11.178,-5.857,12
-0.79883,-0.96735,-0.023903,-0.55678,-0.26792,-5.9164,1.9652,12.362,0.15584,-0.94371,0.1945,33.658,1.8653,3.2043,-3.0343,0.29046,1.0458,-0.36078,-0.68583,0.81466,-2.4204,-26.597,-12.418,12
-1.5852,-1.5491,0.79743,2.7923,1.6159,-2.4877,0.77435,8.1284,0.13544,-0.9212,0.22397,62.565,-8.8825,8.3613,-2.35,-1.1694,0.056111,-0.35686,-0.67762,0.81681,-8.6494,-39.09,-15.667,12
-0.36401,-2.0017,0.81984,2.2606,1.7624,0.56308,-2.1165,4.1915,0.13544,-0.9212,0.22397,82.41,-11.466,8.7118,-1.9351,-1.5963,-0.6319,-0.35686,-0.67762,0.81681,-14.263,-43.924,-14.647,12
0.9355,-1.3204,1.6601,-0.99215,-0.59027,-0.13606,-2.3818,3.4004,0.13544,-0.9212,0.22397,97.644,-4.2792,6.315,-1.6573,-1.569,-0.90137,-0.35686,-0.67762,0.81681,-16.785,-44.738,-7.8306,12
2.0103,-0.51669,2.164,-0.03349,-0.17582,-1.3782,-3.7192,2.3419,0.13544,-0.9212,0.22397,107.74,-7.1324,6.8632,-0.80393,-0.79936,-0.9358,-0.35686,-0.67762,0.81681,-16.233,-43.423,-2.7785,12
2.7654,-0.39161,0.51212,0.092098,-0.1214,-2.1929,-5.1874,2.052,0.11132,-0.84803,0.42436,114.17,-11.233,9.0844,-0.21983,0.039812,-1.0188,-0.27843,-0.71253,0.83621,-14.359,-35.587,2.2347,12
2.2727,-0.50502,0.24929,0.18838,-0.12977,-0.89987,-6.4601,1.5117,0.11132,-0.84803,0.42436,113.95,-12.883,10.26,-0.12595,0.65314,-0.68609,-0.27843,-0.71253,0.83621,-12.431,-22.319,6.1117,12
1.5942,0.086361,0.028825,0.15489,-0.15489,1.0869,-5.7137,-0.087318,0.11132,-0.84803,0.42436,108.15,6.4414,11.048,-0.036557,0.27128,0.12815,-0.27843,-0.71253,0.83621,-10.895,-12.332,8.2087,12
1.6157,0.023609,-0.74524,0.03349,-0.29304,3.1453,-5.1581,-4.9139,0.089054,-0.6848,0.63065,92.51,42.378,8.9814,0.61621,0.19395,0.39511,-0.22941,-0.74949,0.81034,-9.4067,-7.0944,7.103,12
1.9161,0.15349,-0.30198,0.020931,-0.34328,2.8081,-4.5297,-8.4172,0.089054,-0.6848,0.63065,60.85,64.346,5.3545,0.63229,0.50755,0.75454,-0.22941,-0.74949,0.81034,-8.4477,-0.95911,4.5338,12
1.755,0.63546,-1.1849,0.11303,-0.28885,1.9226,-5.5578,-10.238,0.089054,-0.6848,0.63065,21.298,82.356,0.04918,0.56711,0.35976,-0.023679,-0.22941,-0.74949,0.81034,-7.8857,1.3728,2.3556,12
1.9423,1.3697,-1.6978,0.31816,-0.071167,2.6995,-4.6769,-11.259,-0.029685,-0.60038,0.72692,-12.173,88.012,-3.3784,0.62251,0.29817,-0.18301,-0.22941,-0.74949,0.81034,-7.9093,-0.98244,2.7397,12
1.2398,3.6674,-0.84889,0.36839,-0.03349,19.53,-13.494,-18.698,-0.029685,-0.60038,0.72692,-113.02,40.213,-29.455,1.0057,0.53964,-0.035518,-0.22941,-0.74949,0.81034,-5.8439,-9.8803,4.3141,12
-0.15093,4.5162,-2.2778,0.46049,-0.13815,-14.019,-19.088,22.895,-0.029685,-0.60038,0.72692,-133.57,78.583,-36.21,1.838,0.25648,-0.35176,-0.22941,-0.74949,0.81034,-2.4948,-16.083,4.4431,12
-7.5753,8.5622,-1.1662,0.66143,0.0,-1.1159,-9.3957,19.832,-0.029685,-0.60038,0.72692,-119.86,-34.398,-41.847,2.4917,-1.9707,-0.067284,-0.22941,-0.74949,0.81034,2.8723,-17.979,1.6813,12
-21.892,3.1644,-0.95731,0.7954,0.020931,7.6972,-19.389,-19.059,0.0037106,-0.80675,0.49509,-123.52,10.96,-22.315,3.0502,-8.0632,-0.31983,-0.18824,-0.74333,0.79526,13.178,-10.73,-7.2104,12
-21.942,4.1618,-12.868,0.96703,1.1763,-10.145,-9.2614,-5.3458,0.0037106,-0.80675,0.49509,-80.483,-46.535,-12.788,2.5446,-17.792,-2.2229,-0.18824,-0.74333,0.79526,18.5,18.729,-14.258,12
-21.975,6.3039,-13.98,0.83307,0.53166,1.2246,-12.431,-12.422,0.0037106,-0.80675,0.49509,-32.615,7.8491,-1.8793,-0.61181,-18.647,-1.724,-0.18824,-0.74333,0.79526,2.8053,47.141,-19.91,12
-21.799,-2.4821,-16.013,0.5484,0.24699,1.9419,-17.186,-9.7357,0.050093,-0.90432,0.37132,14.923,20.585,1.9488,-1.0925,-18.614,-1.3786,-0.22941,-0.74127,0.8125,1.8149,55.818,-24.349,12
-21.918,2.9599,-14.881,0.34328,0.071167,0.21339,-18.43,-8.3152,0.050093,-0.90432,0.37132,54.207,-0.1751,10.173,-2.1667,-18.685,-1.5489,-0.22941,-0.74127,0.8125,-6.5637,61.762,-19.16,12
-21.841,0.12538,-11.147,0.13815,-0.07954,0.29641,-19.298,-7.0036,0.050093,-0.90432,0.37132,102.57,2.8275,22.74,-3.9801,-18.658,-1.7766,-0.22941,-0.74127,0.8125,-16.637,41.876,-3.2786,12
-21.856,-0.1356,-6.2754,0.03349,-0.03349,0.54668,-19.312,-4.4393,0.050093,-0.90432,0.37132,141.67,-16.83,37.017,-3.7708,-18.624,0.56878,-0.22941,-0.74127,0.8125,-31.149,8.9318,9.035,12
-9.6845,-2.139,-2.8557,3.2821,1.8462,0.76192,-19.208,5.9639,-0.0018553,-0.7955,0.52849,173.29,-16.779,48.073,-3.3838,-18.613,3.6631,-0.28627,-0.76386,0.76078,-33.115,-43.984,14.94,12
-2.2589,-1.702,-0.74266,0.65725,0.63213,-1.758,-19.197,7.0434,-0.0018553,-0.7955,0.52849,188.74,20.498,56.338,-0.54407,-18.587,2.3311,-0.28627,-0.76386,0.76078,-26.051,-91.591,16.279,12
5.9039,2.7862,1.0192,-0.87075,-0.52329,18.933,-19.338,-18.944,-0.0018553,-0.7955,0.52849,118.88,-100.09,14.352,3.4085,-6.9596,0.037435,-0.28627,-0.76386,0.76078,-19.429,-93.706,11.018,12
9.3048,3.9536,1.819,0.10884,-0.071167,14.842,-2.44,-18.255,-0.029685,-0.51595,0.79961,85.335,38.413,-4.5439,6.8958,4.0047,-0.52893,-0.18235,-0.79466,0.74784,-17.45,-75.367,-4.2885,12
7.347,1.3375,-0.14278,0.041863,-0.29304,-6.3632,0.84182,-6.907,-0.029685,-0.51595,0.79961,18.759,-53.032,0.44373,6.7578,8.6685,0.85009,-0.18235,-0.79466,0.74784,-12.329,-30.061,-5.7222,12
0.066087,0.23099,-0.81079,0.03349,-0.53585,7.8886,1.237,-11.943,-0.029685,-0.51595,0.79961,-32.882,-48.295,0.99629,5.1877,7.5656,1.5554,-0.18235,-0.79466,0.74784,-0.44531,9.3289,-11.294,12
-1.5466,-0.44951,-1.0405,0.12559,0.0041863,3.4274,-0.91316,-7.1572,-0.029685,-0.51595,0.79961,-68.079,-6.8421,-5.0635,3.7346,2.5367,0.6685,-0.18235,-0.79466,0.74784,5.5557,52.882,-23.883,12
-1.9834,0.68294,-0.58064,0.071167,0.020931,1.3631,-1.8748,-3.3197,0.018553,-0.49531,0.78389,-83.995,3.7757,-10.046,0.62508,0.23751,-0.24854,-0.16667,-0.81109,0.73491,9.2451,80.702,-33.113,12
0.20389,0.91662,0.46144,0.16327,-0.083726,-1.0744,-3.4127,-1.671,0.018553,-0.49531,0.78389,-94.041,-0.34399,-12.113,-2.3752,-0.74579,-0.57896,-0.16667,-0.81109,0.73491,9.262,82.39,-45.765,12
1.9149,0.71926,0.69631,0.25955,-0.10466,-2.2534,-4.8875,-0.63149,0.018553,-0.49531,0.78389,-98.051,-20.304,-10.823,-5.4335,-1.1051,-0.51359,-0.16667,-0.81109,0.73491,6.9586,49.537,-48.371,12
1.0709,-0.011798,0.23052,0.2428,0.32234,-2.1625,-5.1082,0.066712,0.055659,-0.67542,0.66208,-100.12,-44.87,-7.9384,-4.2833,-0.69326,-0.32633,-0.24314,-0.81725,0.73707,3.4886,7.7421,-38.997,12
-0.48234,-0.1255,-0.0534,0.32234,0.23025,0.79227,-3.5525,1.1845,0.055659,-0.67542,0.66208,-102.76,-54.202,-4.3292,-2.3585,0.03606,-0.39403,-0.24314,-0.81725,0.73707,0.92026,-15.694,-25.817,12
-1.5113,-0.19486,-0.20701,0.3349,0.20094,3.9675,-3.2007,1.713,0.055659,-0.67542,0.66208,-98.74,-20.297,-5.903,-1.4243,0.40343,-0.65691,-0.24314,-0.81725,0.73707,-1.6753,-23.904,-14.596,12
-1.1774,-0.22128,0.74851,0.43537,0.23862,-0.22603,-2.1305,1.7975,0.11132,-0.82739,0.46169,-85.223,22.504,-11.219,-1.0953,0.43699,-0.30107,-0.24314,-0.81725,0.73707,-2.0167,-22.134,-1.263,12
-0.1856,-0.31597,1.1084,0.62376,0.38095,-3.25,-1.7941,1.7736,0.11132,-0.82739,0.46169,-73.329,20.55,-10.572,-1.2629,0.49598,-0.40228,-0.16471,-0.83162,0.7306,-1.0656,-16.798,7.0059,12
0.11714,-1.3115,0.96617,0.52747,0.30979,-0.8567,-1.9288,1.1762,0.11132,-0.82739,0.46169,-67.593,5.997,-9.242,-1.2076,0.14539,-0.46148,-0.16471,-0.83162,0.7306,0.61416,-10.398,13.474,12
0.59641,-1.5377,0.83003,0.43537,0.33072,1.8407,-2.0153,1.4385,0.11132,-0.82739,0.46169,-64.76,26.519,-13.4,-0.78476,0.087961,-0.20394,-0.16471,-0.83162,0.7306,1.2201,-3.664,15.946,12
0.85254,-1.2128,0.92243,0.13396,0.046049,-0.4417,-4.8844,-8.2382,0.11132,-0.90244,0.30255,-89.726,-12.681,-17.559,-0.8337,0.10422,0.42188,-0.18627,-0.81314,0.73922,2.5257,1.2265,16.284,12
0.21206,0.0029601,-0.083944,0.16327,0.050235,-0.67116,-8.339,23.524,0.11132,-0.90244,0.30255,-39.008,-37.775,-11.396,-0.37416,-0.15476,1.5235,-0.18627,-0.81314,0.73922,5.9652,4.0566,12.353,12
-3.0268,2.8573,-0.87968,-0.2763,-0.054422,19.963,-18.966,19.199,0.11132,-0.90244,0.30255,-75.413,80.571,-37.393,-0.55358,-1.238,2.1985,-0.18627,-0.81314,0.73922,10.843,7.0902,12.059,12
-18.679,2.6195,1.1936,0.59445,0.57352,-3.2754,-19.173,11.446,0.18367,-0.95122,0.18075,-54.633,17.611,-26.068,-0.56067,-4.2622,2.7765,-0.18627,-0.81314,0.73922,16.794,9.7539,12.152,12
-21.575,-14.169,-15.833,3.1816,2.2522,-5.0085,-19.234,1.3424,0.18367,-0.95122,0.18075,-41.407,-24.907,-15.662,-2.1196,-11.884,2.6141,-0.21176,-0.80903,0.75431,19.899,14.986,12.161,12
-21.989,6.5073,-14.13,-1.2057,-1.0591,-10.594,-19.433,-13.567,0.18367,-0.95122,0.18075,-41.663,-3.2531,4.9062,-3.4289,-18.628,2.1728,-0.21176,-0.80903,0.75431,17.227,17.161,9.1982,12
-21.952,6.1972,-11.369,-0.75353,-0.83726,1.6746,-17.619,-11.385,0.18367,-0.95122,0.18075,-17.483,-5.1463,5.163,-2.5484,-18.615,0.48591,-0.21176,-0.80903,0.75431,14.012,18.785,23.197,12
-21.858,0.47277,-15.6,-0.22606,-0.46886,8.0374,-19.261,-5.3202,0.20408,-0.94934,0.08055,8.8086,6.1504,1.2053,-4.1079,-18.635,0.47449,-0.24902,-0.76797,0.76078,1.8471,41.083,26.702,12
-21.78,-2.8969,-9.8712,-0.41026,-0.71586,0.86768,-19.307,-4.9879,0.20408,-0.94934,0.08055,13.525,20.782,6.4481,-4.7645,-18.656,1.3693,-0.24902,-0.76797,0.76078,-14.046,31.693,33.698,12
-21.902,1.6544,-9.5669,-0.41444,-0.57352,-1.0745,-19.239,1.8815,0.20408,-0.94934,0.08055,33.851,3.3312,8.8135,-5.4298,-18.608,4.1946,-0.24902,-0.76797,0.76078,-31.996,14.001,43.263,12
-16.985,3.3036,-7.9553,-0.14652,-0.36839,-1.9187,-19.183,10.376,0.1744,-0.94934,0.12377,50.34,-26.191,18.736,-6.669,-18.568,7.1549,-0.24902,-0.76797,0.76078,-41.556,-26.289,33.728,12
-8.2906,2.4088,-4.7306,-0.23025,-0.40188,1.1562,-14.691,10.11,0.1744,-0.94934,0.12377,57.88,-41.863,14.124,-7.1516,-18.581,6.9147,-0.3,-0.79055,0.73276,-42.577,-74.563,14.696,12
0.050722,-0.010843,-0.88519,-0.23025,-0.35165,3.9202,-11.395,3.0736,0.1744,-0.94934,0.12377,40.194,-51.962,14.001,-3.9757,-12.437,6.3365,-0.3,-0.79055,0.73276,-33.872,-101.73,10.809,12
5.4514,-0.85528,1.0809,-0.016745,-0.19676,-1.0965,-5.4144,-2.8234,0.1744,-0.94934,0.12377,22.071,-58.386,10.388,1.9642,-6.1243,6.5688,-0.3,-0.79055,0.73276,-23.323,-88.148,18.466,12
5.489,0.29894,0.84796,-0.025118,-0.30141,6.4605,-3.0496,-4.9629,0.1744,-0.94934,0.12377,-4.3004,-112.07,4.9585,6.0446,0.19781,6.7807,-0.19216,-0.8501,0.71121,-3.4992,-8.8046,23.484,12
3.0189,0.062853,0.77408,0.096285,-0.25118,16.092,-3.5603,-2.5692,0.1744,-0.94934,0.12377,8.0811,-5.0349,-10.645,0.81713,3.9179,7.7896,-0.19216,-0.8501,0.71121,14.289,46.471,33.395,12
-1.2344,-1.4117,0.54663,0.15489,-0.14652,-7.4774,4.0651,12.451,0.1744,-0.94934,0.12377,52.649,138.74,-10.088,-2.058,5.1754,6.54,-0.19216,-0.8501,0.71121,22.507,42.488,42.625,12
-2.4552,-2.4919,0.27047,0.20094,0.012559,-6.3287,2.6606,10.611,0.17625,-0.91932,0.25147,79.967,12.595,5.9226,-3.4378,5.4378,5.7823,-0.19216,-0.8501,0.71121,26.585,19.336,36.439,12
-1.7355,-2.6166,0.33292,0.34746,0.25536,1.1888,-2.0635,3.5545,0.17625,-0.91932,0.25147,103.11,-9.1045,10.727,-3.9549,3.6362,4.6193,-0.27647,-0.81314,0.71983,28.892,-19.27,25.68,12
-0.4979,-1.8726,0.90515,0.2428,0.31397,2.2117,-4.0714,0.77688,0.17625,-0.91932,0.25147,115.27,0.68218,8.5103,-3.3793,2.033,3.2996,-0.27647,-0.81314,0.71983,29.755,-40.655,11.471,12
0.39806,-0.20585,0.78147,0.1214,0.020931,0.34,-4.1759,0.23211,0.14657,-0.81614,0.45383,116.23,5.6267,6.4214,-1.8911,0.14653,1.6532,-0.27647,-0.81314,0.71983,31.181,-41.702,-1.1254,12
0.79452,0.67821,0.65051,0.0,-0.092098,0.25144,-5.3224,0.43431,0.14657,-0.81614,0.45383,111.89,3.8353,6.9592,-1.1323,-1.0756,0.4358,-0.23137,-0.7577,0.79741,34.067,-22.357,-5.5933,12
1.1157,1.2881,0.58961,-0.083726,-0.16327,1.9497,-6.5581,-0.36049,0.14657,-0.81614,0.45383,106.35,21.689,5.0155,-0.82087,-1.3917,-0.17375,-0.23137,-0.7577,0.79741,36.26,-0.56205,-1.7963,12
1.7987,1.4806,0.20693,-1.1261,-0.84982,3.9891,-6.2907,-4.3163,0.14657,-0.81614,0.45383,90.917,31.017,1.9119,-0.57862,-1.3161,-0.60747,-0.23137,-0.7577,0.79741,38.793,19.302,8.8861,12
1.3239,1.9881,0.49472,2.0931,1.1638,4.7007,-5.3749,-8.7738,0.10575,-0.65854,0.66012,63.309,54.78,-4.4114,-0.46473,-0.53996,-0.99575,-0.23137,-0.7577,0.79741,41.26,32.687,25.047,12
1.5684,1.3766,0.27126,3.0099,2.2229,0.35627,-3.9528,-9.142,0.10575,-0.65854,0.66012,25.115,71.675,-6.8468,-0.88706,-0.17373,-1.3733,-0.2549,-0.67762,0.85776,41.88,40.821,40.502,12
1.8884,2.5484,0.58725,-1.3354,-1.0675,0.63196,-4.012,-7.1422,0.10575,-0.65854,0.66012,-7.7227,40.261,-7.3189,-1.2468,-0.090775,-1.0775,-0.2549,-0.67762,0.85776,42.413,40.231,54.598,12
1.7651,1.6415,0.24247,-0.50235,-0.56515,1.1178,-5.3956,-6.8836,0.0092764,-0.60976,0.72299,-28.41,13.128,-9.6641,-1.1332,-0.94245,-1.245,-0.2549,-0.67762,0.85776,43.226,31.791,64.446,12
1.251,0.075995,-0.2879,-0.3349,-0.38095,19.606,-19.308,-18.946,0.0092764,-0.60976,0.72299,-231.78,-304.47,-59.708,-0.83862,-2.2397,-0.96615,-0.36275,-0.56057,0.89871,45.633,21.104,68.933,12
-1.9667,-0.1476,2.692,-0.28048,-0.41863,-21.373,-13.126,23.067,0.0092764,-0.60976,0.72299,-156.32,246.88,36.155,-0.86606,-3.4133,-0.32691,-0.36275,-0.56057,0.89871,49.512,14.021,72.33,12
-12.183,3.0866,0.37253,-0.20094,-0.12559,7.5056,-12.507,-17.05,0.0092764,-0.60976,0.72299,-122.3,-178.59,-8.6107,-1.2729,-6.5107,0.93488,-0.36275,-0.56057,0.89871,55.414,11.815,75.358,12
-21.502,-17.838,-11.405,-0.2135,-0.34328,4.9893,-8.6223,-11.735,0.12987,-0.78799,0.49705,-83.307,34.411,-26.961,-3.6364,-14.117,1.2525,-0.36275,-0.56057,0.89871,62.629,15.156,71.859,12
-21.976,6.3514,-15.702,-0.11722,-0.50654,-8.6218,-19.244,6.3266,0.12987,-0.78799,0.49705,-47.654,30.201,-5.9867,-5.554,-18.67,0.024846,-0.42745,-0.41273,0.93534,63.994,25.944,63.114,12
-22.01,8.5562,-12.988,-0.18838,-0.43119,5.7364,-19.317,-7.9189,0.12987,-0.78799,0.49705,-25.44,-11.489,-0.38642,-5.6291,-18.691,-2.1325,-0.42745,-0.41273,0.93534,56.156,32.086,52.427,12
-21.946,4.8811,-9.0449,-0.11303,-0.2763,-1.5943,-9.7641,-12.056,0.15584,-0.83865,0.41454,21.286,-2.5982,0.46607,-7.2428,-18.674,-0.35034,-0.42745,-0.41273,0.93534,36.473,56.601,34.098,12
-21.954,4.2847,-10.025,0.029304,-0.14233,0.22728,-13.907,-8.5264,0.15584,-0.83865,0.41454,63.748,-8.7109,5.017,-7.5784,-18.618,3.1524,-0.52549,-0.26078,0.94828,6.5997,67.514,6.6771,12
-21.825,-2.7048,-8.9171,-0.025118,-0.3977,-2.075,-17.402,-6.5367,0.15584,-0.83865,0.41454,102.52,0.07575,12.379,-9.7791,-18.612,5.8403,-0.52549,-0.26078,0.94828,-24.386,74.878,-13.872,12
-13.014,-1.3323,-3.0146,0.037677,-0.1214,-0.95801,-18.527,-5.1442,0.15028,-0.76173,0.53438,130.44,-4.7907,26.155,-11.079,-18.618,6.1628,-0.52549,-0.26078,0.94828,-50.994,35.275,-44.333,12
-9.7925,-0.77872,-1.6175,0.15908,0.020931,1.3415,-19.19,4.7518,0.15028,-0.76173,0.53438,155.27,4.1354,41.009,-12.062,-18.624,6.6,-0.52549,-0.26078,0.94828,-67.952,-26.813,-63.185,12
-0.7674,-0.5191,-0.37303,0.23862,-0.020931,-2.4232,-12.803,-4.1019,0.15028,-0.76173,0.53438,143.93,32.506,46.003,-7.0188,-15.183,5.6888,-0.62157,-0.35113,0.83621,-70.77,-93.207,-62.938,12
4.5176,1.8986,0.51824,0.22606,-0.016745,8.2134,-13.733,-16.886,0.15028,-0.76173,0.53438,110.15,-46.056,46.887,-0.091489,-7.7238,2.6242,-0.62157,-0.35113,0.83621,-62.515,-111.49,-49.594,12
6.7123,4.2844,1.5014,0.071167,-0.16745,15.444,-5.9485,-17.622,0.061224,-0.52908,0.76228,71.169,36.536,16.393,3.4317,-0.47565,0.43455,-0.62157,-0.35113,0.83621,-52.237,-89.023,-43.476,12
4.1528,0.94703,1.3694,-0.058608,-0.30979,-0.87743,-6.8218,-10.892,0.061224,-0.52908,0.76228,21.697,62.352,-1.2018,4.7712,4.1657,0.57287,-0.38824,-0.50719,0.90086,-45.028,-32.432,-39.565,12
-0.55426,-2.5898,-0.1594,-0.34746,-0.58189,5.0363,-1.4181,-13.093,0.061224,-0.52908,0.76228,-36.968,5.6908,-1.1935,1.3547,5.1612,3.1226,-0.38824,-0.50719,0.90086,-36.834,15.033,-39.876,12
-0.19328,-1.4471,-1.9513,-0.40188,-0.29304,3.8697,-1.2905,-10.234,0.0055659,-0.5197,0.78585,-80.855,36.772,-6.3985,-1.2434,3.9878,3.7827,-0.38824,-0.50719,0.90086,-26.939,17.081,-42.948,12
0.46524,0.4754,-0.60985,3.0141,1.5699,0.90653,-4.6324,-5.8163,0.0055659,-0.5197,0.78585,-114.67,23.899,-10.5,-0.72076,0.71786,2.7859,-0.38824,-0.50719,0.90086,-16.644,5.2869,-50.566,12
1.7526,1.2565,0.34466,0.22606,0.2135,0.10933,-8.1222,-3.3113,0.0055659,-0.5197,0.78585,-128.54,29.175,-11.285,0.03996,-0.45846,1.1542,-0.38039,-0.62012,0.86207,-7.0013,0.049895,-56.458,12
1.0751,1.2967,0.69565,-1.1303,-0.90424,-1.605,-8.572,-2.7467,0.0055659,-0.5197,0.78585,-136.97,5.4064,-13.043,0.29568,-0.49358,-0.35801,-0.38039,-0.62012,0.86207,-0.018174,16.136,-56.118,12
-0.75895,0.57354,0.47267,-0.34746,-0.57771,0.49602,-8.0924,-0.32674,-0.029685,-0.73358,0.60314,-137.39,-22.296,-11.315,-1.6292,-0.12652,-0.65216,-0.38039,-0.62012,0.86207,2.4088,25.439,-48.943,12
0.03078,-0.023868,-0.61267,-0.31816,-0.41863,0.053631,-6.5759,0.82799,-0.029685,-0.73358,0.60314,-133.26,-8.2087,-10.384,-0.75167,-0.099112,-0.91121,-0.36667,-0.62628,0.83405,3.2708,21.877,-41.309,12
-0.26251,-0.51069,0.30141,-0.30979,-0.31816,-0.82993,-5.3815,2.4414,-0.029685,-0.73358,0.60314,-129.46,-7.1458,-10.759,-0.12688,0.24481,-0.51901,-0.36667,-0.62628,0.83405,3.1049,23.232,-33.022,12
0.012726,-0.6363,0.0058913,-0.28885,-0.32234,-0.55408,-3.7807,5.0971,0.012987,-0.91557,0.31827,-120.42,6.8922,-11.369,-0.247,0.36445,0.44531,-0.36667,-0.62628,0.83405,2.7446,23.112,-27.252,12
-0.70894,-0.4115,0.03665,-0.47305,-0.56515,-0.9811,0.26034,6.2324,0.012987,-0.91557,0.31827,-105.23,21.97,-12.112,-0.61609,0.39405,1.4051,-0.36667,-0.62628,0.83405,2.7214,20.796,-22.897,12
-0.93683,-0.12825,-0.2326,-0.46886,-0.69492,3.5319,-1.2576,2.9516,0.012987,-0.91557,0.31827,-86.633,-8.675,-18.383,-1.2822,0.30307,1.3068,-0.38824,-0.65503,0.80819,3.7714,18.079,-21.405,12
-1.5998,-0.31317,0.42445,-0.28467,-0.51491,-13.763,7.8196,-3.1841,0.012987,-0.91557,0.31827,-65.702,41.758,-12.091,-1.2981,-0.27305,1.6947,-0.38824,-0.65503,0.80819,4.2846,15.533,-21.369,12
-2.5088,1.1999,-0.28148,-0.096285,-0.35165,19.814,-19.128,3.0438,0.050093,-0.96811,0.1002,-58.004,129.2,-52.08,-1.5794,-1.3025,2.7474,-0.38824,-0.65503,0.80819,6.4369,15.327,-21.685,12
-11.719,7.6734,0.74323,-0.050235,-0.14233,-3.4536,-19.106,15.125,0.050093,-0.96811,0.1002,-37.767,-20.54,-22.704,-2.62,-3.9369,4.3136,-0.38627,-0.65298,0.81466,10.046,17.157,-16.577,12
-21.513,-17.293,-15.462,0.12977,0.60701,3.1565,-19.315,-6.7258,0.050093,-0.96811,0.1002,-33.805,-35.625,-28.405,-5.3297,-10.216,6.3954,-0.38627,-0.65298,0.81466,12.589,20.1,-10.058,12
-21.885,1.8459,-16.581,0.2428,-0.083726,-8.5983,-14.726,-10.27,0.12245,-0.97186,0.031434,-21.085,-48.963,-43.245,-12.241,-18.601,8.9137,-0.38627,-0.65298,0.81466,6.2997,1.6014,-15.052,12
-21.906,2.3744,-10.86,0.36002,0.0,-5.0692,-11.431,-18.351,0.12245,-0.97186,0.031434,3.1669,-3.7014,-33.36,-16.845,-18.586,9.3519,-0.38627,-0.65298,0.81466,-3.8867,-83.462,-19.821,12
-21.87,0.57178,-16.422,0.26374,-0.096285,5.026,-15.474,-8.7964,0.12245,-0.97186,0.031434,22.006,20.514,-17.528,-9.1088,-18.582,6.8209,-0.36863,-0.64476,0.82974,-10.672,-133.67,-2.4868,12
-21.797,-3.0612,-13.654,0.046049,-0.31397,7.659,-19.211,-3.3111,0.21521,-0.96248,0.035363,30.197,-0.48546,-1.7535,-2.8601,-18.525,10.511,-0.36863,-0.64476,0.82974,-14.264,-97.815,22.715,12
-21.8,-2.4243,-8.6603,-0.28885,-0.51491,3.5139,-19.284,-3.6061,0.21521,-0.96248,0.035363,36.999,-37.067,12.185,-3.7609,-18.538,12.209,-0.36863,-0.64476,0.82974,-7.899,-53.811,55.615,12
-19.477,-0.36949,-8.7911,-0.32234,-0.57771,2.0161,-19.291,-2.3715,0.21521,-0.96248,0.035363,64.294,-22.111,28.95,-6.8298,-18.525,10.501,-0.2,-0.64476,0.87069,5.0344,-53.115,65.614,12
-11.04,1.0029,-6.2782,-0.52329,-0.49398,1.1672,-19.109,10.879,0.21521,-0.96248,0.035363,77.861,-6.6502,34.007,-5.5288,-18.585,7.4874,-0.2,-0.64476,0.87069,15.092,-70.652,64.185,12
-3.6668,2.0282,-2.449,0.15489,0.012559,6.2439,-14.526,6.8049,0.15213,-0.94747,0.14538,72.286,-16.319,27.289,0.01052,-13.143,5.697,-0.2,-0.64476,0.87069,21.722,-54.018,46.462,12
1.2927,4.5593,1.9261,2.7755,1.5699,7.4542,-9.6835,-2.0138,0.15213,-0.94747,0.14538,52.713,-12.087,23.886,2.5426,-5.3065,4.3493,-0.2,-0.64476,0.87069,28.886,-1.8379,26.589,12
5.4432,3.0913,1.3624,-1.394,-1.1387,7.3966,-11.91,-2.8653,0.15213,-0.94747,0.14538,13.827,-32.982,8.4227,2.5244,0.025117,2.5117,-0.14118,-0.61602,0.93319,31.605,36.632,28.786,12
6.1133,0.9006,0.90211,-1.2684,-0.92517,3.5261,-0.63436,-0.069374,0.10019,-0.9212,0.23379,3.0204,-36.727,1.6056,0.84577,4.2539,1.3898,-0.14118,-0.61602,0.93319,30.628,46.688,35.164,12
4.6161,0.51024,0.056448,-0.36002,-0.40607,6.0233,-6.5059,-0.098397,0.10019,-0.9212,0.23379,4.6456,6.7425,-16.466,-1.8367,5.4208,0.083542,-0.14118,-0.61602,0.93319,25.165,21.009,38.921,12
2.6482,0.41984,-0.95169,-0.27211,-0.2428,-8.1249,2.5805,11.517,0.10019,-0.9212,0.23379,34.146,38.741,-13.047,-1.2083,4.335,-1.502,-0.23725,-0.5462,0.94397,18.471,-20.039,29.09,12
-0.70008,-0.85472,-0.076924,-0.19257,-0.22187,-5.0396,2.8334,9.0809,0.10019,-0.9212,0.23379,59.281,-25.18,-2.5211,-0.65318,3.7818,-1.8213,-0.23725,-0.5462,0.94397,10.085,-32.819,13.165,12
-2.6634,-1.1748,-0.33731,-0.037677,-0.050235,-1.2785,0.8283,4.612,0.12801,-0.90994,0.29077,81.691,-20.266,2.6093,-0.21418,3.0811,-1.8876,-0.23725,-0.5462,0.94397,2.0502,-28.373,-4.0074,12
-2.2266,-1.298,0.30423,0.062794,0.020931,-1.1281,-1.5446,1.974,0.12801,-0.90994,0.29077,93.41,-0.75062,3.0455,-0.86505,1.8522,-1.7824,-0.23725,-0.5462,0.94397,-6.2939,-18.981,-16.904,12
-0.68597,-0.54993,0.77156,0.071167,-0.0041863,-0.13103,-2.8577,0.36622,0.12801,-0.90994,0.29077,96.356,25.642,1.1354,-1.521,0.33256,-1.7438,-0.18431,-0.52977,0.96552,-12.195,-16.604,-21.016,12
0.52829,-0.15167,0.54424,0.083726,0.0,-0.75081,-4.0548,0.45642,0.11688,-0.81051,0.47348,93.763,42.182,3.3306,-1.8596,-0.74433,-1.433,-0.18431,-0.52977,0.96552,-17.085,-20.9,-19.988,12
1.4646,0.50588,0.37184,0.12559,0.092098,0.40463,-5.7726,-1.0242,0.11688,-0.81051,0.47348,87.954,46.093,4.4178,-0.77652,-0.49285,-1.2851,-0.18431,-0.52977,0.96552,-18.533,-22.091,-13.507,12
2.2431,0.97473,-0.2807,0.062794,0.07954,0.10796,-5.5349,-5.9632,0.11688,-0.81051,0.47348,73.158,48.81,4.2537,-0.20328,-0.25805,-0.80457,-0.13333,-0.56263,0.95474,-16.708,-19.123,-5.1971,12
2.3277,1.798,-0.70134,0.012559,0.012559,0.47224,-3.4896,-10.347,0.11688,-0.81051,0.47348,47.12,36.96,5.7587,1.2461,0.77205,-0.79473,-0.13333,-0.56263,0.95474,-14.496,-13.29,-0.51802,12
2.4132,2.0686,-0.4033,0.20094,0.11722,3.1586,-3.4766,-9.0485,0.11688,-0.81051,0.47348,17.431,20.927,2.6167,1.7165,1.3367,-0.329,-0.13333,-0.56263,0.95474,-12.76,-1.3376,-1.3249,12
1.5293,1.3146,0.37095,0.32234,0.14233,2.373,-3.4355,-5.9293,0.11688,-0.81051,0.47348,-2.1585,29.379,-0.25062,1.0437,0.78946,0.94572,-0.13333,-0.56263,0.95474,-9.1305,2.5651,-6.7065,12
1.0139,-0.18793,0.61467,0.31816,0.11722,3.0741,-5.4819,-18.483,0.11688,-0.81051,0.47348,-32.303,14.451,-6.2806,0.49697,0.12725,1.7251,-0.13333,-0.56263,0.95474,-3.2181,1.3497,-13.435,12
1.4151,-0.55237,-1.9339,0.36421,0.23443,19.586,-19.388,-18.951,0.0092764,-0.69231,0.64047,-274.77,-360.19,-89.027,0.75044,-0.41875,2.1249,-0.13333,-0.56263,0.95474,4.3136,0.48147,-20.135,12
-4.9963,0.82532,5.4006,0.10466,0.07954,-21.698,16.63,24.417,0.0092764,-0.69231,0.64047,-103.86,171.86,-39.757,0.64029,-1.927,2.2995,-0.13333,-0.56263,0.95474,13.355,6.9077,-21.824,12
-17.677,0.51974,-0.96375,0.020931,0.38095,19.649,-19.254,-11.527,0.0092764,-0.69231,0.64047,-104.81,-205.56,-50.394,-1.2411,-7.4016,3.8383,-0.10588,-0.58727,0.94828,22.822,20.102,-17.795,12
-21.46,-19.931,-14.194,-0.56096,-0.32234,-14.363,-16.393,-2.6925,0.12616,-0.85553,0.43811,-20.217,61.487,-30.081,-4.3563,-18.579,5.071,-0.10588,-0.58727,0.94828,32.316,35.898,-7.6549,12
-21.986,5.8756,-11.566,0.95029,0.53585,-3.0834,-19.269,-4.1401,0.12616,-0.85553,0.43811,-12.951,8.9369,-13.539,-7.2087,-18.615,5.4963,-0.10588,-0.58727,0.94828,26.84,44.835,9.4747,12
-21.863,1.2137,-9.9013,3.2779,2.5536,3.3985,-19.327,-6.0053,0.12616,-0.85553,0.43811,3.1352,-10.857,3.7977,-10.381,-18.571,7.8944,-0.17843,-0.50308,0.97629,25.778,28.379,14.311,12
-21.89,-0.44182,-14.071,-1.0466,-0.98796,5.3935,-10.025,-10.468,0.12616,-0.85553,0.43811,53.35,-12.277,20.701,-7.7943,-18.567,8.3321,-0.17843,-0.50308,0.97629,14.295,11.197,26.889,12
-21.757,-4.0823,-7.4621,-0.427,-0.64469,2.3595,-14.397,-8.04,0.11688,-0.82739,0.44401,104.4,4.8275,33.794,-8.8317,-18.627,7.2666,-0.17843,-0.50308,0.97629,1.6544,21.817,23.642,12
-20.884,-1.7352,-2.9246,-0.15908,-0.31397,0.43533,-19.34,-1.3168,0.11688,-0.82739,0.44401,179.88,43.522,50.801,-11.405,-18.583,6.6854,-0.17843,-0.50308,0.97629,-11.896,13.254,24.9,12
-9.7139,-2.1826,-1.5543,-0.11303,-0.2135,-7.8288,-19.279,-1.136,0.11688,-0.82739,0.44401,141.12,4.8273,61.343,-9.1303,-18.565,7.5301,-0.21176,-0.51335,0.96121,-17.603,-18.814,24.746,12
0.54533,-2.519,0.93118,-0.071167,-0.14233,7.0056,-17.964,-9.2448,-0.0018553,-0.62852,0.69548,126.63,-114.48,44.788,-2.65,-18.558,5.1867,-0.21176,-0.51335,0.96121,-5.4235,-39.662,39.277,12
7.1416,1.0011,1.9848,-0.016745,-0.20513,10.071,-17.261,-14.262,-0.0018553,-0.62852,0.69548,106.71,5.7219,17.145,4.6936,-7.5162,1.3846,-0.21176,-0.51335,0.96121,12.903,-20.244,57.5,12
12.822,4.3349,-0.46249,-0.087912,-0.38095,4.526,-1.7982,-13.482,-0.0018553,-0.62852,0.69548,64.139,-21.192,10.04,7.8354,2.1909,-0.91129,-0.21176,-0.49487,0.97845,24.718,30.122,60.482,12
8.0663,4.7665,-0.90786,-0.2135,-0.55678,5.4365,-0.11535,-10.545,-0.0018553,-0.62852,0.69548,6.737,12.226,4.072,5.219,7.1,-0.99917,-0.21176,-0.49487,0.97845,31.806,74.633,54.041,12
-1.2876,1.2504,-0.06641,-0.10884,-0.43119,2.648,0.91279,-6.7404,0.0018553,-0.49531,0.80354,-39.349,-4.9276,-0.029539,2.0272,8.2335,-1.6508,-0.21176,-0.49487,0.97845,34.064,67.073,44.415,12
-4.109,-1.1162,-1.5847,-0.0083726,0.012559,0.57169,-0.22129,-5.297,0.0018553,-0.49531,0.80354,-68.727,-0.046673,-1.511,1.7496,5.9005,-2.955,-0.21176,-0.49487,0.97845,31.609,37.054,16.507,12
-2.7627,-1.2602,-0.9871,0.10466,0.33072,0.85278,-1.7252,-4.2027,0.0018553,-0.49531,0.80354,-88.914,-4.6154,-2.5046,2.0815,3.3483,-4.1659,-0.35294,-0.423,0.97629,24.839,24.274,-15.991,12
1.2639,0.44112,-0.42346,0.19676,0.21769,1.7708,-4.0252,-4.496,0.020408,-0.61726,0.70334,-101.45,3.5833,-5.9434,2.0671,1.5857,-4.4311,-0.35294,-0.423,0.97629,15.13,22.835,-42.525,12
2.2566,2.3217,0.3879,0.37677,0.18001,-0.049646,-6.218,-1.9989,0.020408,-0.61726,0.70334,-111.85,12.862,-8.2813,1.3942,0.47701,-4.2991,-0.35294,-0.423,0.97629,4.7961,30.781,-56.891,12
1.0092,2.0662,0.44912,0.51491,0.3349,-0.28806,-7.341,-0.43243,0.020408,-0.61726,0.70334,-118.15,3.1998,-8.7801,0.76367,-0.047732,-3.7732,-0.3902,-0.41889,0.95474,-4.8849,32.157,-56.015,12
0.10872,1.6347,0.27344,0.41026,0.27211,0.22497,-6.558,0.63268,0.03525,-0.78799,0.50491,-119.94,3.0343,-9.1755,0.22101,0.10266,-2.7345,-0.3902,-0.41889,0.95474,-14.528,19.403,-52.47,12
-0.12054,0.47143,0.21085,0.29723,0.24699,0.66003,-6.5015,1.3378,0.03525,-0.78799,0.50491,-121.35,5.4337,-10.326,0.64819,0.29296,-1.7041,-0.3902,-0.41889,0.95474,-21.63,9.3678,-46.736,12
0.059503,0.055151,0.60496,0.1214,0.092098,0.30348,-7.2806,1.639,0.03525,-0.78799,0.50491,-120.98,16.256,-10.586,0.65965,0.60145,-0.85534,-0.3902,-0.41889,0.95474,-26.344,4.7391,-42.452,12
0.49783,0.36124,0.73777,0.18001,0.20094,-0.41428,-5.8037,3.789,0.03525,-0.78799,0.50491,-123.6,21.603,-13.473,0.51815,0.43251,0.25079,-0.39804,-0.47228,0.9375,-27.435,3.3233,-39.932,12
0.7281,0.46393,0.79965,-1.0424,-0.56934,-1.4975,-3.3147,7.1422,0.06679,-0.92683,0.2613,-116.33,21.714,-15.351,0.61582,0.20073,1.0725,-0.39804,-0.47228,0.9375,-24.55,4.5798,-38.443,12
-1.1471,0.28236,0.92015,2.8844,1.7834,3.2233,0.31888,0.20443,0.06679,-0.92683,0.2613,-99.372,-3.043,-20.926,0.65424,-0.15091,1.9091,-0.39804,-0.47228,0.9375,-20.195,9.2589,-38.042,12
-5.4173,0.1578,2.0353,2.5704,2.1936,19.398,0.31454,-18.051,0.06679,-0.92683,0.2613,-53.192,42.367,-56.07,0.086929,-2.0156,3.4409,-0.41176,-0.53799,0.88362,-15.587,21.176,-39.513,12
-16.89,-3.9725,4.6004,-0.96285,-0.29304,-13.402,-19.217,9.978,0.12245,-0.97373,0.058939,-17.566,142.74,-4.1064,-2.3075,-6.5258,6.4237,-0.41176,-0.53799,0.88362,-7.3911,32.884,-40.188,12
-21.44,-19.905,-15.812,0.14233,0.47305,9.8512,-19.242,-1.4678,0.12245,-0.97373,0.058939,-30.069,-23.919,-26.576,-6.5706,-13.727,9.2615,-0.41176,-0.53799,0.88362,3.1077,41.467,-42.591,12
-21.949,3.5001,-16.401,0.16327,-0.12977,-17.809,-19.4,-2.3356,0.12245,-0.97373,0.058939,-32.859,-25.543,-11.786,-11.995,-18.557,11.343,-0.41176,-0.53799,0.88362,4.5593,25.048,-49.618,12
-21.881,1.6346,-15.642,0.07954,-0.046049,5.4516,-19.317,-10.89,0.12245,-0.97373,0.058939,-35.019,-6.0718,0.039602,-15.159,-18.552,14.822,-0.42549,-0.58522,0.85991,-1.0172,-11.95,-52.608,12
-21.756,-4.62,-16.321,-0.075353,-0.12559,6.3937,-18.692,-5.8498,0.16883,-0.96435,-0.0098232,-16.275,-8.8281,0.99099,-11.734,-18.54,14.969,-0.42549,-0.58522,0.85991,-3.6226,-21.143,-48.958,12
-21.723,-6.7701,-9.3567,-0.29723,-0.50235,3.0044,-19.293,-2.5283,0.16883,-0.96435,-0.0098232,-1.7376,-17.047,-2.2479,-12.595,-18.58,13.029,-0.42549,-0.58522,0.85991,-9.9373,29.607,-43.816,12
-21.844,-0.75266,-6.173,0.23862,0.11303,-6.3398,-19.228,4.9544,0.16883,-0.96435,-0.0098232,44.822,2.8545,4.1255,-16.499,-18.572,14.832,-0.40392,-0.61396,0.84483,-18.809,22.122,-20.814,12
-7.5931,1.8787,-2.5362,0.012559,-0.07954,1.654,-19.091,15.697,0.16141,-0.97373,0.0098232,47.421,-41.575,13.753,-10.441,-18.535,12.542,-0.40392,-0.61396,0.84483,-20.047,-29.805,12.171,12
2.473,0.089352,1.6186,0.0083726,-0.062794,3.3234,-14.178,5.9181,0.16141,-0.97373,0.0098232,30.403,-36.451,9.4246,-4.6608,-10.312,7.7969,-0.40392,-0.61396,0.84483,-10.642,-76.808,39.905,12
7.7339,0.17387,1.4578,0.075353,0.025118,2.9371,-10.469,2.6309,0.16141,-0.97373,0.0098232,5.4637,-28.128,10.417,1.6767,-0.58029,2.971,-0.40392,-0.61396,0.84483,1.5956,-73.836,40.842,12
8.7252,2.1223,-0.47215,0.16327,0.046049,5.5853,-7.5165,-5.1116,0.16141,-0.97373,0.0098232,-20.851,-100.53,-2.9067,3.2939,6.3176,1.7638,-0.31961,-0.61807,0.86853,6.1581,-30.512,22.089,12
3.2258,1.3343,1.1096,0.45631,0.36839,10.596,-6.305,-0.79262,0.13358,-0.97561,0.051081,-20.954,11.402,-11.528,0.0029932,6.2615,2.1464,-0.31961,-0.61807,0.86853,3.9343,-1.5481,-5.682,12
-0.72282,-1.2329,1.3522,0.61957,0.59864,-6.893,-0.13978,17.705,0.13358,-0.97561,0.051081,14.311,76.371,-13.748,-1.5985,3.1025,2.2489,-0.31961,-0.61807,0.86853,-1.8262,-3.0832,-37.912,12
-0.55408,-2.5992,1.7871,0.5484,0.49817,-7.3415,1.9203,17.773,0.13358,-0.97561,0.051081,52.002,-11.896,-6.5488,-3.8264,1.2912,2.1166,-0.28824,-0.6037,0.88578,-7.7517,-21.128,-51.568,12
-0.24938,-2.1773,1.3198,0.40607,0.3977,-2.8016,1.4578,12.118,0.18553,-0.96435,0.078585,92.074,-14.682,-0.54026,-3.6899,-0.22261,0.73887,-0.28824,-0.6037,0.88578,-13.189,-44.259,-47.114,12
-0.24011,-1.1258,1.225,0.23025,0.25955,-5.1858,-1.3489,9.6619,0.18553,-0.96435,0.078585,129.92,6.7742,7.4348,-2.1858,-1.018,0.1991,-0.28824,-0.6037,0.88578,-18.646,-51.302,-30.907,12
0.29068,-0.39237,2.1542,-0.0041863,0.050235,-5.2494,-4.2207,9.6115,0.18553,-0.96435,0.078585,156.88,10.725,17.39,-1.8849,-1.7492,1.0792,-0.28824,-0.6037,0.88578,-20.613,-50.569,-13.986,12
2.8409,-0.12542,2.2519,0.16745,0.2428,-1.1685,-8.6713,7.1277,0.14657,-0.87054,0.37328,172.94,10.564,23.42,-0.6219,-2.0359,1.4086,-0.17059,-0.65708,0.89224,-19.655,-44.463,-1.3925,12
3.9763,0.67982,1.6507,-1.0884,-0.54003,0.85144,-12.093,1.6226,0.14657,-0.87054,0.37328,177.32,31.805,22.11,0.83549,-0.74933,1.0667,-0.17059,-0.65708,0.89224,-14.519,-33.582,2.9335,12
2.3164,1.8567,1.4934,2.0052,1.3522,2.5159,-16.851,-0.97366,0.14657,-0.87054,0.37328,172.2,40.663,23.999,1.0547,0.43365,0.36543,-0.17059,-0.65708,0.89224,-9.7338,-21.852,1.1069,12
0.77758,2.535,-0.19291,3.2276,2.6625,8.696,-14.159,-11.902,0.14657,-0.87054,0.37328,145.75,98.175,21.211,0.67763,0.85793,-0.2071,-0.11569,-0.69815,0.86422,-5.1612,-13.425,-4.6621,12
0.6803,2.3484,-1.8413,-1.415,-0.92098,9.17,-9.0572,-18.59,0.014842,-0.61726,0.69352,97.163,149.49,16.331,1.6674,2.0474,-1.2622,-0.11569,-0.69815,0.86422,-0.29089,-11.135,-6.7537,12
0.84345,1.767,-3.1252,-0.38095,-0.36002,7.6288,-3.6679,-16.295,0.014842,-0.61726,0.69352,42.685,108.38,9.1736,2.0164,3.164,-1.6022,-0.11569,-0.69815,0.86422,2.2981,-3.586,-11.471,12
1.3002,1.1532,-2.9067,-0.19676,-0.13396,8.0976,-4.7189,-18.426,0.014842,-0.61726,0.69352,-2.7547,35.991,1.5711,1.4506,2.4483,-1.1693,-0.11569,-0.69815,0.86422,2.8974,2.4843,-20.906,12
-0.18422,3.6555,-4.1131,-0.10884,-0.21769,19.596,-19.338,-18.948,-0.09462,-0.58912,0.74067,-181.18,254.29,-67.606,1.4668,-2.2747,0.5321,-0.098039,-0.69405,0.87284,8.1276,4.8653,-31.655,12
-8.3275,3.7474,-4.2838,0.025118,-0.21769,-21.511,1.4056,23.73,-0.09462,-0.58912,0.74067,-136.69,71.092,-34.629,1.1203,-5.7609,0.90987,-0.098039,-0.69405,0.87284,18.778,10.641,-42.33,12
-21.59,-13.427,-12.251,0.14652,0.012559,-2.5782,-19.458,-19.113,-0.09462,-0.58912,0.74067,-125.37,-27.737,-26.652,0.97296,-9.9312,-0.12156,-0.098039,-0.69405,0.87284,28.586,21.989,-41.164,12
-21.847,-0.60066,-12.286,0.46049,0.87493,-4.806,-5.8417,-9.9131,-0.09462,-0.58912,0.74067,-57.885,-3.0909,-32.0,-0.87416,-18.633,0.68292,-0.10784,-0.64066,0.90733,31.198,31.838,-33.629,12
-22.079,9.9983,-15.848,0.25955,0.025118,14.814,-19.189,-0.040454,-0.059369,-0.803,0.52063,-8.0191,6.5022,-15.489,-3.4911,-18.677,3.264,-0.10784,-0.64066,0.90733,27.042,29.188,-12.386,12
-21.975,7.3351,-16.087,0.36839,0.13396,4.2443,-9.5616,-9.6231,-0.059369,-0.803,0.52063,18.327,-18.532,-3.2115,-4.1888,-18.608,2.1633,-0.10784,-0.64066,0.90733,35.369,18.096,30.129,12
-21.992,6.679,-16.157,0.5484,0.31816,2.8919,-15.255,-6.6817,-0.059369,-0.803,0.52063,51.269,-14.274,17.876,-3.7754,-18.606,0.38219,-0.10784,-0.64066,0.90733,27.959,13.166,56.023,12
-21.889,2.0294,-12.712,0.43956,0.16745,5.0307,-15.629,-6.4395,-0.03525,-0.77111,0.54224,93.904,-6.9941,40.76,-3.7854,-18.61,1.0487,-0.13725,-0.58111,0.93966,12.212,0.3332,81.829,12
-21.865,0.31382,-7.7928,0.54003,0.44375,4.0563,-18.552,-1.6995,-0.03525,-0.77111,0.54224,144.48,-0.52735,57.722,-2.2843,-18.623,0.68343,-0.13725,-0.58111,0.93966,-2.7705,-25.703,94.786,12
-12.737,-0.54406,-1.7648,0.6112,0.52329,-1.6831,-19.286,-1.877,-0.03525,-0.77111,0.54224,181.75,30.843,66.764,1.6578,-18.637,0.28689,-0.13725,-0.58111,0.93966,-10.903,-49.007,79.333,12
-1.6869,-2.0189,0.20777,0.74097,0.57352,10.973,-19.418,-19.028,-0.141,-0.50657,0.78193,163.24,-124.57,45.888,5.4433,-17.161,-2.0559,-0.14118,-0.55852,0.94397,-11.466,-33.477,52.813,12
8.2085,1.1921,1.1178,0.72004,0.57771,11.626,-19.378,-19.019,-0.141,-0.50657,0.78193,105.87,-32.985,8.7463,7.7431,-6.3565,-3.6512,-0.14118,-0.55852,0.94397,-11.963,6.5255,23.522,12
12.758,5.0069,-0.05464,0.47724,0.28048,0.21713,-0.74118,-13.722,-0.141,-0.50657,0.78193,36.714,-28.808,9.6548,6.8257,3.6925,-3.7529,-0.14118,-0.55852,0.94397,-15.734,42.433,-1.1,12
8.2624,3.5443,-0.71259,0.26792,-0.15489,12.339,-2.1623,-18.214,-0.141,-0.50657,0.78193,-42.272,-58.109,1.1379,4.5472,9.074,-2.5984,-0.14118,-0.55852,0.94397,-18.505,52.572,-6.311,12
0.64262,1.2024,-1.4181,0.13396,-0.012559,5.375,-3.8248,-10.2,-0.029685,-0.37148,0.8389,-106.64,1.2498,-13.464,2.7187,8.8908,-1.92,-0.2,-0.60986,0.93319,-18.637,39.363,-20.622,12
-2.5711,-0.23204,-1.5893,-0.11303,0.22606,2.9673,-9.9919,-6.1158,-0.029685,-0.37148,0.8389,-144.6,17.042,-23.541,1.8992,3.575,-2.4983,-0.2,-0.60986,0.93319,-21.141,22.312,-40.357,12
-1.1889,-0.14927,-0.40291,3.2821,2.5955,1.4182,-12.269,-5.1409,-0.029685,-0.37148,0.8389,-164.1,3.8428,-29.368,1.7742,-0.25721,-2.7212,-0.2,-0.60986,0.93319,-22.775,20.489,-60.949,12
1.2977,0.77343,0.72224,0.59445,0.5484,0.81259,-13.552,-2.7007,-0.0092764,-0.64916,0.65422,-168.21,1.3151,-30.848,1.1438,-1.8218,-2.1848,-0.22941,-0.65503,0.88578,-23.56,31.774,-76.601,12
3.3869,0.35425,1.295,-0.90424,-0.34746,1.3762,-12.549,0.58425,-0.0092764,-0.64916,0.65422,-172.63,-18.824,-27.817,0.35921,-1.6974,-1.7411,-0.22941,-0.65503,0.88578,-23.118,40.118,-76.676,12
1.7026,-0.28271,1.6903,-0.029304,0.2763,0.25998,-11.382,4.4127,-0.0092764,-0.64916,0.65422,-166.26,-22.374,-29.496,-0.057558,-1.6254,-1.5396,-0.22941,-0.65503,0.88578,-25.617,41.496,-68.436,12
-0.13068,-1.5471,0.029186,0.14652,0.2428,-2.0671,-8.6613,9.1192,-0.0092764,-0.64916,0.65422,-156.94,-38.981,-27.496,-1.05,-1.0565,-0.64657,-0.22941,-0.65503,0.88578,-28.119,24.737,-58.932,12
-1.6818,-2.2751,0.57419,0.12977,0.20513,-3.2117,-2.0442,9.4386,0.089054,-0.90244,0.33399,-135.72,-44.514,-24.69,-0.39008,-0.31891,0.10905,-0.22549,-0.75359,0.81466,-30.107,5.4188,-50.837,12
-2.6773,-1.4904,0.90797,0.075353,0.15489,-2.9936,3.0386,9.7991,0.089054,-0.90244,0.33399,-106.14,-56.92,-17.943,0.95509,0.1013,1.1301,-0.22549,-0.75359,0.81466,-30.695,0.52851,-50.439,12
-2.2684,-0.21735,0.27517,0.083726,0.058608,-3.2933,4.1252,11.527,0.089054,-0.90244,0.33399,-80.197,-25.07,-10.267,0.17457,0.064928,1.4928,-0.22549,-0.75359,0.81466,-30.467,5.361,-56.981,12
-1.3804,-0.17064,0.53201,-0.016745,0.083726,-5.9202,6.3209,13.278,0.17254,-0.95872,0.062868,-50.07,-6.2883,-3.6976,-0.77878,-0.4323,1.7701,-0.19804,-0.81725,0.75647,-30.446,7.4193,-68.914,12
-1.9334,-0.29979,-0.23751,0.11722,0.27211,3.8132,-0.58846,-18.252,0.17254,-0.95872,0.062868,-56.168,-130.45,-10.992,-0.4707,-1.3519,1.8074,-0.19804,-0.81725,0.75647,-30.272,6.9067,-83.707,12
-4.043,1.1405,-0.91841,0.30141,0.3349,4.084,-19.069,17.9,0.17254,-0.95872,0.062868,-27.645,285.96,-29.147,-0.124,-3.4837,2.6279,-0.19804,-0.81725,0.75647,-28.817,8.7622,-96.332,12
-14.497,2.1208,1.7067,0.38514,0.47305,19.878,-19.012,12.696,0.17254,-0.95872,0.062868,-32.188,-60.229,-40.168,0.13753,-5.9261,3.3912,-0.19804,-0.81725,0.75647,-25.206,10.832,-103.5,12
-21.56,-15.934,-18.066,0.46886,0.59864,9.9473,-19.218,0.0031669,0.20779,-0.94559,0.033399,-18.125,24.952,-9.5551,-0.51583,-9.9549,3.5127,-0.11569,-0.87064,0.68319,-22.357,8.4525,-102.7,12
-21.974,7.2846,-16.092,0.5191,0.54422,-4.5419,-19.39,-10.317,0.20779,-0.94559,0.033399,-17.649,-12.668,-13.373,-1.4296,-18.591,2.8517,-0.11569,-0.87064,0.68319,-28.661,6.4062,-113.99,12
-21.96,6.0838,-16.2,0.72423,0.50654,-0.78515,-18.069,-9.8488,0.20779,-0.94559,0.033399,-14.446,9.3188,0.19574,-3.0103,-18.591,2.8725,-0.11569,-0.87064,0.68319,-35.06,-5.073,-106.79,12
-21.934,2.7791,-12.971,0.56515,0.35583,7.0034,-19.294,-5.6864,0.25232,-0.9531,-0.021611,-3.3587,20.768,9.6719,-5.5393,-18.592,3.8413,-0.0098039,-0.93224,0.61853,-34.379,-26.8,-64.68,12
-21.853,-0.80277,-12.283,0.22187,0.12977,2.1556,-19.285,-3.7239,0.25232,-0.9531,-0.021611,-5.4259,18.403,0.35739,-5.2718,-18.594,5.5911,-0.0098039,-0.93224,0.61853,-24.611,-55.307,-1.7442,12
-16.976,-0.71264,-9.3483,0.2763,0.28048,-2.2443,-19.245,0.20278,0.25232,-0.9531,-0.021611,22.674,12.617,2.3063,-0.48172,-18.601,2.9241,-0.0098039,-0.93224,0.61853,-9.1566,-71.853,83.207,12
-8.1096,3.4618,-6.8148,0.15489,0.45631,-1.6858,-19.196,9.1588,0.23748,-0.95685,0.015717,38.877,-15.068,9.7628,2.4832,-18.592,0.75788,-0.0098039,-0.93224,0.61853,6.5323,-46.948,121.18,12
-0.68358,-0.1643,-2.4358,-0.63632,-0.15071,2.5292,-16.716,5.5957,0.23748,-0.95685,0.015717,33.99,-52.633,4.1755,-0.048096,-11.28,2.0298,0.011765,-0.96304,0.59267,19.576,0.66894,122.77,12
5.6305,-0.20982,1.3601,0.59864,0.56515,3.8345,-12.94,0.099698,0.23748,-0.95685,0.015717,16.721,-46.039,8.2068,-3.9886,-5.5287,4.1298,0.011765,-0.96304,0.59267,23.351,19.085,98.832,12
9.5375,1.9104,1.3298,4.1361,2.8299,9.5843,-12.665,0.86886,0.23748,-0.95685,0.015717,-6.1511,-5.0761,0.46238,-2.8012,1.0801,3.0123,0.011765,-0.96304,0.59267,22.879,7.8071,77.636,12
8.0991,0.59886,0.73811,0.36839,0.71586,7.4191,-5.7171,3.5383,0.21892,-0.9531,0.037328,-11.614,-14.93,-3.9474,0.40479,6.6762,1.6151,-0.10392,-0.91786,0.62716,12.517,12.89,49.219,12
1.3938,-1.507,1.5907,-0.40607,-0.025118,-0.65014,-1.7232,11.834,0.21892,-0.9531,0.037328,11.906,72.358,-11.784,-2.4884,7.7968,2.6815,-0.10392,-0.91786,0.62716,-4.4175,25.034,30.708,12
-0.41828,-1.3085,2.1454,-0.054422,0.092098,-12.726,6.2338,23.382,0.21892,-0.9531,0.037328,61.899,57.913,0.4917,-6.3139,1.7754,5.5367,-0.10392,-0.91786,0.62716,-20.016,-8.8206,23.515,12
-1.1028,-1.9299,1.9842,-0.050235,0.13396,-5.7671,3.2319,14.281,0.22078,-0.93621,0.10413,109.01,14.873,12.678,-6.3563,-3.1474,6.2593,-0.10392,-0.91786,0.62716,-23.007,-74.538,18.697,12
-1.5187,-2.8521,1.8696,-0.10466,0.083726,-7.3566,-1.1368,8.0988,0.22078,-0.93621,0.10413,148.31,15.948,26.312,0.12045,-6.2892,3.0814,-0.11569,-0.91376,0.61853,-13.39,-118.13,24.74,12
-0.89506,-1.7118,1.5933,-0.10466,0.03349,-4.8593,-5.909,6.1247,0.22078,-0.93621,0.10413,174.53,-4.3141,36.668,4.7574,-8.3579,-0.7929,-0.11569,-0.91376,0.61853,4.9926,-93.196,32.079,12
0.78891,-1.0618,1.915,-0.15908,-0.075353,0.44672,-11.089,1.95,0.22078,-0.93621,0.10413,190.08,-7.9558,35.961,5.843,-6.3498,-1.9842,-0.11569,-0.91376,0.61853,19.056,-33.39,37.538,12
2.742,-0.23101,1.6003,-0.1842,-0.12559,5.6603,-16.111,-3.1448,0.12616,-0.82364,0.4499,177.03,51.808,25.667,4.1192,-4.1426,-2.2592,-0.039216,-0.94251,0.63793,28.322,13.516,36.893,12
3.0951,0.29542,-0.18394,0.03349,0.0083726,7.7933,-16.204,-14.42,0.12616,-0.82364,0.4499,143.65,112.69,25.149,1.5748,-2.48,-1.999,-0.039216,-0.94251,0.63793,31.992,21.454,35.804,12
2.1292,1.6212,-1.4015,0.17582,0.075353,8.6753,-10.682,-18.666,0.12616,-0.82364,0.4499,84.832,143.19,18.228,3.2499,-0.99664,-2.6644,-0.039216,-0.94251,0.63793,33.678,10.517,32.698,12
1.8808,2.4229,-2.024,0.16327,0.016745,2.5382,-3.7674,-18.319,-0.085343,-0.61163,0.71709,31.253,123.91,17.183,4.1173,1.755,-2.4956,-0.039216,-0.94251,0.63793,29.833,3.067,28.003,12
1.1635,2.4301,-2.455,0.15489,0.062794,3.5855,-1.9103,-14.789,-0.085343,-0.61163,0.71709,-9.5665,57.71,12.024,2.7375,1.8181,-2.1903,-0.090196,-0.85832,0.68966,23.867,-1.0881,23.954,12
-0.17008,2.4436,-1.0959,0.31397,0.10047,19.586,-19.358,-18.949,-0.085343,-0.61163,0.71709,-210.5,-214.23,-83.114,3.3038,0.051901,-1.8099,-0.090196,-0.85832,0.68966,23.603,-9.5811,9.2321,12
-3.6518,1.7803,-2.8924,0.48142,0.058608,-14.064,-3.6652,23.582,-0.085343,-0.61163,0.71709,-102.75,169.28,-22.582,2.7932,-2.6123,-2.2348,-0.090196,-0.85832,0.68966,25.77,-8.2986,-5.5388,12
-16.798,5.5722,-5.3301,0.39351,-0.15071,-21.598,-19.455,-8.8241,-0.085343,-0.61163,0.71709,-99.717,-57.351,-33.507,2.2259,-6.8192,-3.9243,-0.090196,-0.82546,0.73491,28.077,-10.995,-18.823,12
-21.605,-12.7,-17.269,0.52329,0.66143,16.768,5.0186,-11.008,-0.085343,-0.61163,0.71709,-89.962,-65.522,-33.765,1.4129,-16.529,-5.9202,-0.090196,-0.82546,0.73491,28.895,-0.9457,-29.377,12
-22.018,6.9514,-16.143,0.39351,1.3689,-2.2531,-19.357,-7.9279,-0.085343,-0.61163,0.71709,-18.494,4.4051,-21.319,-1.0588,-18.662,-6.1518,-0.090196,-0.82546,0.73491,23.166,18.623,-38.351,12
-21.982,5.6418,-12.429,0.13396,0.24699,6.2365,-12.269,-10.051,-0.044527,-0.8424,0.47151,28.528,-8.1752,-12.321,-4.9664,-18.682,-4.2258,-0.090196,-0.82546,0.73491,25.577,8.347,7.2873,12
-21.91,2.5695,-15.221,-0.68655,-0.21769,0.75882,-15.666,-8.1507,-0.044527,-0.8424,0.47151,68.548,-35.548,7.4982,-7.8759,-18.672,-2.2461,-0.07451,-0.76797,0.8125,13.022,-26.333,29.405,12
-21.861,4.1489,-12.511,0.90005,0.90005,3.8338,-17.161,-6.226,-0.044527,-0.8424,0.47151,108.33,-14.294,29.145,-3.6418,-18.651,-2.0575,-0.07451,-0.76797,0.8125,12.555,-55.122,53.871,12
-21.884,0.24057,-5.5362,3.6756,2.8174,1.3543,-19.3,-3.2535,-0.059369,-0.73546,0.62475,143.07,-19.412,50.435,-0.26541,-18.633,-2.2754,-0.07451,-0.76797,0.8125,7.9588,-29.977,59.304,12
-9.0846,0.69274,-3.6113,-1.0759,-0.52329,3.8857,-19.187,4.0795,-0.059369,-0.73546,0.62475,167.49,21.077,66.858,2.7006,-18.582,0.84175,-0.068627,-0.74538,0.81681,9.1623,18.564,32.489,12
-1.2949,-0.40422,1.7531,-0.33072,0.046049,12.73,-18.345,-11.707,-0.059369,-0.73546,0.62475,151.4,-78.211,55.474,2.1552,-16.131,1.8705,-0.068627,-0.74538,0.81681,17.523,64.693,-10.405,12
5.5591,1.3363,1.2255,-0.20094,-0.03349,19.443,-19.328,-18.939,-0.059369,-0.73546,0.62475,85.055,-40.117,28.859,0.72019,-4.5549,0.51184,-0.068627,-0.74538,0.81681,22.733,82.979,-27.812,12
11.681,4.8584,-0.4259,-0.092098,-0.020931,-2.8017,-0.27864,-10.042,-0.096475,-0.46154,0.81532,18.153,34.314,2.6127,-0.54725,5.6303,-1.9685,-0.068627,-0.74538,0.81681,21.225,75.807,-20.55,12
7.4893,2.8055,-1.3475,-0.12977,-0.22187,6.2412,-1.0181,-15.676,-0.096475,-0.46154,0.81532,-43.312,-92.227,-12.353,1.3767,10.589,-0.085126,-0.068627,-0.74538,0.81681,17.674,43.906,-1.8906,12
-1.4026,0.93904,-0.35759,-0.046049,-0.062794,9.767,-2.7617,-12.801,-0.096475,-0.46154,0.81532,-97.597,9.5998,-19.933,0.28928,9.9272,0.71511,-0.068627,-0.74538,0.81681,18.139,36.559,7.9394,12
-3.5558,-0.99951,-0.57417,-0.025118,0.16745,3.8673,-8.01,-4.9556,-0.042672,-0.53659,0.76228,-124.23,44.362,-28.839,-1.284,4.998,-0.19802,-0.068627,-0.74538,0.81681,12.854,10.682,10.259,12
-1.2833,-1.4913,-0.63948,-0.075353,0.20931,-0.79223,-9.1651,-1.6537,-0.042672,-0.53659,0.76228,-132.46,62.242,-37.223,-1.5591,1.714,-0.6018,-0.23725,-0.69199,0.85129,6.737,-8.5229,7.4402,12
1.5385,0.34788,0.083941,-0.029304,-0.0041863,-3.6636,-6.8095,-1.7417,-0.042672,-0.53659,0.76228,-134.41,42.629,-38.286,-0.957,-0.39634,-0.6344,-0.23725,-0.69199,0.85129,4.076,-23.275,-0.40775,12
2.2436,0.44428,0.23999,-0.046049,0.35583,-0.35533,-7.5268,-0.20281,-0.042672,-0.53659,0.76228,-135.55,10.163,-36.352,-0.80607,-1.6458,-1.5823,-0.23725,-0.69199,0.85129,0.10471,-25.436,-2.6316,12
1.5057,-0.030793,0.5446,-0.012559,0.10884,-1.7438,-6.7574,0.49886,-0.048237,-0.77298,0.56974,-124.2,5.6457,-35.668,0.92837,-0.70045,-3.0454,-0.20784,-0.67351,0.85776,-2.9086,-21.556,1.2404,12
1.2186,0.1789,0.50031,0.03349,0.20931,-2.0713,-7.1084,0.050951,-0.048237,-0.77298,0.56974,-121.57,-24.105,-33.114,1.5064,-0.74298,-3.2976,-0.20784,-0.67351,0.85776,-6.0144,-8.9785,3.5796,12
0.62874,-0.12397,0.90463,0.14652,0.33072,-0.92089,-6.5601,3.392,-0.048237,-0.77298,0.56974,-118.31,-39.184,-27.545,1.116,-0.63323,-2.3233,-0.20784,-0.67351,0.85776,-7.7023,1.7665,5.6045,12
0.19306,-0.56217,0.85467,0.28885,0.37677,-2.3497,-2.4403,6.4691,0.044527,-0.91557,0.30255,-106.12,-41.508,-24.735,0.2348,-0.3903,-1.0299,-0.20784,-0.67351,0.85776,-6.7938,2.85,5.9728,12
0.21713,-1.2606,1.0234,0.3349,0.44793,-1.4266,1.6043,8.9409,0.044527,-0.91557,0.30255,-90.133,-40.016,-22.04,0.082991,-0.26013,-0.013007,-0.19608,-0.68583,0.87069,-4.3368,-2.796,6.4394,12
0.060105,-0.98505,0.58503,0.029304,0.14233,-4.408,3.5632,12.759,0.044527,-0.91557,0.30255,-66.379,-26.492,-19.62,0.76656,-0.24471,0.52943,-0.19608,-0.68583,0.87069,-1.6296,-1.3816,5.3964,12
-2.2233,0.052204,2.6573,-0.13815,0.03349,0.52826,2.1281,2.9138,0.13729,-0.97749,0.092338,-40.352,-89.138,-14.752,1.0469,-0.62688,1.3124,-0.19608,-0.68583,0.87069,-0.077578,10.196,3.1456,12
-4.7081,-1.4639,2.2893,-0.2428,0.087912,19.526,-4.437,-10.037,0.13729,-0.97749,0.092338,-24.235,-197.56,-58.579,-0.22929,-1.9371,2.2886,-0.19804,-0.68788,0.85129,2.04,24.468,-1.2869,12
-9.8491,-2.4963,-0.62467,-1.2182,-0.58189,-17.679,-19.115,21.17,0.13729,-0.97749,0.092338,-1.8614,167.91,-10.156,-1.8244,-5.5999,5.0117,-0.19804,-0.68788,0.85129,6.5982,31.457,-5.5978,12
-21.46,-17.89,-8.2522,2.1476,1.7875,0.88072,-19.263,0.44149,0.13729,-0.97749,0.092338,-12.669,-38.956,-10.901,-3.7925,-11.517,7.2575,-0.19804,-0.68788,0.85129,17.847,25.311,-10.004,12
-22.071,9.109,-15.801,2.3359,2.1769,1.7816,-19.311,-4.4165,0.25232,-0.9531,0.047151,-4.044,-47.299,2.4298,-7.3026,-18.577,7.2795,-0.19804,-0.68788,0.85129,20.109,18.059,-6.9986,12
-21.913,2.1974,-10.339,-0.98796,-0.7326,-2.0309,-19.319,-8.1217,0.25232,-0.9531,0.047151,-17.3,-4.7811,11.072,-8.0899,-18.595,9.5286,-0.25882,-0.66119,0.85129,3.7437,-2.6504,10.932,12
-21.805,-1.1435,-15.534,-0.36002,-0.37677,0.68523,-19.306,-3.8439,0.25232,-0.9531,0.047151,-19.094,11.017,16.722,-11.402,-18.604,9.6115,-0.25882,-0.66119,0.85129,5.3539,-21.165,12.232,12
-21.802,-2.3486,-5.1272,-0.30979,-0.32653,-0.082193,-19.287,-1.9964,0.19109,-0.9606,0.0019646,-9.492,-1.5565,3.5243,-9.8561,-18.603,7.7365,-0.25882,-0.66119,0.85129,-2.6103,-27.638,10.332,12
-21.098,-2.6669,-4.9137,-0.33909,-0.5191,-4.5136,-19.238,4.9096,0.19109,-0.9606,0.0019646,41.331,6.3757,6.1803,-8.088,-18.572,7.7901,-0.20196,-0.66735,0.86207,-9.5198,-18.41,18.766,12
-6.2939,-2.4745,-2.2753,-0.41444,-0.48142,-1.9218,-15.107,12.1,0.19109,-0.9606,0.0019646,54.6,-54.124,9.1173,-7.457,-18.606,8.4343,-0.20196,-0.66735,0.86207,-8.6865,-24.847,29.317,12
1.172,-2.0319,0.32239,-0.4898,-0.48142,4.7505,-7.3639,-2.7269,0.19109,-0.9606,0.0019646,50.973,-47.299,9.6988,-5.0287,-10.954,6.6086,-0.20196,-0.66735,0.86207,-1.0521,-51.351,36.233,12
7.302,-0.95842,1.1243,-0.69492,-0.63213,4.6757,-4.837,-0.52842,0.19852,-0.95872,0.070727,47.341,-10.382,10.412,-0.025476,-2.9749,3.5075,-0.20196,-0.66735,0.86207,10.778,-35.327,35.226,12
7.0265,0.18972,1.1855,-0.43537,-0.32234,4.3402,-4.7773,-5.4559,0.19852,-0.95872,0.070727,12.795,-51.504,0.69204,5.4041,1.7328,1.2846,-0.19216,-0.67351,0.88793,18.448,13.581,15.396,12
3.0871,-1.3242,1.165,-0.20931,-0.10884,5.8647,4.5569,1.2344,0.19852,-0.95872,0.070727,23.945,-1.5238,-3.9269,-1.9181,2.4412,2.1221,-0.19216,-0.67351,0.88793,15.633,55.253,5.5363,12
-0.47814,-2.3558,1.7669,-0.19257,-0.15071,-5.947,2.5756,13.996,0.20223,-0.93996,0.12377,54.135,37.624,0.56127,-2.8631,2.1439,2.3884,-0.19216,-0.67351,0.88793,8.7726,33.45,-3.7692,12
-0.90567,-1.6863,1.0588,-0.054422,0.037677,-2.9281,1.4428,8.6366,0.20223,-0.93996,0.12377,72.151,8.0858,7.7113,-2.1478,0.64709,2.7094,-0.26275,-0.62218,0.90517,3.941,17.082,-12.005,12
-0.029312,-0.55462,0.88693,0.012559,0.23862,0.24151,-1.152,3.6115,0.20223,-0.93996,0.12377,88.833,12.139,11.233,-2.904,-0.13819,2.1806,-0.26275,-0.62218,0.90517,-3.6387,-4.8053,-12.299,12
1.3337,-0.020005,1.314,0.12977,0.25118,-0.7184,-2.7626,2.9484,0.20223,-0.93996,0.12377,102.45,23.563,14.454,-0.98558,-0.057946,1.2054,-0.26275,-0.62218,0.90517,-8.7409,-30.288,-6.7311,12
1.5532,0.62397,1.7825,0.15071,0.23025,-1.8207,-4.0824,3.6423,0.14471,-0.87992,0.29862,107.7,26.446,20.092,1.5264,-0.44397,0.6028,-0.26275,-0.62218,0.90517,-10.084,-21.017,-6.4897,12
1.6893,0.88625,0.94292,0.14233,0.16327,-0.072847,-5.8896,2.1319,0.14471,-0.87992,0.29862,108.36,20.384,22.304,1.8912,-0.37581,0.41871,-0.22745,-0.63244,0.89655,-9.7982,-10.345,-9.8398,12
2.0525,0.404,0.03636,-0.037677,0.07954,3.0673,-6.8627,-0.13538,0.14471,-0.87992,0.29862,104.72,25.008,17.136,1.1347,0.32735,-0.26488,-0.22745,-0.63244,0.89655,-9.6143,-9.9073,-20.31,12
2.5654,0.5194,0.12043,-0.17582,-0.075353,2.8459,-6.5108,-3.5575,0.079777,-0.76735,0.52259,90.571,59.278,13.469,1.0595,1.1829,-0.71169,-0.22745,-0.63244,0.89655,-9.447,-11.131,-33.652,12
3.0823,1.4398,-0.49147,-0.38932,-0.07954,3.9441,-6.625,-5.0731,0.079777,-0.76735,0.52259,59.987,100.32,10.063,1.6222,1.5175,-1.247,-0.17059,-0.6694,0.89224,-11.789,-11.971,-47.408,12
3.9632,2.3441,-1.1574,-0.79958,-0.45212,0.8803,-5.9372,-3.6214,0.079777,-0.76735,0.52259,40.289,132.62,4.7944,1.9996,1.5583,-1.1721,-0.17059,-0.6694,0.89224,-16.275,-11.676,-58.692,12
4.0314,2.4722,-0.76697,3.1397,1.7875,-1.3139,-4.127,-0.82366,-0.10204,-0.67542,0.65422,27.221,107.62,7.1817,1.0961,1.5328,0.28498,-0.17059,-0.6694,0.89224,-19.374,-16.429,-65.205,12
-0.32905,1.3012,-0.14605,-0.083726,-0.058608,19.606,-19.338,-18.948,-0.10204,-0.67542,0.65422,-205.84,-335.74,-52.122,0.11051,0.77059,1.0594,-0.17059,-0.6694,0.89224,-19.998,-24.956,-65.493,12
-5.7877,2.012,-0.92419,-1.1512,-0.87075,19.983,-18.916,23.244,-0.10204,-0.67542,0.65422,-28.667,-28.521,-55.274,-0.011635,-0.86324,1.6756,-0.10196,-0.71869,0.86207,-16.139,-33.999,-58.467,12
-21.901,6.1517,-4.7516,-0.29723,-0.40607,4.7504,-16.525,-10.872,-0.10204,-0.67542,0.65422,-112.49,-11.719,-46.984,1.142,-6.5289,2.1111,-0.10196,-0.71869,0.86207,-7.5704,-38.91,-51.026,12
-21.668,-8.4979,-14.302,0.07954,0.096285,-19.035,-10.895,-9.2768,-0.085343,-0.82552,0.47348,-55.304,-13.575,-27.762,0.60059,-15.459,0.13332,-0.10196,-0.71869,0.86207,9.0001,-33.56,-43.889,12
-21.692,-7.3342,-15.544,0.10047,0.29723,6.6154,-15.536,-8.0752,-0.085343,-0.82552,0.47348,-34.204,-5.1625,-9.0767,-2.5328,-18.644,-2.3593,0.0039216,-0.72895,0.85991,9.178,-15.775,-25.651,12
-21.862,2.1903,-11.603,0.07954,0.1214,3.3822,-12.776,-9.2508,-0.085343,-0.82552,0.47348,13.547,2.4333,-0.29527,-1.8908,-18.654,-0.42229,0.0039216,-0.72895,0.85991,12.929,0.28317,4.9489,12
-21.836,-1.1063,-12.215,-0.083726,-0.07954,-2.3057,-17.738,-5.4516,-0.038961,-0.84428,0.4224,63.799,-7.6105,9.334,-4.8929,-18.604,1.6323,0.0039216,-0.72895,0.85991,19.916,16.741,42.469,12
-21.849,-0.9618,-10.518,0.020931,-0.12977,3.4346,-19.292,-5.4198,-0.038961,-0.84428,0.4224,95.618,-21.14,25.716,-4.2596,-18.618,1.1941,0.0039216,-0.72895,0.85991,19.555,16.511,73.511,12
-21.867,-0.06266,-5.5004,0.0,-0.062794,-0.25475,-19.287,-3.9461,-0.038961,-0.84428,0.4224,130.66,-23.325,43.075,-1.5598,-18.631,-0.12948,-0.027451,-0.70021,0.88578,9.7739,25.86,91.273,12
-15.165,-1.3671,-2.702,0.13815,0.20513,1.4064,-19.186,6.1485,-0.038961,-0.84428,0.4224,164.09,-29.164,53.72,-1.3426,-18.63,0.96432,-0.027451,-0.70021,0.88578,3.3013,24.923,81.766,12
-6.8947,-1.7311,-0.45054,0.050235,0.10884,-10.301,-19.312,-1.4957,-0.1039,-0.6773,0.64833,174.43,-26.882,64.024,1.2736,-18.549,0.062114,-0.027451,-0.70021,0.88578,6.4289,14.524,61.355,12
0.86938,0.97561,1.2878,0.029304,0.07954,19.606,-19.338,-18.948,-0.1039,-0.6773,0.64833,97.579,-165.01,26.538,4.5213,-9.3559,-0.5928,-0.14118,-0.67146,0.87284,8.4361,17.757,41.868,12
9.1924,3.0069,0.41799,0.18838,0.092098,19.377,5.7525,-17.821,-0.1039,-0.6773,0.64833,69.982,37.649,-4.2292,6.4576,-0.44439,-1.4389,-0.14118,-0.67146,0.87284,9.2593,28.265,22.646,12
12.103,3.9343,-2.5406,0.43119,0.14233,-17.654,2.2864,-7.9893,-0.090909,-0.45403,0.82318,16.719,-63.286,-3.7419,7.9664,5.5029,-1.7144,-0.14118,-0.67146,0.87284,7.2702,26.837,4.9312,12
3.1275,3.221,-0.79432,0.20931,-0.092098,12.163,-2.1849,-15.519,-0.090909,-0.45403,0.82318,-50.031,-104.45,1.0351,7.0488,8.233,-1.7029,-0.14118,-0.67146,0.87284,3.3613,48.877,-9.0858,12
-2.2045,0.12431,-0.49408,0.046049,0.18001,7.7347,-3.7013,-6.764,-0.090909,-0.45403,0.82318,-89.131,-28.1,-7.3159,2.8979,6.5688,-1.1195,-0.19608,-0.64887,0.89009,-3.9029,58.542,-29.905,12
-3.5724,-0.67127,-1.092,-0.11303,0.071167,1.6556,-5.187,-1.8678,0.051948,-0.55535,0.75049,-108.42,12.644,-14.264,-0.036491,3.2546,-0.53518,-0.19608,-0.64887,0.89009,-11.544,48.47,-46.564,12
-0.94474,-0.23766,-0.41086,-0.18838,-0.029304,-0.97741,-5.7968,-0.4767,0.051948,-0.55535,0.75049,-116.27,20.612,-17.217,-1.6238,1.3634,-0.661,-0.19608,-0.64887,0.89009,-15.132,30.769,-59.816,12
1.4438,0.53815,0.1537,-0.66562,0.22187,-2.9421,-6.1125,-1.3455,0.051948,-0.55535,0.75049,-117.71,16.957,-17.296,-2.9587,-0.32933,-0.93313,-0.27059,-0.69199,0.83621,-19.466,10.357,-72.695,12
1.7359,0.5786,0.44155,0.36002,0.36421,-2.1299,-6.4264,-1.051,0.051948,-0.55535,0.75049,-118.13,0.63084,-15.393,-1.7341,-0.54017,-1.0166,-0.27059,-0.69199,0.83621,-22.635,-1.4292,-74.807,12
0.51545,-0.51984,-0.025733,3.2318,2.449,-0.93278,-5.803,-0.10156,0.070501,-0.75797,0.55599,-115.83,14.736,-13.992,-1.0019,-0.029285,-0.92855,-0.27059,-0.69199,0.83621,-26.212,-0.058836,-68.394,12
0.87204,-0.16758,0.4586,-1.3271,-0.65725,0.29501,-5.8197,0.21197,0.070501,-0.75797,0.55599,-114.66,17.477,-16.641,-1.7829,0.33319,-0.68126,-0.27059,-0.69199,0.83621,-29.457,-1.3922,-59.781,12
1.1301,0.058175,0.36313,-0.95866,-0.45631,-2.6651,-5.54,2.4359,0.070501,-0.75797,0.55599,-112.72,21.678,-15.278,-1.8017,0.50223,0.22303,-0.19804,-0.76591,0.79526,-30.044,-6.1923,-50.358,12
0.33667,-0.16695,1.8797,-0.43537,-0.24699,-3.544,-4.1208,4.7481,0.087199,-0.90619,0.33792,-110.26,6.9742,-13.016,-1.3538,0.82187,1.1869,-0.19804,-0.76591,0.79526,-27.568,-9.9732,-44.856,12
0.71856,-1.0793,1.5765,-0.3056,-0.10466,-3.2702,-2.293,4.3631,0.087199,-0.90619,0.33792,-99.903,-1.7533,-9.2398,-1.3266,0.84605,1.6048,-0.19804,-0.76591,0.79526,-22.503,-6.1615,-39.739,12
0.16491,-1.6796,1.4594,-0.34746,-0.17582,-0.62054,-1.2461,6.0877,0.087199,-0.90619,0.33792,-90.572,-16.709,-7.401,-1.0751,0.74589,1.5894,-0.15098,-0.8152,0.74784,-16.867,0.88591,-37.169,12
-0.86183,-1.3532,1.1203,-0.3977,-0.20513,4.4719,0.70323,2.9965,0.087199,-0.90619,0.33792,-86.367,-38.769,-15.201,-1.0139,0.33684,1.6835,-0.15098,-0.8152,0.74784,-11.387,10.301,-33.905,12
-2.6424,-1.2124,1.4277,-0.48142,-0.25536,-5.6046,7.2629,-10.339,0.11503,-0.98499,0.10609,-35.665,76.687,-20.544,-0.97364,-0.11839,2.1607,-0.15098,-0.8152,0.74784,-5.8617,24.242,-31.768,12
-6.9878,-2.127,2.6823,-0.53585,-0.34328,14.013,-18.936,23.214,0.11503,-0.98499,0.10609,28.157,298.25,-60.111,-1.6504,-2.7407,3.9255,-0.15098,-0.8152,0.74784,-3.4079,36.235,-27.867,12
-21.701,-7.896,-3.8159,-0.37258,-0.096285,7.6949,-19.019,19.855,0.11503,-0.98499,0.10609,-57.824,-92.816,-40.051,-3.2679,-7.9276,6.239,-0.13333,-0.84189,0.72414,1.2942,39.654,-26.002,12
-21.795,-3.1796,-16.97,-0.19676,-0.2763,9.0976,-19.221,-0.2763,0.20223,-0.96998,-0.023576,-39.74,-32.447,-23.123,-5.613,-17.7,7.0004,-0.13333,-0.84189,0.72414,1.6088,35.206,-34.977,12
-21.85,0.097744,-11.423,-0.092098,-0.23443,-7.314,-18.778,-12.418,0.20223,-0.96998,-0.023576,-21.616,-34.463,-13.509,-7.6458,-18.546,12.375,-0.13333,-0.84189,0.72414,-9.0418,-6.5182,-43.798,12
-21.854,-0.20442,-13.534,0.041863,-0.012559,-7.469,-19.45,-14.308,0.20223,-0.96998,-0.023576,-9.9102,10.558,5.4317,-6.3041,-18.607,9.3405,-0.12745,-0.84805,0.72414,15.775,-56.221,-16.451,12
-21.779,-2.4516,-12.979,0.10047,-0.096285,4.4119,-19.294,-4.6393,0.20223,-0.96998,-0.023576,1.4259,-6.9867,18.656,-0.45725,-18.609,2.1112,-0.12745,-0.84805,0.72414,43.742,-60.233,45.882,12
-21.838,-1.0525,-7.4947,0.14233,-0.087912,8.9393,-19.226,-1.8303,0.21892,-0.96998,-0.068762,32.506,-1.059,17.542,2.7431,-18.533,2.74,-0.12745,-0.84805,0.72414,54.024,-37.436,121.67,12
-21.403,0.44416,-6.2232,0.2135,-0.058608,-3.5769,-19.251,1.6267,0.21892,-0.96998,-0.068762,70.81,-9.6989,22.346,2.2956,-18.56,2.9991,-0.12745,-0.84805,0.72414,57.436,-37.413,145.57,12
-6.5992,-0.84857,-2.5501,-0.15489,-0.23862,-5.9754,-19.282,1.5491,0.21892,-0.96998,-0.068762,80.365,-10.895,22.744,2.5881,-18.534,3.5733,-0.12941,-0.75565,0.81466,46.707,-51.055,131.77,12
1.7307,-2.6944,2.4838,-0.25955,-0.30141,5.5644,-13.874,-0.29432,0.16327,-0.95872,0.060904,79.431,-49.051,29.782,0.93241,-9.6121,5.7902,-0.12941,-0.75565,0.81466,39.125,-55.22,70.649,12
6.8114,0.84565,2.0445,-0.37258,-0.22187,4.6135,-15.668,-6.3622,0.16327,-0.95872,0.060904,40.435,-2.7897,17.978,2.2801,-2.804,1.5994,-0.12941,-0.75565,0.81466,40.067,-32.807,7.9886,12
8.6273,2.4746,0.55956,-0.16745,-0.03349,3.6459,-10.536,-3.0841,0.16327,-0.95872,0.060904,14.55,16.001,14.412,4.0729,3.3877,-3.2264,-0.12941,-0.6694,0.89009,30.781,43.978,-17.875,12
3.9752,0.22831,0.33634,3.3407,2.2187,8.1512,4.7583,3.5486,0.11132,-0.95685,0.1277,17.036,0.93056,9.751,-0.017839,4.8664,-3.3608,-0.12941,-0.6694,0.89009,10.874,82.052,-5.2962,12
0.11399,-2.1639,0.34209,0.096285,0.3349,-5.2518,0.29731,13.889,0.11132,-0.95685,0.1277,32.108,63.165,0.7464,-3.121,1.7744,-0.55711,-0.12941,-0.6694,0.89009,-7.1574,56.257,-7.5649,12
0.036273,-1.8137,0.59466,-1.4066,-0.7326,-10.235,5.2031,15.356,0.11132,-0.95685,0.1277,64.099,2.6618,11.39,-5.165,-0.86543,1.4567,-0.12941,-0.6694,0.89009,-19.615,-4.6235,-10.093,12
