-21.772,-3.3342,-5.5211,0.0,-0.54422,-5.9853,-5.2575,-9.9061,0.39703,-0.71857,0.44401,121.98,-156.45,19.471,2.2027,-14.416,3.3834,-0.72745,-0.19507,0.84698,-36.465,-127.67,137.01,12
-21.735,-5.6653,-4.6994,0.16327,-0.40188,19.51,-9.2741,-18.498,0.37106,-0.56473,0.62672,39.182,-90.851,-36.527,12.556,-5.939,1.0989,-0.72745,-0.19507,0.84698,-19.838,-80.757,89.58,12
-20.749,-4.4576,-4.2854,0.30979,-0.37677,-11.429,-0.81368,-12.061,0.37106,-0.56473,0.62672,-7.2398,309.98,0.65249,18.34,1.6843,0.42796,-0.72745,-0.19507,0.84698,-5.6275,29.709,43.273,12
-10.052,-4.4941,-5.0887,0.53166,-0.26792,-9.3926,-3.1965,-7.7642,0.37106,-0.56473,0.62672,-39.165,45.529,-6.1655,16.322,5.5906,2.0608,-0.60784,-0.13963,0.93103,-3.6885,97.933,-10.8,12
0.009282,0.546,-0.045597,0.26792,-0.16327,-1.0068,-1.9289,-8.7315,0.25417,-0.55347,0.70334,-60.809,-65.263,-18.766,11.776,2.1142,2.4182,-0.60784,-0.13963,0.93103,4.0466,99.453,-68.784,12
6.0979,4.6998,3.7914,-0.0083726,-0.29723,-2.7456,-4.3721,-7.5065,0.25417,-0.55347,0.70334,-79.509,-110.21,-9.1403,9.9455,-2.7028,0.71903,-0.60784,-0.13963,0.93103,18.763,63.033,-138.88,12
7.6066,4.5201,1.0489,-0.17164,-0.50235,0.12707,-4.5864,-6.1655,0.25417,-0.55347,0.70334,-100.27,-155.33,-2.9348,9.2818,-6.0504,-2.0421,-0.60784,-0.13963,0.93103,32.462,50.555,-193.36,12
6.1722,2.502,-0.59587,-0.11303,-0.36421,4.9843,-6.0061,-6.5525,0.25417,-0.55347,0.70334,-125.69,-141.5,2.0529,7.9883,-8.5708,-3.0848,-0.74706,-0.20739,0.80819,43.651,74.278,-223.7,12
0.87264,1.8223,0.45875,-0.029304,-0.37677,6.7162,-7.4478,-4.1906,0.46197,-0.6848,0.41847,-144.46,-65.161,1.8092,3.9971,-10.212,-4.1668,-0.74706,-0.20739,0.80819,51.83,102.18,-238.25,12
-1.4331,1.4529,0.75181,0.12559,-0.19257,4.6847,-7.8373,0.42581,0.46197,-0.6848,0.41847,-151.58,5.9195,-1.5009,0.34526,-9.8323,-5.2312,-0.74706,-0.20739,0.80819,54.793,111.23,-238.28,12
-3.1204,0.46353,1.0312,0.020931,-0.14652,1.9352,-5.6208,5.2487,0.46197,-0.6848,0.41847,-150.64,44.442,-8.8314,-2.9237,-7.3144,-6.4386,-0.81961,-0.34497,0.63362,53.512,108.81,-227.45,12
-3.2491,-1.1809,0.70424,0.083726,0.016745,-1.0498,1.6136,8.8827,0.49722,-0.7955,0.1336,-132.88,60.411,-10.933,-5.3258,-2.8419,-6.1942,-0.81961,-0.34497,0.63362,44.555,92.865,-215.2,12
-3.2237,-1.9453,-0.61718,0.071167,-0.092098,-10.324,10.286,16.682,0.49722,-0.7955,0.1336,-88.495,61.802,1.5848,-6.6261,2.7595,-7.0495,-0.81961,-0.34497,0.63362,30.296,85.278,-207.83,12
-0.74688,-1.04,0.22219,-0.14652,-0.43537,7.1123,-7.1515,23.464,0.49722,-0.7955,0.1336,-53.138,-56.349,-3.7129,-9.1383,6.8666,-8.3442,-0.81961,-0.34497,0.63362,19.37,87.78,-204.46,12
3.8652,0.67966,0.54538,0.22187,-0.029304,19.647,-19.079,7.8988,0.49722,-0.7955,0.1336,-62.509,18.056,-34.284,-14.868,9.6173,-10.269,-0.81961,-0.34497,0.63362,11.755,62.437,-187.39,12
6.4237,2.047,-1.3105,-0.14233,-0.56096,-19.717,-18.74,-4.6758,0.4898,-0.82364,0.02554,-29.83,66.72,7.5773,-16.809,11.402,-9.8466,-0.81961,-0.34497,0.63362,-6.1718,11.186,-158.0,12
-0.22252,0.52004,-0.71109,0.012559,-0.58608,10.876,-19.126,5.215,0.4898,-0.82364,0.02554,-1.8448,-22.183,-10.708,-16.928,6.4179,-8.2104,-0.81961,-0.34497,0.63362,-22.178,-9.5138,-120.57,12
-5.6732,0.32766,-1.0652,0.25536,-0.74516,1.4531,-19.222,1.5951,0.4898,-0.82364,0.02554,-35.639,-1.1115,-9.3771,-20.019,-1.0535,-7.3548,-0.71765,-0.6961,0.39871,-30.225,-24.263,-79.062,12
-5.7442,-1.1753,0.67317,0.30979,-0.48561,1.3369,-15.32,-9.1797,0.53432,-0.81051,-0.0078585,-25.693,-3.7798,-9.9822,-21.003,-15.68,-7.0132,-0.71765,-0.6961,0.39871,-26.536,-50.368,-36.128,12
-7.3839,-1.0079,-0.53282,0.15489,-0.49398,0.36678,-4.6429,-10.822,0.53432,-0.81051,-0.0078585,-8.5708,6.8747,-9.1325,-21.055,-18.713,-2.269,-0.71765,-0.6961,0.39871,-22.225,-86.1,61.066,12
-11.411,0.34856,-3.8423,0.28885,-0.38514,5.3641,-6.1145,-8.4813,0.53432,-0.81051,-0.0078585,9.7696,11.645,-0.74475,-21.14,-18.698,-0.77864,-0.69412,-0.71047,0.47629,-22.656,-75.308,177.92,12
-21.408,2.2237,-9.4314,0.3977,-0.18001,7.0926,-10.419,-5.2417,0.51763,-0.81051,-0.011788,27.394,12.754,13.466,-19.811,-18.721,1.939,-0.69412,-0.71047,0.47629,-48.592,-29.772,277.3,12
-21.829,-1.9972,-14.032,0.63632,-0.16745,6.0513,-14.068,-3.8408,0.51763,-0.81051,-0.011788,39.926,-5.3534,22.92,-19.08,-18.671,3.8894,-0.69412,-0.71047,0.47629,-65.822,-47.227,329.48,12
-22.005,7.302,-10.795,0.40188,-0.22187,6.2073,-19.202,2.5499,0.51763,-0.81051,-0.011788,51.303,-40.513,22.756,-13.959,-18.628,4.1832,-0.69412,-0.71047,0.47629,-72.155,-123.98,324.71,12
-22.038,9.4657,-11.032,1.5531,0.12559,1.3669,-19.185,5.2628,0.51763,-0.81051,-0.011788,50.977,-55.739,15.555,-6.0508,-18.677,3.2536,-0.81373,-0.49076,0.53448,-63.751,-181.19,292.59,12
-21.926,2.8601,-12.985,2.4574,0.75353,-0.76547,-19.235,5.2389,0.47866,-0.83865,0.058939,66.951,-23.789,30.645,0.75695,-18.594,1.6328,-0.81373,-0.49076,0.53448,-45.629,-182.32,233.76,12
-21.829,-1.9892,-9.779,-0.10466,-0.52747,-2.8033,-13.873,3.7575,0.47866,-0.83865,0.058939,36.47,-38.53,29.815,8.0681,-13.072,1.7526,-0.81373,-0.49076,0.53448,-25.92,-132.42,162.18,12
-21.752,-1.8161,-5.795,0.17164,-0.43119,5.0355,-11.283,-1.6076,0.47866,-0.83865,0.058939,6.6576,-46.122,12.738,11.637,-6.1984,2.1588,-0.70784,-0.33881,0.79741,-4.4711,-52.141,98.988,12
-21.057,0.85339,-5.3864,0.28048,-0.5191,13.366,-6.315,-16.651,0.43785,-0.84991,0.058939,-27.677,-105.78,-4.0164,10.278,-0.77674,2.3257,-0.70784,-0.33881,0.79741,14.87,14.877,50.69,12
-12.714,1.8769,-6.4627,0.66143,0.03349,14.071,-4.4494,1.5953,0.43785,-0.84991,0.058939,-37.415,53.952,-16.386,8.5902,1.774,2.4012,-0.70784,-0.33881,0.79741,30.381,39.926,12.122,12
-2.7475,1.0132,-3.0562,0.48142,0.12559,-4.952,-0.28847,14.717,0.43785,-0.84991,0.058939,-21.432,92.691,-13.63,6.6308,2.7041,1.406,-0.70784,-0.33881,0.79741,42.25,41.873,-17.263,12
4.1978,-0.2932,1.1947,0.69492,0.21769,-7.4342,6.498,16.136,0.43785,-0.84991,0.058939,22.014,21.798,-11.769,5.7557,2.3303,0.033183,-0.74902,-0.27105,0.77586,46.469,32.861,-43.082,12
9.3056,-2.147,1.7857,0.66143,0.037677,-1.5528,5.1409,12.106,0.45083,-0.83865,0.053045,68.866,-2.5235,-9.1443,5.256,1.6525,-1.7507,-0.74902,-0.27105,0.77586,45.232,34.838,-64.426,12
11.409,-0.77463,0.99344,1.0591,0.16745,1.2338,2.3608,7.37,0.45083,-0.83865,0.053045,103.71,57.679,-3.2281,3.6713,1.1956,-2.4402,-0.74902,-0.27105,0.77586,40.108,43.165,-89.882,12
9.6543,0.6184,0.33987,1.5113,0.42282,-1.0626,-0.46988,4.4971,0.45083,-0.83865,0.053045,128.85,85.317,7.1038,0.83123,0.21886,-3.1141,-0.78824,-0.25462,0.72845,33.297,44.199,-120.35,12
2.645,1.0844,1.2765,1.6117,0.52747,0.43672,-3.9109,0.9859,0.44527,-0.79737,0.28094,144.18,71.035,13.578,-0.74463,-0.30411,-3.411,-0.78824,-0.25462,0.72845,24.05,35.126,-147.52,12
-2.2067,1.2463,2.4595,1.4526,0.53585,1.9859,-7.4926,-0.74019,0.44527,-0.79737,0.28094,147.65,80.542,12.115,-2.1385,-1.3028,-3.2839,-0.78824,-0.25462,0.72845,14.443,26.01,-161.34,12
-5.8948,0.29379,1.0896,1.0508,0.25536,-0.57221,-9.3308,-6.3473,0.44527,-0.79737,0.28094,122.6,78.407,10.905,-4.0921,-1.8265,-2.6538,-0.78824,-0.25462,0.72845,4.6408,15.25,-158.18,12
-6.1119,-1.4736,-1.1747,0.80795,0.092098,0.29381,-8.1457,-17.54,0.44527,-0.79737,0.28094,71.129,-2.5462,5.6736,-4.9413,-1.086,-2.596,-0.79412,-0.37988,0.67672,-2.5757,-6.2245,-135.01,12
-3.6352,-2.0794,-0.74504,0.77028,0.11722,5.4803,-4.154,-18.372,0.44527,-0.79737,0.28094,17.443,-58.707,-3.8022,-4.9704,0.58154,-1.8459,-0.79412,-0.37988,0.67672,-7.5952,-23.435,-100.64,12
0.68361,-1.352,0.53095,0.95447,0.34328,19.539,-14.435,-18.724,0.44527,-0.79737,0.28094,-198.3,-326.27,-80.65,-5.3493,1.0563,-0.37427,-0.79412,-0.37988,0.67672,-7.4936,-31.223,-62.654,12
2.7006,0.32396,0.6081,0.98378,0.31816,-21.519,-10.212,12.42,0.44527,-0.79737,0.28094,-160.84,281.24,0.40443,-4.4828,2.2003,0.02668,-0.70196,-0.47844,0.70474,-2.0358,-24.049,-29.403,12
2.9389,1.5397,0.48594,0.93354,0.32653,5.8386,-19.337,-7.9293,0.40445,-0.70356,0.45972,-119.34,-69.999,-35.297,-5.1726,2.6155,0.54744,-0.70196,-0.47844,0.70474,4.2829,-2.5862,-0.24949,12
2.5949,2.5772,-0.57858,0.9168,0.1214,-0.24505,-18.809,-9.6408,0.40445,-0.70356,0.45972,-46.609,20.65,-22.795,-6.413,-0.85616,1.3843,-0.70196,-0.47844,0.70474,8.8818,8.47,21.032,12
2.5574,2.4353,-0.5703,0.86656,0.13396,-2.2435,-19.357,-7.9903,0.40445,-0.70356,0.45972,-8.5948,-11.107,-2.3144,-9.2831,-11.687,1.3323,-0.70196,-0.47844,0.70474,15.753,13.375,10.29,12
0.46294,1.6004,-2.0033,0.79958,0.19676,5.3077,-17.088,-8.7701,0.43228,-0.7242,0.38507,14.682,-5.1009,10.003,-13.656,-18.732,-1.2179,-0.71569,-0.47844,0.71121,29.96,15.786,-24.829,12
-5.1831,0.56927,3.546,0.78284,0.1214,-2.1734,-15.09,-9.9846,0.43228,-0.7242,0.38507,69.484,-2.1627,18.401,-17.02,-18.721,-1.0923,-0.71569,-0.47844,0.71121,31.85,25.262,35.402,12
-21.947,4.3996,12.838,1.3019,0.58608,2.9843,-17.674,-5.9788,0.43228,-0.7242,0.38507,122.73,-18.291,36.689,-15.834,-18.733,-2.3012,-0.71569,-0.47844,0.71121,9.1557,35.862,92.604,12
-21.445,-18.648,-18.289,1.3564,0.092098,2.4686,-19.247,0.062341,0.43228,-0.7242,0.38507,165.07,8.0741,51.163,-15.45,-18.708,-0.77914,-0.76275,-0.38604,0.67888,-21.611,11.266,143.14,12
-21.78,-3.9194,-9.637,1.6327,0.41444,-6.0231,-19.186,10.137,0.38219,-0.64916,0.54224,179.45,21.692,59.398,-14.432,-18.697,0.31516,-0.76275,-0.38604,0.67888,-46.598,-63.722,132.92,12
-22.011,7.1228,1.0621,1.5699,0.45631,-8.1001,-4.2482,-3.033,0.38219,-0.64916,0.54224,177.86,-72.788,58.065,-6.6742,-18.627,2.3499,-0.76275,-0.38604,0.67888,-59.622,-127.41,103.33,12
-21.965,5.3279,-10.31,1.1847,0.041863,19.605,-18.189,-18.88,0.38219,-0.64916,0.54224,71.747,-20.35,9.1582,0.39081,-11.103,3.674,-0.76275,-0.38604,0.67888,-55.22,-135.97,86.898,12
-21.771,-3.8989,-8.6456,1.0089,-0.1214,-7.3187,-2.4048,-9.7872,0.36735,-0.46717,0.70727,-2.7645,113.06,13.932,9.4979,-0.77007,3.9927,-0.67647,-0.3655,0.80603,-38.499,-97.621,72.408,12
-16.913,-6.8666,-9.039,1.0256,0.083726,3.2125,-1.0956,-13.523,0.36735,-0.46717,0.70727,-54.423,-54.869,-2.9805,15.203,7.6501,4.0075,-0.67647,-0.3655,0.80603,-24.098,-22.019,60.749,12
-6.3572,-5.3741,-1.2731,1.034,0.27211,6.8746,-3.8749,-9.2708,0.36735,-0.46717,0.70727,-84.147,-22.828,-16.992,14.263,10.594,4.3734,-0.67647,-0.3655,0.80603,-9.7761,45.73,26.062,12
5.2549,3.9203,2.1107,2.0136,0.50235,0.82818,-2.6998,-6.6163,0.36735,-0.46717,0.70727,-102.26,5.2427,-21.095,10.041,7.5314,2.137,-0.66863,-0.35318,0.83405,10.999,58.64,-41.522,12
9.2314,4.0842,4.8518,2.6248,0.68237,-1.0943,-5.4327,-4.6576,0.37106,-0.54784,0.62083,-115.77,-13.888,-15.872,9.7598,1.1031,-0.69485,-0.66863,-0.35318,0.83405,28.888,70.112,-110.59,12
11.88,5.4762,0.61918,0.3977,-0.29723,-1.8277,-5.8605,-1.8946,0.37106,-0.54784,0.62083,-124.7,-36.735,-13.156,6.7366,-2.7763,-2.6284,-0.66863,-0.35318,0.83405,37.91,110.53,-143.31,12
5.8045,2.7021,-1.7779,0.9168,0.046049,-1.2102,-6.1546,0.37808,0.37106,-0.54784,0.62083,-122.45,-54.005,-9.8537,2.9433,-5.3998,-3.9783,-0.66863,-0.35318,0.83405,43.007,153.45,-147.61,12
-2.5851,1.4761,0.31179,0.97122,0.066981,-1.3577,-5.6193,0.44504,0.45269,-0.7167,0.40864,-121.74,-56.764,-3.3467,-3.9091,-5.9172,-4.7229,-0.77255,-0.40246,0.67672,41.41,155.38,-137.91,12
-3.5485,0.6592,1.2383,1.0717,0.3056,1.0742,-4.8755,2.5482,0.45269,-0.7167,0.40864,-124.06,-43.347,1.9047,-9.5621,-5.0923,-3.2338,-0.77255,-0.40246,0.67672,28.569,74.126,-126.88,12
-6.0728,-0.39844,0.43782,1.147,0.5191,-1.6017,-0.39789,5.7558,0.45269,-0.7167,0.40864,-117.67,-30.75,-0.65801,-7.0861,-2.2936,-2.3647,-0.77255,-0.40246,0.67672,9.2287,-10.705,-99.347,12
-5.9749,-1.2559,-1.5972,1.147,0.25118,-3.0514,4.7417,9.8107,0.49907,-0.80488,0.12377,-94.237,-24.195,6.4557,-3.7689,-0.17644,-1.6442,-0.7902,-0.51335,0.56681,-5.4853,-27.881,-71.311,12
-1.3057,-1.3841,-0.27194,1.0549,0.12977,-5.9081,8.2021,12.289,0.49907,-0.80488,0.12377,-53.375,-2.0351,16.239,-3.4959,1.9289,-1.1119,-0.7902,-0.51335,0.56681,-9.3092,-15.302,-51.297,12
3.5175,-0.11613,0.98955,1.6452,0.44793,2.4149,3.6905,-18.083,0.49907,-0.80488,0.12377,-41.585,-117.38,20.332,-3.4768,4.3677,-1.2295,-0.7902,-0.51335,0.56681,-8.6735,-5.5892,-41.273,12
4.9473,1.6258,0.95684,1.955,0.66562,19.985,-18.955,20.367,0.49907,-0.80488,0.12377,-57.728,333.05,-55.278,-3.6076,6.0391,-1.0939,-0.7902,-0.51335,0.56681,-8.0694,0.9559,-39.521,12
0.7486,1.4588,0.32077,2.022,0.67399,-9.4133,-19.197,12.946,0.48794,-0.82552,0.0039293,5.2745,105.08,34.774,-3.5846,6.4567,-1.3334,-0.74118,-0.57495,0.56034,-10.182,5.1035,-44.298,12
-1.4549,-0.48738,-0.19123,1.5992,0.25955,15.335,-19.043,15.514,0.48794,-0.82552,0.0039293,8.5624,1.0153,-20.672,-4.5524,5.8646,-0.5401,-0.74118,-0.57495,0.56034,-14.186,17.632,-47.752,12
-1.4292,-1.2677,0.085909,1.5992,0.37677,-3.6591,-19.18,6.744,0.48794,-0.82552,0.0039293,-49.127,-14.188,-17.057,-6.9792,2.508,-1.1975,-0.74118,-0.57495,0.56034,-15.442,17.732,-57.165,12
-1.6288,-1.3894,-0.061889,1.3229,0.16327,0.74372,-18.23,-7.1228,0.50278,-0.82364,0.02947,-43.875,3.3745,0.41086,-15.462,-7.8464,-2.6423,-0.73725,-0.63244,0.5194,-12.056,-2.7732,-89.744,12
-4.2388,-1.1928,1.9137,1.2852,0.012559,1.2285,9.3279,-13.74,0.50278,-0.82364,0.02947,-18.161,6.0532,-8.3553,-21.12,-18.751,-1.0834,-0.73725,-0.63244,0.5194,-11.059,-46.647,-102.28,12
-9.2272,-1.2651,1.1177,1.4359,0.22187,0.3601,2.559,-11.431,0.50278,-0.82364,0.02947,17.046,5.8846,-8.6249,-21.089,-18.764,-2.4486,-0.73725,-0.63244,0.5194,-14.346,-52.232,7.4556,12
-21.839,-0.98242,-7.4358,1.8085,0.69911,6.8031,-12.312,-5.4747,0.50278,-0.82364,0.02947,43.655,7.8203,0.92461,-21.046,-18.769,-2.8759,-0.73725,-0.63244,0.5194,-22.443,-36.086,143.96,12
-21.907,-2.1106,-16.906,1.6954,0.31397,5.6053,-17.974,-2.3426,0.52319,-0.81614,0.015717,61.769,5.6208,10.83,-21.161,-18.727,1.272,-0.67451,-0.66735,0.56681,-41.12,-36.554,241.78,12
-22.068,10.482,-9.6146,1.5489,0.28467,5.6846,-19.245,2.2717,0.52319,-0.81614,0.015717,53.718,-20.354,20.486,-21.122,-18.737,0.32358,-0.67451,-0.66735,0.56681,-45.752,-122.75,256.63,12
-22.048,8.9684,-4.7507,1.8629,0.50235,2.12,-19.186,7.1035,0.52319,-0.81614,0.015717,37.927,-42.398,29.391,-11.945,-18.66,1.0462,-0.67451,-0.66735,0.56681,-34.641,-124.75,266.98,12
-21.788,-2.5123,-13.995,1.9424,0.63632,1.8609,-19.17,7.7372,0.46197,-0.82364,0.11198,72.079,-12.097,34.177,-5.872,-18.657,1.2859,-0.71373,-0.4846,0.68319,-16.922,-94.369,255.84,12
-21.673,-5.7395,-13.38,1.6954,0.36421,-1.7533,-11.965,3.5196,0.46197,-0.82364,0.11198,57.842,-23.147,33.418,0.12078,-17.894,1.6053,-0.71373,-0.4846,0.68319,-0.81083,-63.13,219.75,12
-21.816,-3.1472,-6.0833,1.7917,0.38095,1.4549,-10.57,5.3298,0.46197,-0.82364,0.11198,47.44,-66.896,13.14,5.7266,-9.7829,1.7088,-0.71373,-0.4846,0.68319,8.4906,-30.652,173.76,12
-21.04,5.0359,-3.4205,1.214,-0.11303,4.925,-5.1128,-1.3835,0.46197,-0.82364,0.11198,6.629,-149.97,1.6558,8.1607,-2.2627,2.7306,-0.71373,-0.4846,0.68319,9.5651,-12.974,127.76,12
-16.392,6.4798,-7.8063,1.7541,0.59864,19.648,-15.925,-10.287,0.42857,-0.8424,0.13752,-28.974,-57.692,-26.982,9.504,1.9854,2.5368,-0.73922,-0.30185,0.79526,10.055,-17.8,81.246,12
-9.3157,2.654,-6.0243,1.5029,0.36839,0.51337,-1.9236,9.6173,0.42857,-0.8424,0.13752,0.5769,185.87,-25.247,10.433,4.0255,1.545,-0.73922,-0.30185,0.79526,15.057,-20.318,34.078,12
-2.9052,1.3213,-1.7021,1.1973,0.37677,-11.757,1.4824,13.582,0.42857,-0.8424,0.13752,41.438,65.824,-9.4235,9.7254,5.0979,0.78614,-0.73922,-0.30185,0.79526,22.529,-9.2355,-11.731,12
6.5355,-0.51279,1.2486,1.2391,0.38095,-0.86018,0.038777,5.8579,0.46197,-0.80675,0.21611,70.237,-24.005,-12.709,7.3789,4.0668,-0.31749,-0.72549,-0.25667,0.8125,26.672,10.111,-51.192,12
10.363,-2.5148,2.2474,0.92517,0.066981,-0.37318,-0.82505,1.6529,0.46197,-0.80675,0.21611,86.987,8.4879,-11.493,3.9191,1.3292,-1.0794,-0.72549,-0.25667,0.8125,29.289,20.463,-84.095,12
12.352,-2.435,-0.71389,2.0471,0.54003,-2.9524,-1.823,-0.12067,0.46197,-0.80675,0.21611,92.703,31.734,-3.4701,1.4592,-0.66419,-1.4186,-0.72549,-0.25667,0.8125,28.568,20.192,-111.9,12
5.451,-0.32915,2.002,3.8765,1.6285,-3.1431,-3.03,-1.0163,0.45455,-0.72795,0.36346,93.346,30.259,5.1898,-0.37489,-1.912,-2.1998,-0.72549,-0.25667,0.8125,26.515,12.392,-131.72,12
-1.4162,0.60681,2.5493,0.66143,-0.087912,-0.97414,-4.4543,-1.8679,0.45455,-0.72795,0.36346,91.828,31.192,7.6639,-1.318,-2.406,-2.5995,-0.72941,-0.29363,0.81466,20.331,4.4212,-136.46,12
-3.4599,1.2787,1.9993,1.0089,0.19257,-1.3925,-3.7446,-2.1803,0.45455,-0.72795,0.36346,79.621,48.378,5.4274,-2.1951,-3.0349,-2.4851,-0.72941,-0.29363,0.81466,11.806,-4.3151,-129.32,12
-2.6199,0.69172,-0.074587,1.0508,0.20931,-2.252,-4.3491,-10.157,0.45455,-0.72795,0.36346,54.019,42.946,4.4065,-2.367,-2.4329,-2.2883,-0.72941,-0.29363,0.81466,6.0108,-9.3369,-110.98,12
-1.1545,-0.35824,0.32565,0.97959,0.07954,0.73953,-5.0884,-13.789,0.39703,-0.62289,0.53831,25.286,34.976,5.4937,-2.8622,-1.0856,-1.5647,-0.67059,-0.36756,0.8125,0.39568,-14.292,-85.77,12
0.69602,-0.45738,0.97989,1.1931,0.22187,2.0458,-3.6571,-9.277,0.39703,-0.62289,0.53831,-8.3405,36.781,1.242,-3.7313,0.16321,-0.67934,-0.67059,-0.36756,0.8125,-1.4495,-19.28,-60.125,12
2.1661,-0.22551,0.47444,1.3815,0.46049,-0.14713,-5.9543,-4.3409,0.39703,-0.62289,0.53831,-31.878,-28.305,-2.3983,-4.3846,1.2972,-0.27889,-0.67059,-0.36756,0.8125,-1.0121,-29.397,-36.91,12
2.0698,0.55082,0.52326,1.528,0.58608,19.586,-19.338,-18.948,0.43228,-0.63977,0.49705,-184.65,-134.12,-96.553,-4.8593,3.5513,0.12548,-0.67059,-0.36756,0.8125,1.24,-37.579,-18.011,12
1.4003,1.1955,1.0444,1.5866,0.62376,-12.013,9.8304,-17.952,0.43228,-0.63977,0.49705,-63.666,82.839,-43.855,-5.4,6.1993,-0.065033,-0.60588,-0.41068,0.86638,-0.19101,-37.054,-3.2434,12
-0.42832,2.7291,-0.60702,2.0931,1.7415,5.5054,-19.21,1.7404,0.43228,-0.63977,0.49705,-19.411,-30.265,-44.908,-8.0259,4.4272,2.7214,-0.60588,-0.41068,0.86638,-3.4409,-38.885,10.067,12
-0.33386,0.53133,-1.9522,1.8462,1.0173,-21.351,-19.165,19.182,0.43228,-0.63977,0.49705,0.68625,65.681,19.243,-12.46,-3.794,6.602,-0.60588,-0.41068,0.86638,1.1594,-45.638,28.999,12
2.5173,-2.1279,0.15586,1.7541,0.31397,5.0967,3.0797,-14.805,0.44527,-0.68105,0.43615,-35.729,-21.661,-0.36751,-18.676,-18.649,6.0675,-0.53922,-0.41068,0.90733,5.4827,-44.194,-3.7805,12
1.2877,-3.7795,2.4704,1.5866,0.46049,10.401,-6.1805,-15.08,0.44527,-0.68105,0.43615,77.16,29.504,21.25,-18.558,-18.692,3.8154,-0.53922,-0.41068,0.90733,32.576,-27.845,6.7061,12
-11.745,-4.1443,4.7007,1.5782,0.5191,-2.1555,-19.32,-4.2584,0.44527,-0.68105,0.43615,137.21,17.16,41.24,-20.345,-18.663,3.7335,-0.53922,-0.41068,0.90733,34.698,40.695,56.966,12
-21.545,-15.675,-2.5476,1.7289,0.67818,-1.1994,-19.221,1.652,0.43228,-0.61538,0.51866,156.51,3.389,41.569,-15.837,-18.709,1.1271,-0.53922,-0.41068,0.90733,28.377,54.955,115.54,12
-21.73,-5.9228,-9.2488,1.9717,1.0047,-6.2752,-19.142,12.522,0.43228,-0.61538,0.51866,169.08,18.86,55.881,-12.879,-18.681,0.86802,-0.54706,-0.3347,0.94181,-4.8267,55.929,143.39,12
-22.108,10.965,-7.5394,1.7248,0.13815,-12.252,3.759,-11.226,0.43228,-0.61538,0.51866,152.66,-32.352,61.772,-9.6751,-18.663,2.7231,-0.54706,-0.3347,0.94181,-39.962,-28.491,123.67,12
-21.853,0.23288,-4.7369,1.595,0.12559,19.596,-19.348,-18.949,0.41929,-0.45216,0.6778,56.16,-114.14,11.274,0.13421,-10.855,2.4781,-0.54706,-0.3347,0.94181,-54.879,-83.923,82.774,12
-21.658,-10.035,-10.051,1.3857,0.020931,9.922,4.1374,-17.944,0.41929,-0.45216,0.6778,-30.493,202.87,-0.40877,11.385,-2.4968,1.3231,-0.5451,-0.3039,0.93966,-45.546,-66.225,47.044,12
-20.56,-7.8819,-2.0673,1.1512,-0.096285,-1.526,-4.5292,-15.294,0.41929,-0.45216,0.6778,-88.596,19.602,-7.0821,16.769,3.409,0.89962,-0.5451,-0.3039,0.93966,-27.856,33.023,25.827,12
-5.301,-3.637,-3.2221,1.3312,0.020931,0.54055,-5.012,-9.1202,0.41929,-0.45216,0.6778,-112.13,0.020425,-22.721,11.379,4.4188,1.8772,-0.5451,-0.3039,0.93966,-13.697,102.48,-1.6597,12
5.9098,1.9861,-0.77915,1.2852,0.046049,-0.45122,-8.4525,-6.6355,0.35436,-0.54409,0.64637,-128.97,-38.71,-21.132,7.9465,0.90483,1.4827,-0.5451,-0.3039,0.93966,0.37636,91.496,-51.449,12
8.412,8.691,2.9506,1.3564,0.13815,0.71379,-7.23,-3.1981,0.35436,-0.54409,0.64637,-141.49,-47.943,-12.852,6.8268,-0.91587,-0.58746,-0.64706,-0.33881,0.88362,15.831,75.015,-105.13,12
9.3135,4.525,0.24935,1.3019,0.12977,-1.4493,-5.8288,1.2774,0.35436,-0.54409,0.64637,-144.54,-62.224,-7.4537,3.9857,-2.1248,-1.4812,-0.64706,-0.33881,0.88362,24.493,61.471,-144.17,12
2.8371,2.59,-0.609,1.235,0.20931,0.57016,-5.2297,1.7859,0.47124,-0.71857,0.35363,-137.34,-65.783,-0.92444,2.2001,-3.3223,-2.2286,-0.64706,-0.33881,0.88362,26.587,55.442,-164.28,12
-2.955,1.285,-0.13699,1.1136,-0.0041863,2.8766,-3.9692,3.0803,0.47124,-0.71857,0.35363,-130.84,-51.903,-0.76021,0.7729,-4.7086,-3.8604,-0.69216,-0.40862,0.77155,25.991,67.683,-174.89,12
-3.7016,-1.2851,0.56855,1.1554,-0.0083726,1.9849,-1.3233,4.3079,0.47124,-0.71857,0.35363,-123.31,-7.2073,0.80666,-1.917,-4.5027,-4.2668,-0.69216,-0.40862,0.77155,19.677,82.636,-174.08,12
-3.1541,-1.3845,-0.061444,1.1261,0.050235,-0.37523,1.9138,6.2274,0.47124,-0.71857,0.35363,-108.47,8.0572,-0.5086,-5.6521,-3.2418,-3.1829,-0.69216,-0.40862,0.77155,9.609,81.192,-165.24,12
-2.7615,-2.3298,-0.083367,1.101,0.10884,-4.6544,5.9207,10.885,0.47495,-0.8349,0.096267,-83.116,31.29,2.7924,-8.3058,-1.2107,-2.071,-0.69216,-0.40862,0.77155,-1.8966,43.735,-147.41,12
-1.6353,-2.0757,0.88687,3.6672,1.5489,-6.2018,0.86661,-18.29,0.47495,-0.8349,0.096267,-62.239,-99.011,4.8323,-7.5422,1.4426,-1.7404,-0.72941,-0.53388,0.62716,-12.812,11.402,-124.92,12
1.4806,-1.8056,0.22697,1.2475,0.0083726,19.759,-19.153,-2.4267,0.47495,-0.8349,0.096267,-66.655,234.61,-34.491,-6.5506,3.8042,-1.5806,-0.72941,-0.53388,0.62716,-17.532,6.2276,-102.58,12
3.6221,0.71424,-0.12519,0.74935,-0.029304,-9.8003,-17.456,14.758,0.5102,-0.81801,-0.0058939,-18.255,213.94,36.898,-6.8424,5.8613,-1.8736,-0.72941,-0.53388,0.62716,-17.849,28.355,-86.2,12
1.1555,1.8224,0.73244,0.96703,0.23862,5.1013,-19.103,11.44,0.5102,-0.81801,-0.0058939,-6.3784,32.541,-10.01,-9.8671,6.0788,-1.1231,-0.65882,-0.6694,0.59483,-17.59,36.292,-72.556,12
-0.70418,1.8754,-0.36805,0.86656,-0.087912,0.16944,-19.27,-1.3056,0.5102,-0.81801,-0.0058939,-31.504,-18.768,-26.888,-15.139,1.0862,0.61681,-0.65882,-0.6694,0.59483,-15.437,0.28515,-59.517,12
-3.0858,-0.25317,1.0193,0.90424,-0.1214,-0.67711,-17.373,-10.594,0.5102,-0.81801,-0.0058939,-24.413,6.1157,-10.54,-16.529,-11.512,0.7994,-0.65882,-0.6694,0.59483,-10.773,-35.971,-68.809,12
-5.776,-1.6038,1.0662,0.99215,-0.10466,3.2614,-5.6454,-9.0934,0.5269,-0.79737,0.011788,-4.5494,12.156,-4.7925,-16.295,-18.703,-0.27889,-0.65882,-0.6694,0.59483,7.8018,-45.672,-76.644,12
-11.831,-2.4066,-1.4692,1.0675,-0.020931,8.0303,-9.9504,-6.9172,0.5269,-0.79737,0.011788,16.847,2.9508,10.023,-15.783,-18.707,0.34592,-0.6,-0.74538,0.56466,23.946,6.8483,-35.33,12
-21.787,-2.582,-9.0429,1.5657,0.34746,8.0518,-15.837,-2.4926,0.5269,-0.79737,0.011788,31.156,-9.8528,26.46,-10.557,-18.645,0.46357,-0.6,-0.74538,0.56466,20.72,61.274,31.932,12
-21.857,1.9626,-16.097,2.3653,0.80795,2.9021,-19.212,0.58926,0.50464,-0.81614,0.011788,47.584,-34.421,26.377,-15.079,-18.638,6.1931,-0.6,-0.74538,0.56466,-8.5148,82.089,87.817,12
-22.178,15.457,-13.356,2.6625,0.87912,3.4725,-19.191,5.6064,0.50464,-0.81614,0.011788,53.637,-42.738,23.164,-15.225,-18.653,7.7132,-0.6549,-0.7269,0.53448,-41.558,-26.579,95.464,12
-22.079,9.4991,-12.398,2.6415,0.84982,-0.606,-17.078,8.0359,0.50464,-0.81614,0.011788,68.63,-12.429,34.827,-7.4528,-18.614,5.6318,-0.6549,-0.7269,0.53448,-36.242,-105.31,86.249,12
-21.88,0.57062,-13.285,2.315,0.70748,-4.0608,-13.865,4.5474,0.42486,-0.83865,0.11002,60.517,-40.238,28.485,-1.9156,-14.679,5.0785,-0.6549,-0.7269,0.53448,-8.9914,-91.239,68.603,12
-21.785,-3.1932,-9.54,1.5573,0.13815,0.1341,-11.855,2.5752,0.42486,-0.83865,0.11002,21.616,-130.31,7.5086,2.5878,-6.3581,4.1925,-0.6549,-0.7269,0.53448,17.859,-9.4077,57.13,12
-21.773,-1.2531,-5.5549,1.2098,0.03349,15.832,0.79254,-7.875,0.42486,-0.83865,0.11002,-5.7424,-144.53,-13.158,-0.37715,1.3014,3.138,-0.63922,-0.67146,0.61207,32.507,72.923,65.264,12
-11.988,3.9392,-4.8981,1.7624,0.49817,18.33,-3.7955,-0.3398,0.42486,-0.83865,0.11002,-20.862,109.38,-20.59,-5.3681,6.8166,2.6637,-0.63922,-0.67146,0.61207,34.674,56.261,70.889,12
-3.7364,3.9941,-5.1668,1.0424,0.012559,-8.0416,0.2035,14.409,0.49351,-0.83865,0.056974,0.98292,141.83,-14.714,-4.3533,8.7353,0.53052,-0.63922,-0.67146,0.61207,29.53,-9.2864,62.777,12
2.201,1.5678,0.97268,1.2475,0.2763,-9.955,4.6574,14.258,0.49351,-0.83865,0.056974,42.662,3.977,-8.108,-0.21881,8.076,-1.3983,-0.73137,-0.56468,0.60129,24.219,-37.728,44.544,12
9.477,-1.626,2.38,1.2015,0.26374,0.41936,1.6124,5.7931,0.49351,-0.83865,0.056974,79.881,-26.487,-9.2693,1.6498,5.3688,-2.117,-0.73137,-0.56468,0.60129,20.228,-23.878,28.08,12
12.241,-0.91666,1.8859,1.034,-0.012559,0.94021,-0.56799,1.6164,0.48052,-0.79362,0.17682,101.65,27.057,-6.7768,0.36685,2.6655,-2.4501,-0.73137,-0.56468,0.60129,17.018,-3.7384,6.1539,12
9.4238,0.019829,0.37021,1.0131,0.0,-1.2517,-0.7366,-0.3931,0.48052,-0.79362,0.17682,114.65,62.34,-0.89615,-0.77782,-0.35288,-2.2885,-0.73137,-0.56468,0.60129,14.885,-1.5822,-16.293,12
2.6912,-0.72307,1.2612,1.0801,0.083726,-1.9838,-2.8439,-1.2245,0.48052,-0.79362,0.17682,119.62,59.538,7.8347,-0.42561,-2.5829,-2.2854,-0.73137,-0.56468,0.60129,12.342,-4.5691,-27.144,12
-1.3752,-0.43298,1.5189,1.2098,0.20094,-1.0833,-6.3495,2.6717,0.48052,-0.79362,0.17682,122.98,54.55,10.271,-0.84162,-2.4679,-1.7901,-0.73137,-0.56468,0.60129,11.659,-1.082,-23.944,12
-5.2119,0.4951,0.83403,1.1931,0.26374,-6.2501,-4.1848,-1.6467,0.41929,-0.69606,0.45776,107.67,60.391,14.992,-1.3988,-1.9506,-1.0559,-0.73137,-0.56468,0.60129,8.1727,-8.5865,-15.635,12
-5.4632,0.43162,-1.1506,0.94192,0.058608,-2.1187,-8.8898,-17.695,0.41929,-0.69606,0.45776,64.925,-37.897,13.943,-0.9168,-1.4197,-0.96682,-0.71373,-0.54004,0.67888,5.2162,-16.978,-4.78,12
-2.9605,-0.96529,-0.37109,0.93773,0.13396,4.0201,-4.7441,-15.999,0.41929,-0.69606,0.45776,27.004,-16.417,8.4264,-0.30152,-0.71046,-1.0459,-0.71373,-0.54004,0.67888,1.7595,-21.533,8.1928,12
1.0758,-0.7596,0.26848,0.87912,0.029304,8.2221,-4.9169,-18.424,0.38033,-0.60225,0.58153,-24.914,-40.852,-5.8753,-0.22965,0.29556,-0.44356,-0.71373,-0.54004,0.67888,-0.25941,-25.941,19.027,12
3.5853,-0.47887,0.96743,0.94192,0.10884,19.681,-19.231,-8.2335,0.38033,-0.60225,0.58153,-135.34,45.757,-85.63,-0.21144,0.94068,0.067867,-0.68824,-0.51129,0.72629,2.0114,-32.25,25.633,12
3.6616,0.75595,0.79435,0.87075,0.28048,-20.521,20.248,7.9843,0.38033,-0.60225,0.58153,-113.58,96.732,-10.528,-0.40941,1.6875,0.75104,-0.68824,-0.51129,0.72629,7.3789,-34.103,27.203,12
2.0463,0.71489,0.25381,2.6039,0.84563,3.2929,-19.331,-7.392,0.42301,-0.69606,0.42043,-53.312,44.019,-52.043,0.72453,-0.23074,-0.074037,-0.68824,-0.51129,0.72629,13.544,-28.012,25.461,12
0.63413,1.1217,-0.42536,1.6285,0.46049,-3.1097,-19.326,-6.8307,0.42301,-0.69606,0.42043,-37.418,8.998,-22.285,0.075313,-4.3207,0.9298,-0.68824,-0.51129,0.72629,20.465,-0.13294,25.32,12
-0.25365,1.0664,-0.83034,0.43537,-0.15908,0.42956,-19.337,-5.973,0.42301,-0.69606,0.42043,-24.586,-12.965,-10.778,-4.0898,-16.95,-0.024596,-0.6549,-0.47228,0.7694,29.145,24.042,1.4255,12
-2.0599,-0.035922,-1.498,0.68237,0.10047,7.1801,-6.7649,-9.1623,0.42301,-0.69606,0.42043,8.852,10.737,5.7762,-7.0505,-18.678,-1.7568,-0.6549,-0.47228,0.7694,38.346,46.464,-33.994,12
-6.3162,-0.85439,2.3547,0.76609,0.17582,-1.1258,-13.574,-11.867,0.46011,-0.72983,0.389,64.23,1.0091,19.052,-12.827,-18.689,0.13849,-0.6549,-0.47228,0.7694,24.122,78.279,-6.4375,12
-21.857,0.41233,9.6371,1.0424,0.48561,-0.47158,-18.88,-5.8341,0.46011,-0.72983,0.389,112.83,-34.89,29.694,-15.124,-18.703,-0.31016,-0.7451,-0.41889,0.72414,-0.087978,45.062,23.374,12
-21.464,-19.708,-18.374,1.0717,0.16327,-1.2941,-19.255,-0.70484,0.46011,-0.72983,0.389,149.51,-31.77,40.329,-13.761,-18.674,3.5871,-0.7451,-0.41889,0.72414,-19.808,-5.9057,42.984,12
-21.844,2.3237,-7.7488,1.3229,0.3977,-3.6394,-19.191,7.6812,0.40631,-0.61351,0.53831,165.55,-22.206,47.127,-7.3194,-18.611,4.8507,-0.7451,-0.41889,0.72414,-36.121,-57.293,24.038,12
-22.009,7.0087,-4.6955,1.5615,0.2763,-8.9467,-11.225,1.2451,0.40631,-0.61351,0.53831,158.8,-21.771,49.711,-3.9536,-18.597,3.3202,-0.7451,-0.41889,0.72414,-41.936,-46.379,2.5132,12
-21.829,-1.9686,-9.8193,1.5573,0.062794,16.306,-15.723,-18.811,0.40631,-0.61351,0.53831,80.087,-131.81,7.9415,-2.2559,-11.44,3.0113,-0.71176,-0.4538,0.73922,-46.092,-31.141,-20.466,12
-21.774,-3.7176,-6.5767,1.4401,-0.10884,19.427,0.41329,-18.077,0.40631,-0.61351,0.53831,18.505,93.76,-15.161,1.0771,-3.2283,4.1719,-0.71176,-0.4538,0.73922,-45.125,-6.2341,-33.331,12
-18.07,-5.5929,-7.2613,1.5573,0.27211,-12.086,-2.1765,-7.7505,0.4397,-0.47655,0.65619,-38.172,95.428,2.8395,2.3878,3.1835,4.3467,-0.71176,-0.4538,0.73922,-39.799,5.7665,-25.763,12
-8.4638,-4.5899,-2.0026,1.3061,0.21769,3.8153,-2.9132,-9.1388,0.4397,-0.47655,0.65619,-70.224,-35.628,-11.803,2.6656,8.2074,4.7437,-0.68235,-0.54825,0.70043,-32.083,5.346,-23.8,12
0.74253,1.7624,0.26388,1.0005,0.13396,3.3874,-3.0316,-6.1281,0.4397,-0.47655,0.65619,-90.045,-43.87,-18.973,2.1768,8.0542,3.4235,-0.68235,-0.54825,0.70043,-18.584,-9.2488,-36.019,12
5.0259,4.767,2.0606,0.84144,0.07954,1.2493,-5.0961,-4.659,0.41558,-0.59287,0.58546,-105.75,-36.19,-12.963,3.6447,4.0483,-0.17259,-0.68235,-0.54825,0.70043,-2.8859,-1.3329,-63.582,12
7.6511,4.8165,2.7703,0.84982,0.10884,-0.23682,-5.9615,-2.0921,0.41558,-0.59287,0.58546,-116.66,-45.806,-10.34,2.7931,1.6036,-0.63857,-0.68235,-0.54825,0.70043,9.4317,27.554,-84.563,12
6.4556,2.4738,0.4858,0.77028,-0.054422,1.0984,-5.0927,-0.35823,0.41558,-0.59287,0.58546,-120.56,-51.822,-6.5944,1.6127,0.28149,-1.8505,-0.65294,-0.6037,0.67888,15.863,60.247,-93.787,12
2.6114,0.23771,-0.95755,0.97959,0.18001,-1.688,-4.1336,-0.48397,0.41558,-0.59287,0.58546,-124.28,-33.069,-2.8113,-0.90304,-0.55048,-2.0484,-0.65294,-0.6037,0.67888,16.527,90.759,-90.83,12
-0.72549,-0.08893,0.086733,0.95447,0.24699,0.28435,-2.561,-0.65646,0.49907,-0.70356,0.33792,-129.92,-18.884,-1.3974,-5.83,-0.92359,-2.3587,-0.65294,-0.6037,0.67888,9.1948,75.671,-82.522,12
-2.1796,-0.10914,0.65334,0.68655,0.03349,-1.4234,0.32498,-0.17507,0.49907,-0.70356,0.33792,-123.69,26.925,1.4831,-7.0394,0.0064616,-2.3538,-0.68627,-0.67146,0.57112,-1.8947,25.969,-72.861,12
-3.5239,-0.065694,0.01514,0.9168,0.49817,-5.557,3.6144,3.021,0.49907,-0.70356,0.33792,-110.19,29.359,2.6317,-6.1765,0.99883,-2.1167,-0.68627,-0.67146,0.57112,-14.982,-8.0525,-57.981,12
-2.7509,-0.3335,-0.71423,0.78702,0.47724,-1.1579,7.0085,-17.963,0.48423,-0.80113,0.11788,-93.829,-69.52,4.8806,-5.5511,2.4887,-1.1256,-0.68627,-0.67146,0.57112,-25.314,-17.911,-37.872,12
-1.0338,-0.33232,-0.12465,0.74097,-0.012559,19.582,8.9407,7.9345,0.48423,-0.80113,0.11788,-70.457,175.93,-34.116,-5.0848,3.8421,-0.78706,-0.68627,-0.67146,0.57112,-29.632,-18.894,-13.4,12
1.0737,0.35375,0.042364,0.85819,-0.087912,20.003,-18.916,23.244,0.48423,-0.80113,0.11788,18.277,76.148,-55.672,-5.3074,4.6138,-0.62348,-0.63333,-0.73101,0.57759,-30.509,-16.822,11.471,12
0.14774,0.69362,-0.52705,0.37677,-0.23025,11.865,-18.993,17.534,0.51763,-0.803,0.090373,-9.0835,19.907,-46.193,-5.6951,4.005,-0.49767,-0.63333,-0.73101,0.57759,-28.15,-14.273,32.793,12
-1.0529,0.12131,-0.05224,0.4898,0.041863,-9.3533,-19.241,5.6319,0.51763,-0.803,0.090373,-55.528,24.408,-14.285,-7.3484,0.92307,-0.69343,-0.63333,-0.73101,0.57759,-25.002,-4.7262,46.84,12
-2.6423,-0.20627,0.81301,0.59445,0.041863,0.22886,-19.334,-6.6519,0.51763,-0.803,0.090373,-59.952,0.23255,-11.213,-11.612,-6.5244,-0.4408,-0.64314,-0.72279,0.53664,-20.448,1.893,41.81,12
-4.5171,-1.4155,0.6726,0.36839,-0.15908,6.9866,0.63379,-9.888,0.51763,-0.803,0.090373,-28.06,10.005,-3.2907,-17.624,-18.128,-1.8127,-0.64314,-0.72279,0.53664,-12.865,6.1343,37.949,12
-6.7028,-2.2336,0.49371,0.82051,0.22187,4.5837,-3.4304,-10.365,0.55102,-0.79174,0.043222,6.2374,8.378,2.6775,-20.985,-18.789,-4.9186,-0.64314,-0.72279,0.53664,-7.8583,4.1169,59.007,12
-15.101,0.016807,-2.6406,3.102,1.2643,5.3278,-14.567,-5.2584,0.55102,-0.79174,0.043222,29.744,10.528,19.358,-21.007,-18.828,-5.8373,-0.64314,-0.72279,0.53664,-3.8799,-10.974,132.88,12
-21.893,0.68917,-10.001,0.58189,0.20931,4.8043,-19.209,-2.0478,0.55102,-0.79174,0.043222,35.628,-8.2462,27.797,-18.674,-18.789,-4.9395,-0.71373,-0.67762,0.50216,-10.91,4.1823,207.68,12
-21.89,1.5631,-16.586,0.51491,-0.066981,4.5541,-19.181,6.6386,0.50464,-0.83114,0.072692,28.95,-40.656,21.761,-18.105,-18.726,-2.5925,-0.71373,-0.67762,0.50216,-30.665,3.5036,228.95,12
-22.083,10.187,-13.515,0.83307,0.10047,3.0959,-19.2,5.6959,0.50464,-0.83114,0.072692,37.291,-26.795,26.506,-13.65,-18.681,0.9097,-0.71373,-0.67762,0.50216,-47.107,-42.834,206.71,12
-21.923,3.7302,-10.096,1.0424,0.11722,-2.6195,-17.571,7.2098,0.50464,-0.83114,0.072692,23.784,1.0466,25.488,-7.0793,-18.651,1.8591,-0.83333,-0.50513,0.5194,-47.193,-69.406,180.98,12
-21.852,-0.33044,-11.03,0.69492,-0.28048,-1.2234,-15.993,10.646,0.50464,-0.83114,0.072692,-4.3365,-21.791,18.198,-2.0993,-11.502,2.8103,-0.83333,-0.50513,0.5194,-32.511,-73.382,161.09,12
-21.822,-1.8458,-8.9556,0.71167,-0.23862,7.6143,-7.8981,-5.6521,0.46197,-0.84991,0.12181,-32.509,-64.262,6.6319,3.1749,-2.9817,4.8301,-0.83333,-0.50513,0.5194,-15.058,-69.522,128.91,12
-16.064,1.1916,-5.9349,0.8247,0.11303,19.66,-16.433,-9.6146,0.46197,-0.84991,0.12181,-51.89,-15.995,-9.1919,6.9216,3.3915,5.1487,-0.83333,-0.50513,0.5194,0.07797,-46.063,94.325,12
-4.7227,3.8106,-4.9728,1.1805,0.57771,0.75973,-0.5711,14.177,0.46197,-0.84991,0.12181,-22.794,113.26,-10.345,5.9868,5.3864,3.6443,-0.81373,-0.38398,0.63578,11.594,-25.549,70.162,12
0.50268,1.6337,-2.2635,1.2684,0.56934,-8.3471,3.6742,16.923,0.45083,-0.85178,0.053045,16.123,31.765,-1.9388,5.7288,5.6516,1.1576,-0.81373,-0.38398,0.63578,21.087,-27.75,59.183,12
5.7879,-2.021,1.8286,1.6954,1.0884,-3.4951,4.2781,13.95,0.45083,-0.85178,0.053045,62.364,-14.752,-2.9757,5.874,4.7096,-0.035351,-0.81373,-0.38398,0.63578,25.063,-25.16,49.85,12
9.1096,-0.43167,1.7717,1.3396,0.77028,-0.8205,1.8484,9.5946,0.45083,-0.85178,0.053045,104.3,35.471,6.9387,4.9793,3.2959,-0.40812,-0.79804,-0.29979,0.68966,30.575,-12.55,27.813,12
8.7299,1.8899,1.5596,0.93354,0.40607,-2.9566,-0.65558,5.7293,0.45083,-0.85178,0.053045,134.49,55.536,17.534,3.604,1.6864,-1.3636,-0.79804,-0.29979,0.68966,33.607,3.4021,-7.3041,12
5.1067,1.737,1.1037,0.63632,0.18838,-0.81115,-3.1939,1.4051,0.45083,-0.85178,0.053045,152.57,44.529,22.766,1.0978,1.0074,-2.2621,-0.79804,-0.29979,0.68966,34.534,24.336,-36.376,12
0.094083,1.8615,1.8202,0.49398,0.092098,2.8857,-7.7304,0.22567,0.45083,-0.85178,0.053045,157.16,61.731,20.193,-1.4436,0.36331,-2.6693,-0.79804,-0.29979,0.68966,32.573,25.706,-46.537,12
-2.0639,0.16513,1.6254,0.5484,0.25955,0.71941,-7.9653,-6.4327,0.45083,-0.85178,0.053045,130.67,60.161,18.719,-2.4134,0.67555,-3.4454,-0.80784,-0.26694,0.69828,26.689,11.823,-43.267,12
-4.2036,-0.42391,-0.19605,0.36421,0.15908,1.7344,-8.4142,-18.643,0.31354,-0.66792,0.56582,84.001,-22.308,15.859,-2.5556,0.81582,-3.4175,-0.80784,-0.26694,0.69828,17.231,-0.4504,-27.81,12
-4.1009,-1.0167,-1.4178,0.2763,0.058608,9.2207,-3.6185,-18.287,0.31354,-0.66792,0.56582,33.351,-29.324,7.4184,-2.7291,1.0662,-2.3842,-0.80784,-0.26694,0.69828,8.9479,-2.8783,-6.6515,12
-1.1859,-1.309,-0.59149,0.25536,0.07954,19.569,-15.505,-18.777,0.31354,-0.66792,0.56582,-217.18,-209.75,-83.025,-2.5123,1.0672,-1.28,-0.83137,-0.26489,0.69612,3.0335,-1.8598,16.686,12
0.17685,-0.76164,-0.42644,0.37677,0.23862,-21.504,-5.4871,18.615,0.36549,-0.68856,0.51277,-146.41,333.21,6.5224,-2.7512,1.5153,-0.4659,-0.83137,-0.26489,0.69612,0.52459,-1.4011,41.902,12
1.8474,0.55932,-0.54966,0.34328,0.29304,3.5263,-19.282,-4.408,0.36549,-0.68856,0.51277,-99.829,-105.24,-35.768,-2.4225,2.0407,0.070785,-0.83137,-0.26489,0.69612,-0.77678,-5.8647,66.108,12
2.307,2.329,-0.28513,0.56515,0.34746,3.373,-15.324,-7.6179,0.36549,-0.68856,0.51277,-60.721,7.3962,-27.72,-3.8887,0.48462,1.4617,-0.83137,-0.26489,0.69612,-0.47929,5.9305,84.408,12
1.8947,3.2462,-0.50784,0.41863,0.12559,-0.92652,-19.377,-8.9677,0.36549,-0.68856,0.51277,-17.884,-18.904,-11.574,-8.2975,-6.3297,1.0273,-0.82941,-0.18891,0.69612,1.7836,34.73,80.916,12
0.11528,2.8218,0.75923,0.43956,0.47724,5.4701,-17.608,-6.3153,0.35993,-0.75797,0.39293,5.9802,-1.3442,5.2329,-20.674,-18.773,-3.272,-0.82941,-0.18891,0.69612,1.4903,77.214,27.778,12
-5.9262,1.3593,2.5855,0.18838,0.3056,3.751,-13.364,-7.6515,0.35993,-0.75797,0.39293,51.953,-12.63,19.145,-20.842,-18.853,-10.328,-0.82941,-0.18891,0.69612,-5.1969,72.773,12.526,12
-21.902,1.6714,9.9504,0.43537,0.37258,0.7331,-14.471,-8.5079,0.35993,-0.75797,0.39293,103.91,-8.7455,32.208,-20.821,-18.843,-11.348,-0.89608,-0.14784,0.5819,13.419,-4.5567,84.068,12
-21.651,-11.373,-17.697,0.46049,-0.054422,0.30541,-18.018,-3.8041,0.3321,-0.71482,0.49902,143.97,-12.999,44.437,-20.871,-18.823,-8.3474,-0.89608,-0.14784,0.5819,-11.361,12.916,136.83,12
-21.882,-3.3988,-6.2427,0.50235,0.03349,-0.51772,-19.191,7.6082,0.3321,-0.71482,0.49902,166.74,4.9382,49.863,-20.999,-18.784,-4.4392,-0.89608,-0.14784,0.5819,-31.918,21.849,83.981,12
-21.922,3.6694,-1.9961,1.1429,0.2135,0.31149,-16.422,-0.57838,0.3321,-0.71482,0.49902,162.06,-25.657,49.396,-15.495,-14.619,0.050275,-0.89608,-0.14784,0.5819,-36.234,-50.683,31.551,12
-21.916,2.3596,-7.3666,2.2355,0.44793,10.932,-19.418,-19.028,0.3321,-0.71482,0.49902,91.713,-76.88,11.489,-5.8884,-8.2132,1.6831,-0.91176,-0.069815,0.59267,-36.247,-52.006,-9.9522,12
-21.887,0.39656,-10.027,0.029304,-0.43956,14.196,-4.8713,-14.852,0.27644,-0.52345,0.70923,32.437,117.47,1.784,0.47094,-3.7777,4.2278,-0.91176,-0.069815,0.59267,-26.57,-35.767,-27.972,12
-21.246,-1.3278,-6.6458,0.25118,-0.13815,-6.9958,-1.318,-8.0421,0.27644,-0.52345,0.70923,-10.62,10.932,5.0093,5.6219,1.408,5.7996,-0.91176,-0.069815,0.59267,-13.976,-15.239,-31.535,12
-11.135,-2.857,-2.2045,0.21769,0.071167,2.1302,-0.21465,-7.604,0.27644,-0.52345,0.70923,-38.986,-61.262,-6.1113,7.354,4.6232,5.3249,-0.85882,-0.14168,0.67457,-5.2844,10.165,-23.312,12
-0.8038,0.29125,2.3946,0.20094,0.012559,0.72359,-0.26338,-8.5163,0.28386,-0.52533,0.70334,-60.411,-52.974,-13.991,6.4505,5.1992,3.9162,-0.85882,-0.14168,0.67457,3.0696,19.711,-22.157,12
6.2368,1.2905,2.4425,0.096285,-0.10466,-1.5278,-2.7687,-6.5704,0.28386,-0.52533,0.70334,-81.42,-56.25,-5.6013,6.5488,3.9373,2.7281,-0.85882,-0.14168,0.67457,12.622,23.451,-37.888,12
7.4659,3.9756,1.821,0.07954,-0.16745,-1.5347,-3.4242,-2.8116,0.28386,-0.52533,0.70334,-97.558,-63.428,-3.1866,4.955,2.5,2.0,-0.85882,-0.14168,0.67457,27.174,42.31,-61.251,12
8.1321,3.4965,-1.1169,0.35583,0.07954,0.1081,-4.0237,-1.3772,0.39147,-0.63977,0.52652,-105.54,-54.908,-1.8134,1.0204,1.2125,0.24812,-0.88824,-0.1499,0.61422,36.416,50.967,-75.594,12
2.3056,1.388,-1.1382,0.72841,0.3349,-0.088004,-4.636,-2.2118,0.39147,-0.63977,0.52652,-108.24,-35.798,-2.2392,-2.0892,0.66419,-1.5814,-0.88824,-0.1499,0.61422,41.7,40.764,-74.303,12
-2.1553,0.1905,1.0171,0.92098,0.47305,3.1057,-4.7165,-3.3298,0.39147,-0.63977,0.52652,-112.91,-32.082,-2.9044,-3.3034,0.21375,-2.6247,-0.88824,-0.1499,0.61422,39.906,22.928,-62.969,12
-3.9359,0.32882,0.55591,0.95029,0.56096,4.1744,-3.6385,-0.48393,0.39147,-0.63977,0.52652,-122.62,-13.453,-4.1952,-3.1216,0.033767,-2.6233,-0.92745,-0.16632,0.5431,33.158,12.374,-54.334,12
-6.0548,-0.79552,-1.2505,0.77028,0.46468,-2.229,-1.4735,2.154,0.46382,-0.76548,0.28487,-126.34,6.401,-0.42319,-2.9712,0.18311,-2.6888,-0.92745,-0.16632,0.5431,25.828,15.454,-44.042,12
-6.0568,-1.2,-1.2133,0.61957,0.38095,-2.6801,1.2044,3.6063,0.46382,-0.76548,0.28487,-111.71,-13.745,5.402,-2.7449,0.94183,-2.8175,-0.92745,-0.16632,0.5431,17.182,12.616,-27.941,12
-3.043,-1.3855,0.14899,0.46049,0.32234,6.5233,-19.006,23.115,0.46382,-0.76548,0.28487,-73.213,-122.02,-8.4267,-1.6665,1.7031,-2.6857,-0.92745,-0.16632,0.5431,7.6563,11.591,-12.959,12
3.1771,-0.27049,0.93355,0.26374,0.087912,-2.4298,-19.299,-4.1142,0.48237,-0.82739,0.08055,-19.382,122.76,14.312,-1.174,2.8452,-2.4827,-0.92353,-0.19713,0.53017,-0.41926,11.934,-4.8209,12
6.0518,1.4528,0.16233,0.20513,-0.13815,-18.276,-17.272,16.349,0.48237,-0.82739,0.08055,-25.143,139.52,49.901,-0.15547,3.4105,-1.9545,-0.92353,-0.19713,0.53017,-7.9462,13.282,-4.6239,12
4.5677,1.4132,-0.3886,0.10884,-0.19257,1.2619,-19.136,13.181,0.48237,-0.82739,0.08055,-3.1622,-21.436,-2.897,0.13434,2.6929,-0.7091,-0.92353,-0.19713,0.53017,-11.146,16.432,-19.521,12
-0.35676,1.6763,0.69824,0.050235,-0.1842,0.70801,-19.304,-4.6248,0.48237,-0.82739,0.08055,-45.66,-12.571,-18.297,-2.4445,-1.2975,-1.7524,-0.95686,-0.20739,0.48491,-7.9008,17.818,-59.181,12
-4.0812,0.019667,1.0228,0.12559,-0.037677,3.5167,-9.8247,-10.196,0.47124,-0.83302,0.078585,-22.035,9.0277,-5.5659,-11.017,-10.632,-5.2191,-0.95686,-0.20739,0.48491,0.35321,35.321,-115.51,12
-7.5423,-1.6741,1.2809,0.12977,-0.096285,3.8997,-5.9398,-8.8309,0.47124,-0.83302,0.078585,2.4085,-0.39106,-2.0645,-20.865,-18.846,-10.567,-0.95686,-0.20739,0.48491,-9.6465,58.693,-165.76,12
-16.646,-0.028703,0.36584,0.2428,0.016745,7.1462,-13.665,-3.1222,0.47124,-0.83302,0.078585,23.726,-12.898,15.383,-20.744,-18.889,-14.913,-0.95686,-0.20739,0.48491,5.6155,40.902,-60.225,12
-21.741,-5.3825,-12.779,0.54003,0.19257,5.8147,-19.217,3.0661,0.4731,-0.84803,0.094303,40.798,-26.463,17.919,-20.823,-18.826,-10.639,-0.94902,-0.35524,0.39224,-13.315,-38.846,4.0933,12
-21.913,1.1853,-13.167,0.7326,0.16327,2.1191,-19.167,8.0524,0.4731,-0.84803,0.094303,34.936,-51.726,8.7652,-20.963,-18.796,-5.6273,-0.94902,-0.35524,0.39224,-34.554,9.6116,1.0179,12
-22.068,10.49,-8.4769,0.60701,0.012559,-0.34153,-18.139,5.8709,0.4731,-0.84803,0.094303,38.938,-15.986,25.788,-21.117,-18.722,-0.19651,-0.94902,-0.35524,0.39224,-32.507,-54.975,-12.736,12
-21.88,2.0764,-13.36,0.69911,0.15071,-3.6307,-14.543,6.0594,0.4731,-0.84803,0.094303,15.454,-19.604,20.378,-13.292,-12.773,3.6738,-0.91569,-0.38809,0.43534,-19.754,-90.299,6.6451,12
-21.76,-4.9507,-13.561,0.14233,-0.5191,2.0067,-9.5808,2.3119,0.4026,-0.84991,0.12181,-4.0372,-63.629,8.2206,-4.4705,-3.2689,6.1074,-0.91569,-0.38809,0.43534,3.691,-79.731,16.034,12
-21.747,-4.0427,-7.3744,0.062794,-0.33909,11.988,-3.0548,-11.418,0.4026,-0.84991,0.12181,-11.092,-84.476,-9.323,2.6401,5.5382,6.8186,-0.91569,-0.38809,0.43534,21.601,-48.186,12.466,12
-12.61,2.2142,-3.727,0.34328,0.050235,9.4853,0.18828,8.9272,0.4026,-0.84991,0.12181,2.444,90.434,-21.3,4.3133,10.53,6.0474,-0.91569,-0.38809,0.43534,30.136,-2.5606,10.015,12
-1.8565,6.9658,-2.4783,2.6081,1.0466,-7.4579,4.2051,15.563,0.44712,-0.85178,0.096267,36.932,69.906,-9.6628,1.129,9.8442,5.4193,-0.8549,-0.35934,0.57543,36.756,13.137,7.463,12
4.0505,2.5255,-1.0253,-0.07954,-0.23443,-0.61362,3.3208,9.3057,0.44712,-0.85178,0.096267,75.757,3.0956,-10.204,0.094145,7.683,3.3008,-0.8549,-0.35934,0.57543,41.423,-4.9643,-1.288,12
10.229,-0.32073,2.908,-0.55678,-0.51073,1.6946,1.0317,4.1623,0.44712,-0.85178,0.096267,104.22,37.673,-8.3775,0.63596,5.4332,0.32375,-0.8549,-0.35934,0.57543,40.98,-13.31,-19.625,12
9.4352,-1.053,1.6,-0.26792,-0.42282,0.36141,-1.0152,1.4529,0.43228,-0.79174,0.29862,121.16,71.082,-1.4024,-0.42233,3.137,-1.3015,-0.86275,-0.31417,0.59914,37.431,-9.1295,-40.676,12
3.5768,-0.55896,0.88654,-0.25955,-0.43956,2.427,-4.0511,-1.147,0.43228,-0.79174,0.29862,128.08,82.022,2.6788,-1.62,1.0299,-2.011,-0.86275,-0.31417,0.59914,31.204,-3.4564,-60.352,12
-0.46243,-1.121,1.5412,-0.10884,-0.27211,1.738,-5.746,-1.3324,0.43228,-0.79174,0.29862,119.49,109.63,0.12138,-3.0222,-0.94943,-1.9433,-0.86275,-0.31417,0.59914,26.765,1.4435,-64.822,12
-2.4698,-1.2596,0.25506,-0.092098,-0.24699,-1.4741,-5.0961,-8.6237,0.43228,-0.79174,0.29862,88.498,82.418,4.3323,-4.6554,-1.759,-1.9005,-0.86275,-0.31417,0.59914,22.354,-8.7344,-52.534,12
-3.4607,0.30886,-0.0037811,0.12559,-0.012559,-0.21054,-5.8493,-13.638,0.32282,-0.65291,0.58153,51.657,-20.15,4.9404,-4.7576,-1.4294,-1.9361,-0.83922,-0.33676,0.64009,18.891,-31.893,-30.711,12
-2.1457,0.2153,-0.44378,0.30141,0.1214,19.583,-16.971,-18.84,0.32282,-0.65291,0.58153,-181.67,-361.12,-87.561,-3.5512,-0.11589,-1.5891,-0.83922,-0.33676,0.64009,14.972,-46.835,-4.2864,12
-0.99903,-0.048456,-0.19383,0.73679,0.5191,-21.366,-17.838,22.124,0.32282,-0.65291,0.58153,-158.2,334.06,32.579,-2.2133,0.20708,-1.2917,-0.83922,-0.33676,0.64009,13.328,-49.622,23.867,12
0.76376,1.2061,-0.64935,0.87912,0.48142,-3.0101,-17.032,-19.059,0.3692,-0.69794,0.47937,-120.9,-168.15,-19.277,-1.1052,0.4768,-0.31991,-0.79216,-0.31417,0.71767,13.294,-35.019,50.436,12
0.73955,1.9116,-0.52269,0.78702,0.45212,5.6193,-8.2959,-14.734,0.3692,-0.69794,0.47937,-57.5,75.254,-14.754,-1.5291,-0.37904,1.0956,-0.79216,-0.31417,0.71767,15.509,-11.044,72.623,12
0.9765,2.6903,-0.37892,0.40607,0.27211,0.66813,-19.292,-2.4788,0.3692,-0.69794,0.47937,-11.985,-2.8159,-21.666,-4.4721,-5.0923,1.7662,-0.79216,-0.31417,0.71767,19.18,14.971,82.544,12
0.43696,1.8895,-0.62995,0.096285,-0.062794,5.7115,-19.28,-3.2298,0.3692,-0.69794,0.47937,-0.539,-9.3524,-6.1006,-11.784,-16.866,-0.58287,-0.79216,-0.31417,0.71767,21.958,59.394,63.022,12
-1.1677,0.30255,-0.10961,-0.10466,-0.050235,5.2997,-17.694,-5.0713,0.43043,-0.73358,0.38703,28.004,-0.64701,17.195,-20.958,-18.815,-6.4511,-0.80392,-0.21971,0.73276,19.459,78.706,49.783,12
-8.7655,-0.10968,6.2428,0.1842,0.25118,1.3569,-14.82,-8.717,0.43043,-0.73358,0.38703,82.734,8.5305,27.986,-20.917,-18.815,-7.5033,-0.80392,-0.21971,0.73276,13.033,64.506,111.53,12
-21.047,-2.2031,6.3386,0.14652,0.39351,-1.2529,-17.527,-8.118,0.43043,-0.73358,0.38703,133.48,10.041,39.077,-20.93,-18.801,-7.0546,-0.80392,-0.21971,0.73276,-5.9265,-18.141,158.19,12
-21.52,-17.448,-18.181,0.23025,-0.31397,-2.791,-19.271,-0.40815,0.36364,-0.66792,0.52849,175.03,14.947,50.174,-21.015,-18.749,-3.9166,-0.88627,-0.10267,0.65302,-33.546,2.7016,145.87,12
-21.764,-3.7406,-11.337,0.36839,-0.15071,-9.094,-19.216,9.1358,0.36364,-0.66792,0.52849,190.75,26.166,61.58,-17.353,-18.727,0.3345,-0.88627,-0.10267,0.65302,-43.28,-55.136,87.411,12
-21.996,6.3554,-1.9754,0.3977,-0.016745,-0.34744,-19.402,-16.39,0.36364,-0.66792,0.52849,150.76,-138.39,34.732,-7.7737,-14.873,2.746,-0.88627,-0.10267,0.65302,-44.711,-72.497,37.737,12
-21.83,-0.90947,-8.6608,0.16745,-0.33072,19.457,-3.8064,-18.267,0.34694,-0.43902,0.72102,73.648,53.392,-12.108,-0.20594,-8.2605,4.9516,-0.88627,-0.10267,0.65302,-37.901,-55.783,9.9081,12
-21.815,-2.1797,-8.8909,0.0,-0.40188,-19.109,-0.94939,-10.78,0.34694,-0.43902,0.72102,-7.3352,101.91,15.866,6.3158,-1.3973,6.2739,-0.82157,-0.080082,0.74353,-27.051,-30.019,1.9252,12
-16.367,-3.3547,-6.1546,0.13815,-0.20094,6.855,0.013895,-13.462,0.34694,-0.43902,0.72102,-60.861,-41.96,-5.001,10.741,4.0496,5.9629,-0.82157,-0.080082,0.74353,-19.133,7.6602,2.7898,12
-2.5391,-2.8443,1.0809,-0.020931,-0.087912,1.7081,-2.1892,-11.988,0.34694,-0.43902,0.72102,-93.968,-16.492,-14.55,9.7839,6.105,5.5032,-0.82157,-0.080082,0.74353,-9.3382,35.66,-0.54336,12
4.9558,2.2091,3.2409,-0.26792,-0.34328,-0.78568,-6.0115,-9.0688,0.26716,-0.5197,0.70923,-118.92,-26.334,-7.1707,8.4237,2.7529,4.2939,-0.82353,-0.11088,0.74569,7.6816,32.072,-33.741,12
8.0261,4.2507,2.151,-0.36839,-0.35583,0.61221,-6.3698,-3.3124,0.26716,-0.5197,0.70923,-135.43,-58.829,-4.2066,8.2409,-0.70462,1.5377,-0.82353,-0.11088,0.74569,29.295,39.02,-79.588,12
9.182,4.0307,0.046978,-0.27211,-0.33072,0.74543,-6.6683,-0.49263,0.26716,-0.5197,0.70923,-142.55,-52.886,-1.6707,4.7853,-1.736,0.40278,-0.82353,-0.11088,0.74569,42.121,46.895,-114.07,12
3.8907,1.9282,-1.0475,-0.27211,-0.23443,0.23007,-6.1628,1.5379,0.34694,-0.71295,0.46758,-143.12,-54.165,-0.63632,0.66803,-3.6871,-1.7052,-0.82353,-0.11088,0.74569,46.666,52.571,-122.7,12
-1.0149,0.24195,0.042828,0.69911,0.31816,3.3792,-7.3866,0.94571,0.34694,-0.71295,0.46758,-139.17,-34.205,-0.049193,-2.5187,-5.4921,-3.2121,-0.82353,-0.11088,0.74569,47.523,48.487,-112.89,12
-3.6748,0.40722,2.0682,2.1518,1.0591,4.3855,-6.3296,4.6649,0.34694,-0.71295,0.46758,-131.64,-5.8395,-4.2352,-3.6059,-5.4067,-2.6662,-0.82353,-0.11088,0.74569,40.111,43.445,-98.188,12
-5.9799,0.0041762,-1.347,-0.66143,-0.35583,0.73734,-2.7442,8.7452,0.34694,-0.71295,0.46758,-119.53,18.626,-4.8664,-4.0117,-2.4878,-2.7806,-0.82353,-0.11088,0.74569,30.562,40.068,-82.461,12
-6.7613,-1.3286,-1.1722,-0.28885,-0.10466,-4.318,2.3316,12.365,0.38776,-0.85178,0.17485,-100.56,3.0239,0.53791,-4.0629,-0.10203,-2.203,-0.89608,-0.20329,0.57328,18.035,26.169,-69.215,12
-3.6585,-1.9243,-1.1311,-0.35165,-0.28885,-7.757,4.8813,13.875,0.38776,-0.85178,0.17485,-58.257,-10.06,10.501,-3.673,2.7053,-2.4689,-0.89608,-0.20329,0.57328,9.5934,7.8142,-61.98,12
2.5572,-0.58933,0.8838,-0.20513,-0.16327,1.4092,-5.8633,-18.008,0.38776,-0.85178,0.17485,-32.648,-134.72,11.235,-1.7373,5.7134,-2.6622,-0.89608,-0.20329,0.57328,2.8449,-2.7614,-55.511,12
6.7936,0.22019,1.9461,0.0083726,0.075353,18.789,-18.916,23.232,0.41744,-0.87992,-0.017682,-52.259,224.01,-63.1,-0.17216,8.6386,-3.141,-0.90196,-0.26489,0.55172,-3.1333,9.8258,-55.035,12
6.4295,1.2533,1.3023,-0.0083726,-0.13396,-11.35,-4.7393,9.2433,0.41744,-0.87992,-0.017682,-18.223,40.366,5.7328,-0.65163,10.386,-3.4078,-0.90196,-0.26489,0.55172,-10.394,37.786,-61.236,12
2.8602,1.9391,0.86926,0.096285,-0.11303,6.732,-19.197,7.0658,0.41744,-0.87992,-0.017682,-9.5714,28.169,-5.8623,-3.1013,10.791,-3.8875,-0.90196,-0.26489,0.55172,-17.918,57.393,-68.08,12
-0.55256,0.35516,0.29512,0.29723,0.041863,-3.2592,-19.239,3.818,0.41744,-0.87992,-0.017682,-65.883,-1.176,-12.09,-9.4746,10.018,-5.1866,-0.90196,-0.26489,0.55172,-25.318,53.481,-67.467,12
-3.2213,-1.5616,0.41735,0.50235,0.33072,2.2054,-14.309,-11.12,0.41744,-0.86304,-0.017682,-36.562,5.6867,-8.7051,-16.958,5.0458,-6.4248,-0.93725,-0.35524,0.43103,-34.99,37.85,-79.418,12
-4.4056,-2.9521,-0.10779,0.66143,-0.020931,-1.5153,1.3107,-13.481,0.41744,-0.86304,-0.017682,0.096565,9.9073,-15.253,-21.075,-7.2676,-7.7592,-0.93725,-0.35524,0.43103,-49.31,42.059,-90.215,12
-6.3489,-2.2517,1.65,0.63632,-0.050235,0.44262,-6.9483,-11.666,0.41744,-0.86304,-0.017682,25.448,16.81,-11.932,-20.738,-18.864,-13.433,-0.93725,-0.35524,0.43103,-83.203,10.086,-18.371,12
-15.221,2.4826,-2.8713,0.11303,-0.3056,7.2889,-15.016,-5.5112,0.45455,-0.86679,-0.027505,51.418,27.009,0.86605,-20.768,-18.855,-12.453,-0.91765,-0.43532,0.34052,-63.701,-122.33,116.92,12
-21.901,3.1207,-8.7191,0.40188,0.083726,3.7046,-15.848,-6.6095,0.45455,-0.86679,-0.027505,69.566,26.277,15.662,-20.964,-18.799,-5.9295,-0.91765,-0.43532,0.34052,-76.501,-37.934,231.7,12
-21.741,-4.881,-13.439,0.48561,0.092098,1.7861,-19.266,0.15874,0.45455,-0.86679,-0.027505,57.668,-10.668,21.176,-21.055,-18.786,-1.5747,-0.91765,-0.43532,0.34052,-72.957,-42.593,241.21,12
-21.859,0.52182,-7.3741,0.46049,-0.17582,1.7173,-19.172,5.6211,0.41929,-0.85553,0.10806,59.569,-54.174,17.965,-19.441,-18.714,1.5955,-0.91765,-0.43532,0.34052,-60.718,-75.359,225.53,12
-21.829,-1.4706,-9.1113,0.48561,-0.020931,2.6362,-19.15,8.7564,0.41929,-0.85553,0.10806,90.836,-2.9267,34.72,-11.72,-18.641,2.8804,-0.95098,-0.23203,0.47845,-42.564,-91.203,183.82,12
-21.716,-5.5962,-9.5668,0.32653,-0.31816,-1.1338,-11.506,7.7675,0.41929,-0.85553,0.10806,62.234,-21.173,31.435,-3.9562,-14.463,3.6935,-0.95098,-0.23203,0.47845,-26.092,-95.782,141.59,12
-21.772,-4.3066,-6.2613,0.0,-0.5484,0.76895,-8.5935,4.0155,0.41929,-0.85553,0.10806,39.243,-67.548,15.619,2.7153,-6.9287,5.1327,-0.95098,-0.23203,0.47845,-13.284,-89.637,97.382,12
-21.812,-0.82489,-4.9795,-0.087912,-0.44375,9.485,-4.8738,-0.25301,0.38033,-0.86492,0.19057,3.5212,-134.53,-3.0541,9.2693,-1.7606,4.9432,-0.87843,-0.092402,0.67241,-1.572,-67.437,60.571,12
-13.539,0.66917,-5.7082,0.37258,0.096285,19.623,-14.359,-10.188,0.38033,-0.86492,0.19057,-36.429,-11.012,-31.196,12.046,1.9648,3.4837,-0.87843,-0.092402,0.67241,14.215,-32.675,31.658,12
-7.6987,1.6015,-6.2348,0.20513,-0.062794,-3.8623,-2.0312,11.735,0.38033,-0.86492,0.19057,13.283,155.46,-21.589,12.452,3.956,2.6041,-0.87843,-0.092402,0.67241,28.348,-1.7873,-5.1913,12
0.37878,2.2731,-1.6796,-0.071167,0.0083726,-8.6435,0.50251,10.647,0.40074,-0.84053,0.20432,50.077,36.747,-8.584,9.9575,4.0739,0.3912,-0.87843,-0.092402,0.67241,38.957,17.808,-49.579,12
6.5751,2.0532,3.2795,-0.32653,-0.32234,-0.17004,-0.75539,3.6689,0.40074,-0.84053,0.20432,75.115,-18.182,-12.864,6.1504,2.9534,-1.6648,-0.85098,-0.055441,0.69181,41.686,21.402,-86.745,12
10.211,0.037991,2.3718,-0.46049,-0.4898,-1.2769,-0.92086,0.98285,0.40074,-0.84053,0.20432,90.069,2.769,-11.93,3.0026,0.93932,-3.0676,-0.85098,-0.055441,0.69181,39.176,21.736,-110.26,12
10.115,-0.72122,0.4193,-0.46468,-0.60701,-3.0954,-1.5835,-0.92263,0.40074,-0.84053,0.20432,95.851,16.289,-6.1203,-0.47554,-0.4965,-3.6498,-0.85098,-0.055441,0.69181,33.729,15.639,-126.56,12
3.3093,0.19085,1.3961,-0.55678,-0.47305,-4.0007,-2.8407,-1.8904,0.41929,-0.75422,0.37132,94.361,13.919,1.4368,-2.8036,-0.88586,-3.586,-0.85882,-0.12731,0.68319,25.501,0.7303,-137.4,12
-1.3272,0.70242,2.1685,1.0215,0.10884,-1.5573,-3.8462,-2.437,0.41929,-0.75422,0.37132,86.677,19.133,4.8572,-3.4092,-1.0235,-4.3533,-0.85882,-0.12731,0.68319,16.239,-9.846,-133.51,12
-3.7977,0.49125,1.6232,1.2475,0.58608,-0.91395,-4.466,-4.0241,0.41929,-0.75422,0.37132,69.228,35.821,2.8748,-3.4924,-1.3912,-4.1216,-0.85882,-0.12731,0.68319,7.4464,-9.3978,-115.64,12
-3.4072,-1.3597,-1.7855,-0.82889,-0.59027,-2.551,-4.4619,-9.5611,0.36178,-0.66229,0.52259,38.782,19.796,0.90231,-4.9278,-0.59874,-2.8737,-0.85882,-0.12731,0.68319,1.7229,-7.2419,-87.258,12
-3.1403,-1.5725,0.57426,-0.59027,-0.56515,-1.1502,-4.4797,-11.34,0.36178,-0.66229,0.52259,6.772,13.327,2.9059,-4.844,0.18072,-1.9285,-0.83922,-0.23819,0.70474,-2.4428,-10.883,-56.258,12
0.043887,-0.67919,-0.72428,-0.36839,-0.31397,0.49014,-3.0818,-9.17,0.36178,-0.66229,0.52259,-27.055,24.124,-0.71025,-4.2431,1.0309,-0.90679,-0.83922,-0.23819,0.70474,-3.3556,-12.4,-27.38,12
1.9303,0.45702,0.67271,-0.2763,-0.33072,11.576,-0.31042,-18.171,0.36178,-0.66229,0.52259,-51.476,-74.348,-16.986,-3.3608,2.4022,-0.77572,-0.83922,-0.23819,0.70474,-1.5832,-14.691,-0.60678,12
2.6457,0.54459,0.71217,-0.12559,-0.029304,20.003,-18.916,23.223,0.36178,-0.66229,0.52259,-140.34,333.7,-63.301,-2.4005,3.957,-0.30215,-0.79804,-0.26899,0.71767,-1.6972,-8.1361,19.542,12
1.6432,0.16433,0.36216,-0.10466,-0.2428,-15.644,17.563,-6.0387,0.36178,-0.66229,0.52259,-76.302,42.781,-31.802,-3.1477,4.8265,0.64757,-0.79804,-0.26899,0.71767,-2.5516,-3.8167,33.2,12
1.0153,0.74896,-1.1536,0.025118,-0.14233,5.3375,-19.225,1.2588,0.36178,-0.66229,0.52259,-12.263,21.957,-36.482,-3.4506,3.4255,1.5463,-0.79804,-0.26899,0.71767,-3.628,-3.734,40.398,12
0.45224,1.1251,-0.95137,0.36002,-0.062794,-16.439,-19.203,12.396,0.41744,-0.74859,0.38114,-58.947,-9.6858,-2.6203,-6.2381,-2.0139,1.6076,-0.79804,-0.26899,0.71767,-2.6725,2.0529,39.276,12
-0.33052,0.86934,-0.39544,0.69911,0.30141,7.7137,-2.0523,-7.213,0.41744,-0.74859,0.38114,-43.473,-8.3726,-6.9833,-13.284,-11.945,0.45481,-0.81569,-0.23614,0.71336,1.3678,11.103,4.6095,12
-3.1645,0.65063,3.4901,0.80377,0.35583,2.176,-11.32,-15.148,0.41744,-0.74859,0.38114,37.752,-10.469,5.1216,-21.037,-18.762,-3.1777,-0.81569,-0.23614,0.71336,-1.4758,14.001,-53.238,12
-13.278,-1.7738,3.493,0.5191,0.20094,-1.3724,-12.495,-8.9197,0.38776,-0.76173,0.36346,82.632,-11.102,19.382,-21.039,-18.794,-4.4189,-0.81569,-0.23614,0.71336,22.591,32.922,11.675,12
-21.74,-5.9306,-4.439,0.36839,0.18838,1.872,-19.293,-3.5188,0.38776,-0.76173,0.36346,129.68,-10.104,33.438,-20.994,-18.786,-4.5955,-0.86471,-0.21561,0.6681,20.57,46.208,67.819,12
-21.713,-6.7918,-17.285,0.26374,-0.2763,-1.333,-19.211,4.6303,0.38776,-0.76173,0.36346,161.87,-1.0682,43.671,-21.118,-18.751,-1.1355,-0.86471,-0.21561,0.6681,-20.407,41.926,88.703,12
-21.989,6.5291,-6.2124,0.20513,-0.46468,-1.9562,-19.16,10.731,0.38776,-0.76173,0.36346,168.29,-4.0682,58.147,-21.168,-18.741,0.85459,-0.86471,-0.21561,0.6681,-38.919,-31.93,52.971,12
-21.936,3.888,-1.6501,0.26374,-0.35583,-7.6843,-0.38309,-8.6064,0.30427,-0.63227,0.61297,161.81,-102.9,39.64,-9.7273,-14.037,2.2565,-0.86471,-0.21561,0.6681,-40.807,-77.103,16.561,12
-21.763,-4.2985,-10.092,0.17164,-0.53166,19.578,-15.297,-18.767,0.30427,-0.63227,0.61297,68.544,-109.13,-16.441,-3.043,-6.617,3.3046,-0.8451,-0.2115,0.67672,-31.08,-55.907,-13.781,12
-21.687,-5.0516,-3.3915,0.075353,-0.5191,-5.9378,-3.0518,-11.118,0.30427,-0.63227,0.61297,16.866,209.92,9.3961,3.4151,-0.57977,4.0231,-0.8451,-0.2115,0.67672,-19.175,-14.444,-29.842,12
-12.165,-2.3351,-2.8944,0.10466,-0.42282,-10.059,-0.94015,-8.8663,0.27087,-0.51595,0.71513,-27.917,61.197,3.9868,6.794,4.4605,4.0459,-0.8451,-0.2115,0.67672,-9.573,30.129,-27.569,12
-2.0648,-0.80065,-0.78785,-0.11303,-0.55678,-2.1778,-0.53625,-7.0903,0.27087,-0.51595,0.71513,-52.278,-28.468,-2.2773,6.4076,7.7317,4.1678,-0.82353,-0.25667,0.6875,-3.9468,54.157,-14.7,12
2.825,1.6797,1.5196,-0.037677,-0.41444,-2.192,-2.8096,-6.7041,0.27087,-0.51595,0.71513,-68.18,-41.337,-1.6862,3.7011,7.2721,3.2074,-0.82353,-0.25667,0.6875,3.5363,48.426,-17.742,12
4.8691,3.0088,0.95501,-0.050235,-0.48561,-0.5457,-2.2558,-4.7849,0.27087,-0.51595,0.71513,-84.333,-57.138,1.248,3.6655,4.9583,1.8312,-0.82353,-0.25667,0.6875,14.907,18.49,-41.764,12
6.6865,4.5662,0.56886,-0.15908,-0.59864,3.8165,-2.3506,-4.371,0.30056,-0.606,0.61886,-96.396,-59.953,0.21866,3.7121,2.9694,-0.059863,-0.82353,-0.25667,0.6875,24.884,10.844,-70.369,12
4.4157,2.4479,-0.97969,-0.22187,-0.65725,6.0637,-3.8182,-4.5886,0.30056,-0.606,0.61886,-106.75,-22.052,-3.5607,2.4888,1.4356,-1.4386,-0.84706,-0.28131,0.61207,30.367,20.587,-88.768,12
0.19895,1.1634,-0.99003,-0.19676,-0.60701,4.9692,-4.6504,-3.6516,0.30056,-0.606,0.61886,-119.94,6.5205,-9.2104,0.28886,-0.47138,-2.1382,-0.84706,-0.28131,0.61207,32.014,41.607,-90.39,12
-3.3729,0.46186,-0.063696,-0.17164,-0.50654,5.6369,-5.7654,-2.284,0.3525,-0.76173,0.42829,-127.89,19.261,-15.095,-2.1854,-2.0547,-2.4673,-0.84706,-0.28131,0.61207,31.442,56.26,-77.551,12
-5.5341,-0.060651,-0.47914,0.07954,-0.31397,3.986,-4.9025,0.8364,0.3525,-0.76173,0.42829,-132.54,34.353,-22.368,-4.4058,-1.7821,-2.2141,-0.88431,-0.33676,0.53664,27.767,47.77,-59.128,12
-6.2947,-0.41516,-1.1426,2.6039,0.7619,-2.3044,-0.96748,2.2619,0.3525,-0.76173,0.42829,-126.97,35.031,-21.62,-4.6557,-0.64261,-2.2613,-0.88431,-0.33676,0.53664,19.172,32.072,-40.371,12
-3.1737,-0.40374,-0.17318,-0.33909,-0.70748,-6.3594,5.8859,-2.4985,0.3859,-0.84803,0.19843,-107.71,-10.116,-13.762,-4.1516,-0.26524,-1.5237,-0.88431,-0.33676,0.53664,10.8,20.721,-22.374,12
2.9115,-0.62626,0.89101,-0.37258,-0.66981,17.799,-9.338,23.628,0.3859,-0.84803,0.19843,-40.748,-127.67,-43.652,-2.3905,0.77424,-0.57587,-0.88431,-0.33676,0.53664,4.4871,17.828,-9.4748,12
5.622,0.21532,1.2615,-0.071167,-0.52329,19.565,-19.338,-18.938,0.3859,-0.84803,0.19843,-54.406,-177.07,-33.649,-0.79695,1.9359,-0.41362,-0.9098,-0.33881,0.5,0.73757,19.897,-5.9604,12
4.9694,0.51892,0.55197,-0.14233,-0.62794,-17.556,-9.761,7.0656,0.3859,-0.84803,0.19843,-43.978,115.49,15.886,-0.019093,2.7472,-0.27931,-0.9098,-0.33881,0.5,-1.2982,13.809,-17.854,12
0.93678,0.13078,-0.019809,-0.11722,-0.61957,0.32252,-19.167,9.0032,0.39889,-0.85366,0.12181,-11.009,-33.284,-6.0848,-0.54823,0.30838,0.83834,-0.9098,-0.33881,0.5,0.26718,8.765,-48.819,12
-2.7349,-0.63116,-0.22523,0.050235,-0.47305,2.449,-19.277,-2.9498,0.39889,-0.85366,0.12181,-31.422,-12.713,-17.571,-5.1533,-7.753,-0.30432,-0.89216,-0.37372,0.48922,7.8741,15.415,-102.16,12
-6.3093,-0.69599,0.66368,0.092098,-0.47305,4.5392,-17.7,-5.6208,0.39889,-0.85366,0.12181,-12.628,6.7318,-0.24766,-18.36,-18.754,-4.4169,-0.89216,-0.37372,0.48922,15.435,17.504,-157.99,12
-11.749,-0.94178,2.631,0.3349,-0.26374,2.8667,-18.528,-3.2831,0.43043,-0.86304,0.068762,5.8731,-16.022,2.7845,-21.011,-18.81,-6.0343,-0.89216,-0.37372,0.48922,34.041,-6.9951,-102.86,12
-21.869,0.53012,-5.1839,0.74516,0.041863,5.8843,-19.198,3.9218,0.43043,-0.86304,0.068762,22.815,-45.916,9.671,-20.989,-18.801,-6.0963,-0.89216,-0.37372,0.48922,13.492,-15.294,-27.736,12
-21.807,-2.5925,-15.086,1.2182,0.17164,5.4483,-19.155,7.3051,0.43043,-0.86304,0.068762,35.792,-44.578,16.324,-21.168,-18.761,-1.1464,-0.8451,-0.47844,0.48276,-20.089,19.824,20.339,12
-21.985,6.3063,-9.1798,1.1052,-0.037677,3.548,-14.278,5.832,0.43043,-0.86304,0.068762,22.161,-39.671,19.434,-21.165,-18.739,0.094297,-0.8451,-0.47844,0.48276,-29.303,-39.836,-1.9928,12
-21.955,4.3105,-6.5384,1.2643,0.23025,0.052098,-13.744,7.7925,0.38776,-0.87805,0.098232,-4.7256,-17.934,13.117,-11.733,-13.085,3.4603,-0.8451,-0.47844,0.48276,-16.417,-61.779,12.564,12
-21.842,-0.82979,-10.58,0.85819,-0.33072,6.2301,-11.484,-4.8035,0.38776,-0.87805,0.098232,-23.862,-73.89,-4.8445,-6.4351,-1.4036,6.6382,-0.83529,-0.47844,0.53879,-1.0745,-35.635,28.855,12
-21.769,-3.4755,-9.5759,0.80795,-0.29304,16.884,-10.561,2.2866,0.38776,-0.87805,0.098232,-20.427,-3.6489,-23.076,-2.5169,7.3412,7.1171,-0.83529,-0.47844,0.53879,9.4742,-22.056,36.15,12
-14.04,-1.5523,-4.266,0.40607,-0.427,-4.3653,-0.18218,19.406,0.41558,-0.88368,0.041257,11.969,102.08,-25.936,0.066432,11.669,5.8959,-0.83529,-0.47844,0.53879,16.269,-6.8072,43.354,12
-1.0936,2.1549,-3.4482,0.75772,-0.10884,-7.9721,2.4315,15.427,0.41558,-0.88368,0.041257,60.566,-10.514,-15.248,0.41566,11.41,4.008,-0.83529,-0.47844,0.53879,21.433,6.8473,34.656,12
6.7225,1.7559,1.8422,0.29304,-0.45631,-1.8561,0.9842,11.291,0.41558,-0.88368,0.041257,108.55,-18.333,-14.253,0.078622,8.4623,1.2252,-0.84706,-0.43737,0.5625,25.312,17.727,19.463,12
12.536,1.4626,2.6369,0.38932,-0.34328,-1.4276,-0.41634,8.8607,0.41558,-0.88368,0.041257,143.16,27.192,-6.5983,-0.61807,5.0226,-0.73845,-0.84706,-0.43737,0.5625,26.809,23.84,-2.9513,12
10.59,-0.19307,1.6142,0.427,-0.3977,0.10226,-5.2375,3.9683,0.44712,-0.80113,0.20825,169.46,50.599,1.0109,-1.479,1.9764,-2.3595,-0.84706,-0.43737,0.5625,26.061,20.869,-28.568,12
2.119,-0.39282,2.0068,0.56515,-0.25536,4.8349,-9.8707,-2.9139,0.44712,-0.80113,0.20825,175.98,74.937,0.34858,-2.5988,-0.326,-2.5996,-0.84706,-0.41273,0.55172,21.799,7.5374,-41.156,12
-1.8755,0.33994,1.5043,0.53585,-0.25118,-0.23906,-8.0952,-8.5322,0.44712,-0.80113,0.20825,148.65,106.22,2.8912,-3.686,-1.8983,-2.8345,-0.84706,-0.41273,0.55172,16.04,-11.82,-40.716,12
-1.6266,-0.48921,0.82966,0.38932,-0.31816,-3.6111,-7.3029,-18.412,0.36364,-0.62289,0.57564,103.55,19.882,8.1199,-3.01,-1.8173,-2.7263,-0.84706,-0.41273,0.55172,9.5621,-31.218,-26.933,12
-2.9058,-0.67039,-0.51297,0.28467,-0.32234,19.452,-6.3917,-18.375,0.36364,-0.62289,0.57564,6.9108,-335.48,-25.788,-2.2728,-0.9758,-2.58,-0.84706,-0.41273,0.55172,3.0964,-31.472,-4.3165,12
-2.1024,-0.4353,-0.99707,0.19676,-0.41026,6.9414,-18.987,23.11,0.36364,-0.62289,0.57564,-143.98,239.42,-2.112,-2.4569,-0.83823,-1.8232,-0.83529,-0.41273,0.59914,-1.5721,-31.54,20.501,12
-0.64506,0.43466,0.33386,0.29304,-0.37258,-21.919,20.695,0.19056,0.42115,-0.6379,0.51866,-138.41,50.742,-19.24,-1.3703,-0.24241,-1.2413,-0.83529,-0.41273,0.59914,-2.2954,-32.049,41.43,12
0.78754,1.0271,-0.90757,0.37258,-0.23025,10.292,-19.138,6.9793,0.42115,-0.6379,0.51866,-103.13,12.224,-9.8922,-1.4718,-0.16883,0.11656,-0.83529,-0.41273,0.59914,-2.091,-29.566,54.044,12
0.88394,2.2678,-0.64853,2.7462,0.78284,6.1139,-2.728,-0.52318,0.42115,-0.6379,0.51866,-72.867,31.004,-25.981,-1.6739,-3.8193,1.0695,-0.78431,-0.40041,0.65733,4.3569,-31.091,53.106,12
-0.84404,3.3129,-0.81763,0.46468,-0.25118,1.4269,-18.551,-9.5383,0.42115,-0.6379,0.51866,-12.277,-11.253,-17.968,-3.7803,-12.555,-0.47149,-0.78431,-0.40041,0.65733,16.212,-12.573,29.331,12
-2.3136,2.0419,0.56272,0.12559,-0.2763,3.374,-15.783,-7.9741,0.4731,-0.69606,0.3831,0.24987,4.2177,3.7046,-8.845,-18.693,-4.268,-0.78431,-0.40041,0.65733,26.678,28.687,-8.4176,12
-6.0324,-0.39993,0.62716,0.26792,-0.26374,3.9009,-15.536,-6.0607,0.4731,-0.69606,0.3831,35.368,2.9491,12.394,-21.009,-18.788,-4.7727,-0.78431,-0.40041,0.65733,28.068,77.886,30.829,12
-14.456,3.0852,-0.75391,0.51073,0.041863,2.6631,-16.779,-6.5936,0.4731,-0.69606,0.3831,74.981,4.7548,21.685,-20.97,-18.774,-4.397,-0.80784,-0.33676,0.64871,5.8144,24.886,98.784,12
-21.762,-3.8011,-11.353,0.6405,-0.24699,1.7282,-18.724,-4.0647,0.44527,-0.66604,0.44597,113.18,6.5746,36.055,-18.821,-18.724,-1.3841,-0.80784,-0.33676,0.64871,-27.356,-6.6944,156.2,12
-21.947,4.4391,-16.358,0.854,-0.45212,-0.046099,-19.271,-0.41195,0.44527,-0.66604,0.44597,144.43,8.8309,47.24,-17.559,-18.731,-0.11364,-0.80784,-0.33676,0.64871,-47.001,-50.224,139.27,12
-21.907,2.9244,-11.316,1.235,0.11303,-4.4444,-19.23,6.7337,0.44527,-0.66604,0.44597,163.58,16.529,52.696,-8.4325,-18.617,1.2879,-0.85294,-0.23203,0.64871,-41.702,-76.874,93.075,12
-22.01,8.057,-3.4643,1.1512,-0.22187,-4.0979,-9.3049,-2.7666,0.44527,-0.66604,0.44597,162.41,-28.78,37.732,-3.2056,-14.241,2.9338,-0.85294,-0.23203,0.64871,-29.526,-44.203,51.115,12
-21.96,4.5437,-9.6647,1.4275,-0.15489,16.25,-18.467,-18.959,0.35993,-0.51407,0.66994,87.809,-11.704,21.305,-1.3735,-6.8659,4.4067,-0.85294,-0.23203,0.64871,-20.537,-7.0297,20.598,12
-21.867,-0.10584,-10.273,1.7457,0.15908,1.4414,-4.3711,-15.329,0.35993,-0.51407,0.66994,17.815,237.25,13.866,0.8815,-0.86429,4.5714,-0.85294,-0.23203,0.64871,-19.426,14.286,11.743,12
-15.966,-1.1745,-6.6004,1.5322,0.21769,-6.0677,-0.19868,-7.9873,0.35993,-0.51407,0.66994,-36.036,-5.8782,9.8704,2.0036,3.1683,4.8251,-0.81765,-0.22587,0.72198,-21.461,8.3358,13.567,12
-3.7386,-0.44302,-0.8504,1.168,0.054422,3.6846,-0.69093,-6.7164,0.25046,-0.47655,0.76031,-62.864,-14.968,-10.426,2.57,5.4386,4.8553,-0.81765,-0.22587,0.72198,-19.683,-11.393,20.659,12
5.9772,0.63474,2.0992,0.89587,-0.1214,-4.2982,-3.1036,-6.3961,0.25046,-0.47655,0.76031,-86.145,-24.827,-10.583,4.1769,5.1572,2.7162,-0.81765,-0.22587,0.72198,-10.314,-26.017,19.548,12
6.9554,1.7265,1.987,0.77865,-0.19257,-3.076,-5.0251,-5.4799,0.25046,-0.47655,0.76031,-96.525,-60.319,-1.5067,5.7541,2.198,0.7974,-0.8098,-0.22382,0.73707,5.5557,-18.935,-0.42156,12
7.6067,1.9887,0.65267,0.9461,-0.14652,-1.3445,-5.6272,-2.3261,0.32653,-0.61351,0.5835,-102.49,-72.553,4.9399,5.6271,-0.015633,-0.56328,-0.8098,-0.22382,0.73707,20.96,13.447,-31.845,12
2.9051,0.19933,-0.86627,1.0298,-0.03349,-0.18507,-3.9106,0.031787,0.32653,-0.61351,0.5835,-111.83,-75.579,9.1973,3.1911,-0.56184,-1.1843,-0.8098,-0.22382,0.73707,32.649,51.249,-51.123,12
-1.1078,-0.16392,0.13262,0.93773,-0.096285,1.3851,-4.6616,0.1766,0.32653,-0.61351,0.5835,-117.35,-59.01,12.605,-0.9269,-1.1937,-1.3722,-0.8098,-0.22382,0.73707,36.729,64.282,-50.45,12
-2.6591,-0.37852,-0.16038,0.97122,-0.041863,4.8158,-6.569,0.52179,0.32653,-0.61351,0.5835,-118.65,-33.125,14.104,-3.5265,-1.6656,-2.5624,-0.84706,-0.22998,0.69397,34.362,42.997,-39.815,12
-5.4095,0.7798,-0.5614,0.95447,-0.054422,7.3622,-5.1433,2.504,0.41373,-0.77861,0.3556,-121.41,-1.9052,9.6622,-3.3326,-1.2118,-2.1752,-0.84706,-0.22998,0.69397,24.428,19.107,-24.973,12
-5.8612,0.63684,-0.85847,1.2098,0.11303,5.2876,-2.7062,4.6259,0.41373,-0.77861,0.3556,-124.59,43.815,7.5371,-2.5429,-0.12527,-1.5271,-0.84706,-0.22998,0.69397,11.256,12.495,-9.6471,12
-1.1209,-0.52252,-0.38387,0.85819,-0.20513,1.3873,1.0721,9.1925,0.41373,-0.77861,0.3556,-113.34,56.913,5.3051,-1.4447,1.2773,-1.2695,-0.87059,-0.22382,0.62284,1.5888,15.257,2.7673,12
4.7955,-0.38153,1.5341,0.65306,-0.53166,0.41598,7.8207,-17.928,0.35807,-0.89493,0.13556,-85.672,-35.841,-2.2572,-0.078669,2.1125,-1.7485,-0.87059,-0.22382,0.62284,-2.3491,16.438,8.0919,12
6.7538,1.2007,0.82385,0.86238,-0.13815,19.404,-0.32945,-18.093,0.35807,-0.89493,0.13556,-66.574,108.01,-25.145,0.78105,3.9033,-1.6694,-0.87059,-0.22382,0.62284,-2.9079,14.419,5.2128,12
4.195,1.868,0.22075,0.84563,-0.1842,-3.347,-19.122,13.521,0.35807,-0.89493,0.13556,3.8203,127.48,29.096,1.5864,5.4763,-1.372,-0.87059,-0.22382,0.62284,-5.395,17.057,-5.6936,12
1.6522,0.72179,0.18075,0.57771,-0.44375,6.6094,-19.126,10.183,0.35807,-0.89493,0.13556,3.7387,-29.212,-28.354,0.99622,6.3069,-1.3097,-0.88039,-0.21971,0.57974,-9.083,25.271,-22.817,12
-0.78544,0.383,0.30815,1.5113,-0.15489,-14.884,-19.311,5.5836,0.39703,-0.87242,0.086444,-62.19,21.723,3.1911,-1.0831,5.6754,-2.4558,-0.88039,-0.21971,0.57974,-14.059,30.351,-46.072,12
-2.408,-0.81207,1.0217,3.6421,1.3647,12.183,-10.621,-6.6488,0.39703,-0.87242,0.086444,-33.618,6.9417,-16.569,-6.2513,0.89743,-4.2572,-0.88039,-0.21971,0.57974,-15.55,42.864,-84.855,12
-4.0694,-1.5805,0.44723,0.36421,-0.81214,-3.4258,4.7968,-16.357,0.39703,-0.87242,0.086444,4.5298,10.597,-12.606,-17.821,-9.1756,-6.5629,-0.91373,-0.28131,0.51293,-13.451,55.277,-130.06,12
-8.0069,-2.6856,1.9688,0.71586,-0.47305,-0.53443,-4.4861,-10.99,0.44341,-0.87054,0.045187,29.574,8.6951,-11.068,-20.877,-18.855,-9.4844,-0.91373,-0.28131,0.51293,-21.372,71.076,-118.83,12
-16.279,0.81765,-3.0948,0.86238,-0.38514,4.7338,-17.778,-1.5395,0.44341,-0.87054,0.045187,51.273,18.386,5.7171,-20.774,-18.872,-13.246,-0.91373,-0.28131,0.51293,-42.047,-3.6715,8.221,12
-21.857,0.94329,-11.136,1.2391,0.16327,4.0971,-12.034,-6.4045,0.44341,-0.87054,0.045187,77.243,22.897,6.4513,-20.872,-18.816,-8.6492,-0.91373,-0.28131,0.51293,-71.61,-15.576,131.21,12
-21.847,-0.096063,-12.24,1.348,-0.087912,3.1998,-19.25,-0.29511,0.44341,-0.87054,0.045187,73.66,16.144,23.618,-21.012,-18.797,-3.6794,-0.92549,-0.35934,0.42457,-84.468,-44.689,201.65,12
-21.941,2.0885,-4.5278,1.4903,-0.10466,1.8366,-19.236,2.1816,0.39889,-0.84991,0.18075,53.085,-20.531,23.53,-21.106,-18.742,-1.2288,-0.92549,-0.35934,0.42457,-80.378,-84.484,237.14,12
-21.816,-0.089359,-9.8501,1.5322,-0.15908,3.0147,-19.17,6.7904,0.39889,-0.84991,0.18075,71.274,-34.291,30.952,-20.499,-18.701,0.86702,-0.92549,-0.35934,0.42457,-63.7,-86.321,251.57,12
-21.738,-6.5539,-8.7688,1.9466,0.26374,3.1033,-19.111,11.628,0.39889,-0.84991,0.18075,82.268,-25.96,31.515,-12.343,-14.65,2.9758,-0.92549,-0.16838,0.53233,-48.247,-85.059,229.85,12
-21.748,-6.0475,-5.8916,2.0178,0.26792,-1.3936,-7.9021,6.8201,0.36178,-0.82552,0.30648,62.899,-42.464,27.305,-4.7419,-10.102,5.7657,-0.92549,-0.16838,0.53233,-40.047,-90.833,205.16,12
-21.867,-0.069697,-6.8168,2.0304,0.12977,4.0047,-5.7231,3.931,0.36178,-0.82552,0.30648,28.983,-68.363,8.6177,4.2723,-6.1768,5.3162,-0.92549,-0.16838,0.53233,-27.001,-114.83,178.23,12
-16.796,1.4207,-8.3564,1.7834,0.18838,12.644,-4.9805,-8.9455,0.36178,-0.82552,0.30648,-9.2947,-146.51,-15.088,15.045,-2.789,3.1001,-0.92549,-0.16838,0.53233,-2.5162,-107.99,142.18,12
-10.561,0.76736,-6.4888,1.5322,0.075353,15.403,-3.7428,3.9356,0.42857,-0.81614,0.26523,-23.105,38.029,-30.077,19.133,1.4775,-0.24904,-0.82157,0.0,0.73491,22.244,-55.651,83.312,12
-2.9016,2.1495,-3.7118,1.348,0.23862,-8.8472,-2.0161,12.248,0.42857,-0.81614,0.26523,-0.13825,113.58,-19.459,19.131,3.455,-1.5043,-0.82157,0.0,0.73491,30.216,5.4089,8.4925,12
3.2889,4.2398,0.51843,1.415,0.23443,-7.1047,-0.069583,9.8734,0.42857,-0.81614,0.26523,34.08,8.283,-10.865,15.97,2.5813,-1.8709,-0.82157,0.0,0.73491,35.286,45.682,-60.762,12
8.7533,2.7412,2.3099,1.1177,-0.092098,-1.0009,-0.42942,4.5831,0.42857,-0.81614,0.26523,58.156,0.70284,-13.147,9.2399,0.50171,-2.8291,-0.79216,0.065708,0.77586,33.52,48.606,-114.98,12
9.8411,1.381,1.0296,1.1345,-0.15071,-3.105,-1.5119,2.2788,0.41744,-0.77486,0.35167,75.618,28.602,-5.5502,4.1016,-0.92744,-3.7443,-0.79216,0.065708,0.77586,23.569,23.006,-162.21,12
6.2997,1.1778,0.64284,0.88749,-0.29304,-3.7876,-1.3214,0.53147,0.41744,-0.77486,0.35167,80.066,25.988,2.6121,-0.071147,-2.9166,-3.6562,-0.79216,0.065708,0.77586,20.111,0.31845,-202.13,12
1.0998,1.0717,2.0122,0.97541,-0.32653,-1.3447,-2.3977,-1.1542,0.41744,-0.77486,0.35167,79.262,27.464,5.3551,-1.7202,-3.4883,-3.8307,-0.79216,0.065708,0.77586,11.22,-27.035,-224.05,12
-2.8919,0.65399,1.4062,1.235,-0.041863,-4.7099,-2.2661,-2.8479,0.37477,-0.66792,0.50295,70.694,38.192,8.1609,-1.7358,-3.5695,-2.9493,-0.79216,0.065708,0.77586,2.0343,-29.965,-217.71,12
-2.8279,-0.017636,-0.054219,1.2015,0.058608,-2.2814,-4.3589,-13.116,0.37477,-0.66792,0.50295,42.725,-18.409,7.8433,-1.9268,-4.1373,-1.7277,-0.79216,0.065708,0.77586,-2.7123,-1.9263,-195.34,12
-2.6391,-1.8819,-0.30621,1.1261,0.029304,3.2952,-4.2549,-16.576,0.37477,-0.66792,0.50295,7.5021,-4.6622,2.6383,-4.3194,-4.3756,-0.56253,-0.79216,0.065708,0.77586,-2.052,28.197,-158.81,12
-1.305,-1.418,1.104,0.93773,-0.20513,-2.328,-1.3541,-9.6639,0.37477,-0.66792,0.50295,-33.83,32.999,2.5111,-9.4578,-2.8546,0.54477,-0.78824,-0.25257,0.73922,2.0758,10.09,-114.14,12
1.2572,-0.74066,0.57545,0.97541,-0.25118,19.435,-2.479,-18.2,0.37106,-0.65103,0.5442,-89.83,-185.89,-32.131,-8.4364,-0.79852,0.14757,-0.78824,-0.25257,0.73922,5.2531,-31.242,-69.98,12
2.9294,0.49875,0.5291,1.101,0.44793,-5.1817,-19.047,22.985,0.37106,-0.65103,0.5442,-125.66,310.06,-23.243,-5.5187,1.7371,0.71186,-0.78824,-0.25257,0.73922,5.6628,-26.178,-35.004,12
2.5867,0.96639,-0.11302,0.61538,-0.41863,-9.1647,-4.6734,-9.9191,0.37106,-0.65103,0.5442,-84.628,5.9839,-43.1,-5.1027,3.2766,1.6638,-0.73529,-0.3306,0.75862,6.8323,1.0074,-1.3175,12
0.38473,0.46072,-1.2427,2.8927,0.24699,-3.566,-9.4627,0.26204,0.40074,-0.73358,0.4224,-36.153,4.3982,-34.386,-7.7294,2.9932,2.3163,-0.73529,-0.3306,0.75862,9.9092,21.442,30.67,12
-0.78442,0.33193,-0.64381,1.662,-0.32653,-8.0369,-19.282,1.518,0.40074,-0.73358,0.4224,-32.843,-0.589,-12.324,-11.728,-2.0107,1.9307,-0.73529,-0.3306,0.75862,9.4451,10.938,50.621,12
-0.59072,0.24314,-0.66233,0.47724,-0.71586,5.8353,-0.13481,-11.5,0.40074,-0.73358,0.4224,-35.147,-27.171,4.2936,-16.142,-11.305,0.48683,-0.73529,-0.3306,0.75862,7.4729,11.208,39.388,12
-0.80902,-1.9733,0.55925,0.66981,-0.44793,-0.3286,-11.344,-15.633,0.40074,-0.73358,0.4224,63.717,28.537,24.126,-21.131,-18.757,-0.72953,-0.77843,-0.27721,0.73707,-0.49143,22.671,-2.0416,12
-8.5961,-2.5206,3.0574,0.86238,-0.34328,-0.88756,-15.619,-7.4357,0.40074,-0.73358,0.4224,108.98,0.92854,31.577,-21.045,-18.742,-3.2496,-0.77843,-0.27721,0.73707,-4.4014,8.6904,29.789,12
-21.92,3.0841,5.0249,1.0173,-0.2135,1.5677,-19.28,-2.3025,0.40074,-0.73358,0.4224,148.8,0.89733,40.016,-21.026,-18.782,-4.2204,-0.77843,-0.27721,0.73707,-2.7421,-40.814,53.783,12
-21.471,-19.899,-18.401,0.90005,-0.66562,-6.2379,-19.218,4.9559,0.40074,-0.73358,0.4224,176.79,4.1036,51.546,-17.993,-18.717,-0.665,-0.79804,-0.24641,0.75,-17.045,-16.892,90.442,12
-21.84,-0.93176,-6.4418,1.2517,-0.34328,-6.6529,-19.193,9.3905,0.33952,-0.61726,0.59921,168.01,25.476,67.381,-11.417,-18.655,1.4631,-0.79804,-0.24641,0.75,-32.148,-37.036,75.54,12
-21.868,0.44612,-1.8335,1.4024,-0.36002,-4.2017,-5.5321,-18.558,0.33952,-0.61726,0.59921,124.84,-193.18,32.335,-1.0059,-11.825,1.4712,-0.79804,-0.24641,0.75,-32.984,-48.857,35.93,12
-21.722,-7.3315,-5.744,1.4443,-0.23862,19.404,0.71068,-18.041,0.33952,-0.61726,0.59921,49.931,-14.811,-21.774,7.0476,-4.6537,1.6319,-0.79804,-0.24641,0.75,-22.634,-19.264,-7.1193,12
-21.654,-6.2129,-5.4118,1.4233,-0.45631,-13.371,-1.8889,-17.603,0.31169,-0.47842,0.70334,-42.423,175.1,6.1681,11.649,1.1799,1.9861,-0.73529,-0.24846,0.79741,-15.116,32.43,-38.894,12
-10.859,-5.5465,-5.6992,1.5824,-0.23862,5.0766,-1.7983,-12.508,0.31169,-0.47842,0.70334,-90.815,-2.3946,-17.352,11.329,4.1565,2.6453,-0.73529,-0.24846,0.79741,-13.837,70.534,-56.578,12
-1.648,1.0862,-1.1759,1.3312,-0.32234,4.2055,-6.3295,-7.2119,0.31169,-0.47842,0.70334,-117.8,-23.226,-26.416,7.1629,3.3379,2.7919,-0.73529,-0.24846,0.79741,-8.8951,62.017,-86.719,12
6.0388,5.1329,1.8409,1.1638,-0.18838,3.401,-7.8262,-2.4198,0.31169,-0.47842,0.70334,-134.48,-23.609,-23.914,6.217,0.55913,0.91337,-0.80588,-0.32854,0.70474,2.1635,18.859,-126.5,12
8.4035,7.0985,2.5968,0.92098,-0.42282,0.18493,-5.9272,1.3409,0.3154,-0.63977,0.57367,-140.47,-23.916,-22.781,7.1446,-0.97497,-1.4967,-0.80588,-0.32854,0.70474,12.152,12.371,-166.31,12
8.6731,4.729,0.41509,0.96285,-0.47724,2.1013,-6.5293,0.5383,0.3154,-0.63977,0.57367,-137.51,-65.781,-25.163,4.4756,-3.2045,-2.4519,-0.80588,-0.32854,0.70474,18.174,40.035,-188.85,12
2.9449,2.754,-0.74161,0.96703,-0.34328,1.6596,-6.4319,1.3617,0.3154,-0.63977,0.57367,-129.21,-62.011,-25.078,-0.057781,-4.7582,-2.8212,-0.80588,-0.32854,0.70474,22.221,67.742,-190.85,12
-3.0703,1.4962,-0.16008,0.99634,-0.32234,0.54098,-4.7782,2.3811,0.42857,-0.77861,0.2888,-124.09,-50.869,-21.252,-5.4539,-4.5768,-3.6768,-0.75294,-0.49692,0.64871,20.159,58.957,-182.14,12
-4.6771,-0.99306,-0.32095,1.1722,-0.0083726,-2.2548,-0.35914,1.7095,0.42857,-0.77861,0.2888,-119.71,-31.647,-16.914,-7.5757,-2.6559,-3.5911,-0.75294,-0.49692,0.64871,10.825,23.294,-164.28,12
-4.9441,-1.7829,-0.39204,1.1387,-0.1842,-5.4529,3.8058,1.3753,0.42857,-0.77861,0.2888,-105.83,-17.841,-10.259,-6.538,0.42125,-2.8748,-0.75294,-0.49692,0.64871,-3.2466,16.451,-136.69,12
-3.5348,-2.0495,-0.60551,0.76609,-0.53166,8.3192,-4.0693,23.765,0.42857,-0.77861,0.2888,-57.288,-85.849,-21.805,-6.6413,3.4323,-2.7659,-0.7098,-0.62423,0.56897,-13.991,37.185,-106.79,12
-1.857,-1.5955,1.1301,0.97541,-0.025118,18.267,-19.04,13.772,0.50464,-0.82739,0.021611,34.214,36.355,26.802,-9.5689,7.4548,-2.5231,-0.7098,-0.62423,0.56897,-18.955,43.442,-84.929,12
4.0729,-0.11069,2.0111,0.88749,-0.52329,5.268,-19.007,23.102,0.50464,-0.82739,0.021611,-44.017,105.94,23.198,-13.42,9.8173,-1.2696,-0.7098,-0.62423,0.56897,-25.225,8.9138,-59.438,12
4.7353,1.1116,0.64741,0.6405,-0.74516,-0.92713,-19.162,8.5326,0.50464,-0.82739,0.021611,-25.282,3.9225,-11.655,-13.627,6.8296,0.95606,-0.7098,-0.62423,0.56897,-28.057,-22.933,-34.628,12
-1.1083,-0.13974,-0.26521,0.68655,-0.7033,-8.3633,-19.457,-14.973,0.4731,-0.82927,0.070727,-19.394,-9.3473,-15.392,-17.777,-4.7417,0.82541,-0.67059,-0.69405,0.50647,-16.595,-7.7706,-13.251,12
-6.0953,-1.2939,0.062496,0.61538,-0.64469,4.771,-6.8568,-12.41,0.4731,-0.82927,0.070727,0.5719,9.1686,-7.0295,-21.094,-18.759,-1.9484,-0.67059,-0.69405,0.50647,0.70701,16.841,-3.0424,12
-13.31,-2.183,0.9509,2.0555,-0.19257,7.9841,-11.265,-4.6917,0.4731,-0.82927,0.070727,24.414,-7.9506,4.4974,-21.032,-18.767,-3.6779,-0.67059,-0.69405,0.50647,28.646,45.923,101.92,12
-21.746,-6.1335,-9.4046,2.248,0.23443,9.1766,-17.883,-0.21907,0.47681,-0.83302,0.078585,38.948,-21.307,31.469,-20.943,-18.796,-5.6482,-0.72549,-0.65914,0.50216,27.084,33.363,169.16,12
-21.97,5.5597,-15.31,0.71167,-0.59445,1.6455,-19.212,5.5454,0.47681,-0.83302,0.078585,51.725,-34.646,26.729,-21.101,-18.741,-1.0516,-0.72549,-0.65914,0.50216,-11.162,32.817,203.42,12
-22.184,15.776,-11.938,1.3271,-0.087912,5.0316,-19.122,11.594,0.47681,-0.83302,0.078585,63.235,-12.559,28.154,-19.445,-18.706,1.398,-0.72549,-0.65914,0.50216,-49.67,-65.785,177.64,12
-22.054,9.7691,-11.089,1.3605,-0.34746,-1.1061,-14.189,5.8107,0.47681,-0.83302,0.078585,38.324,-3.686,34.191,-8.5697,-18.638,3.2035,-0.72549,-0.65914,0.50216,-54.245,-128.28,148.21,12
-21.806,-1.6,-16.355,1.3564,-0.25118,2.5976,-11.929,9.0545,0.42672,-0.84615,0.17092,10.533,-25.059,15.913,0.56089,-14.725,4.545,-0.80392,-0.50308,0.54095,-21.599,-131.18,109.18,12
-21.761,-4.3612,-10.898,1.3145,-0.51491,9.3736,-6.1458,-10.62,0.42672,-0.84615,0.17092,-33.857,-122.6,-8.6308,9.7874,-6.0789,5.1127,-0.80392,-0.50308,0.54095,21.444,-63.856,78.685,12
-17.761,-0.31073,-5.8806,1.1889,-0.44793,19.704,-14.128,-2.926,0.42672,-0.84615,0.17092,-35.235,-20.932,-16.835,11.256,2.2107,4.0689,-0.80392,-0.50308,0.54095,50.505,23.59,68.283,12
-9.7075,5.5789,-2.9505,1.6452,0.046049,-1.9279,-1.9749,13.403,0.43228,-0.84991,0.072692,-33.963,100.89,-23.129,8.8256,5.0879,2.7856,-0.79608,-0.40657,0.65948,64.076,52.119,49.136,12
-1.9752,4.8226,-3.4291,1.7038,0.046049,-6.5841,3.3615,15.363,0.43228,-0.84991,0.072692,3.784,29.503,-17.831,7.757,4.9346,0.45506,-0.79608,-0.40657,0.65948,68.763,36.113,14.011,12
5.207,0.76076,1.8579,1.9634,0.22187,-2.7599,5.0178,11.682,0.43228,-0.84991,0.072692,52.51,-1.993,-17.48,7.0735,5.052,-1.7995,-0.79608,-0.40657,0.65948,65.043,23.199,-28.895,12
13.63,-0.70808,2.6205,1.9341,0.2135,-1.0726,1.6508,7.6551,0.43228,-0.84991,0.072692,91.791,39.449,-9.1567,4.2582,2.7415,-2.8525,-0.79608,-0.40657,0.65948,52.96,17.675,-66.988,12
12.923,-1.1869,0.3037,1.6871,0.029304,-2.384,0.32507,4.7841,0.47124,-0.82364,0.15717,120.56,55.125,0.64509,3.1578,0.32964,-4.0356,-0.84314,-0.32649,0.64224,39.92,24.356,-101.61,12
4.664,-0.37065,1.3245,1.3312,-0.23443,-1.8123,-2.5149,1.9707,0.47124,-0.82364,0.15717,138.35,46.323,9.1795,-0.035785,-1.2904,-4.0437,-0.84314,-0.32649,0.64224,28.484,47.643,-125.54,12
-2.447,0.6312,3.12,1.2643,-0.18838,0.49075,-6.5172,1.7415,0.47124,-0.82364,0.15717,146.55,56.516,12.665,-5.9568,-2.5858,-3.5772,-0.84314,-0.32649,0.64224,17.054,35.724,-131.06,12
-2.8616,0.65587,0.23798,1.1847,-0.23862,-4.5999,-7.2758,2.1215,0.4026,-0.70169,0.46955,144.18,54.889,19.656,-8.7103,-2.2524,-3.2376,-0.83333,-0.41478,0.59914,5.2611,-30.441,-116.92,12
-5.1687,0.35351,-0.11555,1.0717,-0.34746,-2.9328,-7.8356,-10.296,0.4026,-0.70169,0.46955,116.22,-13.272,19.021,-5.3217,-1.4579,-2.7916,-0.83333,-0.41478,0.59914,-3.3931,-70.009,-89.62,12
-4.1356,-0.79327,-0.56613,0.98796,-0.36002,7.1506,-8.0561,-17.488,0.4026,-0.70169,0.46955,74.864,-84.602,1.5132,-3.2228,-0.082124,-2.2124,-0.83333,-0.41478,0.59914,-5.9003,-51.43,-49.062,12
-0.76662,-1.568,0.47993,1.0215,-0.41863,7.6284,-8.9677,-17.56,0.4026,-0.70169,0.46955,32.254,47.384,-4.1492,-2.999,1.5179,-1.2054,-0.83333,-0.41478,0.59914,-1.9779,-18.258,-12.853,12
1.8699,-1.0724,1.0298,1.4066,-0.11722,19.523,-12.8,-18.653,0.4026,-0.70169,0.46955,-202.14,-306.6,-91.015,-3.8172,3.1519,-0.81116,-0.74118,-0.49281,0.69181,3.5847,-0.59496,16.684,12
3.6693,0.37495,0.51796,1.3019,-0.1842,-21.445,-13.338,17.66,0.4026,-0.70169,0.46955,-139.76,333.87,1.7653,-4.3255,4.0085,-0.15374,-0.74118,-0.49281,0.69181,8.6371,1.9457,39.864,12
2.2162,1.3129,0.22342,1.0382,-0.25118,6.1628,-19.361,-14.302,0.4026,-0.70169,0.46955,-93.999,-114.84,-25.543,-3.2507,3.8374,0.74396,-0.74118,-0.49281,0.69181,10.965,1.3775,57.967,12
0.24281,0.99091,-0.86871,0.98378,-0.30141,6.6928,-8.3213,-6.3908,0.41187,-0.68293,0.47348,-87.209,44.175,-23.229,-3.4632,1.0675,0.75129,-0.76471,-0.42505,0.69181,10.852,8.0342,70.173,12
-0.79797,0.50473,-1.7756,0.94192,-0.28048,-6.0731,-19.287,1.9749,0.41187,-0.68293,0.47348,-24.955,-20.301,-4.4927,-6.3271,-7.0142,1.5764,-0.76471,-0.42505,0.69181,13.019,9.2662,50.348,12
-2.0157,1.2906,-2.7891,0.87075,-0.56515,4.5481,-8.0544,-10.388,0.41187,-0.68293,0.47348,-5.912,-2.5097,-7.5046,-8.4579,-18.685,-1.5072,-0.76471,-0.42505,0.69181,23.754,23.504,-3.3701,12
-3.3823,1.9456,1.0488,0.92936,-0.28048,1.7824,-14.633,-7.818,0.41744,-0.71482,0.44597,41.952,-3.1718,3.5217,-15.268,-18.708,-2.8312,-0.76471,-0.42505,0.69181,28.196,72.696,2.003,12
-14.56,6.305,5.4411,2.8634,0.31816,1.5685,-15.742,-5.8339,0.41744,-0.71482,0.44597,90.024,-8.9736,19.646,-21.004,-18.799,-4.9191,-0.80588,-0.36961,0.67026,10.188,49.275,55.668,12
-21.796,-3.6269,-8.6001,1.6996,0.087912,1.0145,-19.304,-5.6113,0.41744,-0.71482,0.44597,126.66,-19.432,37.776,-20.695,-18.736,-0.5722,-0.80588,-0.36961,0.67026,-26.358,-14.603,110.45,12
-21.795,-2.6546,-16.944,1.2057,-0.35165,-1.7448,-19.256,1.1656,0.41744,-0.71482,0.44597,153.98,-6.3104,53.982,-17.99,-18.684,0.56578,-0.80588,-0.36961,0.67026,-58.076,-80.459,99.282,12
-21.855,-0.18417,-3.4376,1.3773,-0.40188,-5.1822,-19.162,10.573,0.3692,-0.59662,0.59725,159.98,28.125,64.485,-6.3918,-18.621,0.93355,-0.81569,-0.31417,0.68103,-61.363,-121.99,63.169,12
-22.053,10.22,-9.7013,1.235,-0.47724,-1.7236,-6.6825,-15.778,0.3692,-0.59662,0.59725,121.45,-92.224,49.287,0.46173,-14.226,2.3512,-0.81569,-0.31417,0.68103,-52.103,-75.687,37.982,12
-21.883,1.2122,-10.775,1.0424,-0.7033,19.561,-15.653,-18.775,0.3692,-0.59662,0.59725,52.874,-75.208,6.4767,2.505,-5.2674,4.2575,-0.81569,-0.31417,0.68103,-41.175,-24.179,9.1656,12
-21.825,-2.1778,-10.101,1.1261,-0.56934,-5.0348,-1.2474,-11.873,0.34508,-0.46529,0.71316,-4.7475,130.14,19.861,6.1345,0.66961,4.9606,-0.81569,-0.31417,0.68103,-33.576,-0.29843,-8.9718,12
-15.48,-4.8023,-4.948,1.0675,-0.60283,0.87814,2.3878,-7.7572,0.34508,-0.46529,0.71316,-58.691,-1.7984,0.90321,8.0517,5.3184,4.8388,-0.73137,-0.36961,0.74569,-26.025,18.678,-9.3715,12
-3.0168,-2.1888,0.70827,0.95447,-0.46886,5.0204,-4.3611,-6.4074,0.34508,-0.46529,0.71316,-95.329,-37.212,-11.286,6.2946,6.5865,3.6522,-0.73137,-0.36961,0.74569,-15.067,19.363,-20.712,12
7.5629,0.13925,2.7283,0.99634,-0.47305,5.7306,-6.5139,-3.8621,0.34508,-0.46529,0.71316,-119.86,-18.251,-17.767,5.8219,5.026,1.595,-0.73137,-0.36961,0.74569,-1.2328,2.3958,-52.034,12
9.2039,3.4433,3.2573,1.2643,-0.41026,0.85761,-5.6095,-3.5219,0.32282,-0.57974,0.63261,-134.93,2.2667,-14.929,6.0654,1.6527,-0.72986,-0.72941,-0.42505,0.7069,10.749,15.698,-89.112,12
10.412,4.1468,0.78374,1.5029,-0.23443,0.070852,-7.0201,-2.9961,0.32282,-0.57974,0.63261,-145.17,-25.154,-16.47,4.1858,0.01136,-1.864,-0.72941,-0.42505,0.7069,19.35,49.877,-110.94,12
5.4177,1.8422,-1.0237,1.3898,-0.28885,1.5451,-7.1145,-0.55902,0.32282,-0.57974,0.63261,-146.61,-25.323,-16.584,0.10816,-0.27514,-2.5138,-0.72941,-0.42505,0.7069,21.134,84.673,-114.14,12
1.395,-0.56025,-0.15569,1.1973,-0.31397,0.2402,-5.7932,0.87941,0.39889,-0.77298,0.37525,-144.9,-19.468,-19.418,-5.827,-0.91129,-2.1289,-0.72941,-0.42505,0.7069,16.556,75.702,-108.37,12
-2.2726,1.0021,1.5534,0.94192,-0.40188,-2.948,-4.4173,2.8226,0.39889,-0.77298,0.37525,-137.11,-12.941,-14.444,-8.2413,-0.15904,-1.9038,-0.77451,-0.49692,0.63147,6.5928,30.918,-95.845,12
-6.8112,1.6689,-0.97611,0.82889,-0.43956,-5.4677,0.953,5.2013,0.39889,-0.77298,0.37525,-129.15,-30.268,-8.9469,-6.6406,1.6281,-1.1894,-0.77451,-0.49692,0.63147,-7.6426,7.7367,-68.822,12
-9.1564,0.2466,-1.4936,0.83307,-0.2428,-7.3101,6.3669,6.9848,0.43414,-0.83677,0.078585,-102.45,-41.177,3.3265,-5.7453,3.5865,-0.35193,-0.77451,-0.49692,0.63147,-17.806,14.727,-33.355,12
-3.6833,1.3359,-1.9219,0.57352,-0.7619,-6.6366,-8.169,10.827,0.43414,-0.83677,0.078585,-69.681,-132.15,12.239,-6.5759,6.1681,-0.1916,-0.76471,-0.58111,0.55603,-21.999,26.326,-2.8693,12
3.9256,1.1937,1.7285,1.0256,-0.23862,5.3978,-19.012,-19.032,0.43414,-0.83677,0.078585,-5.609,255.29,0.44533,-8.3864,8.3244,-0.56295,-0.76471,-0.58111,0.55603,-21.938,14.478,10.247,12
5.8883,1.5463,0.7497,0.81633,-0.59445,-13.85,-19.073,21.408,0.43414,-0.83677,0.078585,-28.807,221.57,63.728,-7.8276,7.4577,-1.2313,-0.76471,-0.58111,0.55603,-24.075,-1.736,20.113,12
2.5514,-1.8128,-1.0158,0.8247,-0.64887,1.2351,-19.07,17.705,0.44712,-0.85929,0.041257,15.717,-6.2122,-6.4571,-12.18,1.1561,-1.3901,-0.76471,-0.58111,0.55603,-23.652,22.608,41.178,12
-1.6449,-1.593,0.077684,0.72841,-0.55678,-7.8835,-19.313,-2.5653,0.44712,-0.85929,0.041257,-15.406,-1.6808,-9.9204,-21.101,-10.97,-3.9651,-0.76863,-0.57906,0.49353,-23.573,12.513,66.19,12
-5.8203,-0.90273,1.624,0.59027,-0.66143,3.2218,-15.983,-10.131,0.44712,-0.85929,0.041257,-13.35,13.895,5.7557,-20.901,-18.837,-8.6918,-0.76863,-0.57906,0.49353,-24.734,-31.699,108.49,12
-11.397,-1.3835,2.7071,0.65306,-0.61538,6.7638,-12.44,-4.4294,0.44156,-0.84615,0.041257,5.8205,0.67574,10.555,-20.929,-18.811,-7.1072,-0.76863,-0.57906,0.49353,-16.725,-38.776,207.27,12
-21.771,-4.4002,-2.9644,0.45631,-0.60701,6.7502,-16.812,-0.971,0.44156,-0.84615,0.041257,21.25,-21.13,19.7,-20.535,-18.792,-7.2209,-0.84902,-0.46201,0.51293,-12.624,-5.6564,238.43,12
-21.761,-4.3876,-11.279,1.2977,-0.23862,1.6128,-19.204,4.3163,0.44156,-0.84615,0.041257,41.628,-30.141,14.332,-16.097,-18.782,-5.1683,-0.84902,-0.46201,0.51293,-13.797,20.652,200.24,12
-21.921,2.6033,-11.545,3.3741,0.53166,2.6035,-19.172,8.5258,0.44156,-0.84615,0.041257,47.611,-5.4302,19.448,-15.075,-18.673,-2.2878,-0.84902,-0.46201,0.51293,-34.734,9.5044,135.31,12
-22.042,8.6458,-7.8324,0.77446,-0.56515,0.79061,-15.3,6.6179,0.40816,-0.86679,0.084479,20.613,-22.408,22.9,-12.423,-18.69,1.9926,-0.84902,-0.46201,0.51293,-58.168,-53.81,78.075,12
-21.851,0.14956,-12.565,0.82889,-0.68237,2.9625,-14.822,4.8927,0.40816,-0.86679,0.084479,-9.8835,-25.956,10.558,-6.2344,-10.543,4.6603,-0.92353,-0.29979,0.51724,-58.381,-110.94,63.119,12
-21.809,-3.0046,-11.249,0.85819,-0.46468,8.8121,-7.6963,-12.203,0.40816,-0.86679,0.084479,-35.582,-83.497,-11.296,4.059,-3.8767,6.327,-0.92353,-0.29979,0.51724,-33.97,-129.51,64.154,12
-17.551,-2.7548,-7.7321,1.0508,-0.25118,13.348,-6.8162,5.5114,0.39703,-0.8818,0.037328,-25.795,33.836,-24.642,11.806,2.4266,5.663,-0.92353,-0.29979,0.51724,1.4984,-83.555,48.88,12
-2.1648,-1.3559,-1.9326,1.101,-0.041863,-9.9511,1.5423,15.613,0.39703,-0.8818,0.037328,1.3874,84.023,-16.164,13.315,6.8157,4.57,-0.80784,-0.28337,0.71121,28.664,-6.0997,17.602,12
3.9185,1.5473,-0.30285,0.83307,-0.41026,-7.88,5.5508,14.49,0.39703,-0.8818,0.037328,45.644,-22.108,-11.226,9.0485,6.1899,2.9866,-0.80784,-0.28337,0.71121,45.817,39.49,-16.085,12
7.4039,0.51286,2.583,0.85819,-0.427,-2.6508,5.3746,11.721,0.39703,-0.8818,0.037328,91.788,-14.312,-9.0519,4.6379,4.2067,0.66867,-0.80784,-0.28337,0.71121,51.984,45.83,-47.433,12
9.1588,1.1528,1.9564,1.0131,-0.23025,-2.1806,2.8646,7.2568,0.45826,-0.86304,0.10413,129.03,41.829,1.1859,0.54373,2.2845,-0.55244,-0.80784,-0.28337,0.71121,47.608,39.098,-71.641,12
7.123,1.9311,1.8896,1.3982,-0.029304,-1.6958,-1.4006,3.5068,0.45826,-0.86304,0.10413,153.8,54.242,11.822,-2.7304,-0.18593,-1.5926,-0.85294,-0.25257,0.6681,39.632,31.406,-86.525,12
1.6725,1.2219,2.71,1.4401,0.0041863,3.7268,-6.2661,1.1094,0.45826,-0.86304,0.10413,163.2,66.808,17.136,-4.2826,-0.99248,-2.2475,-0.85294,-0.25257,0.6681,29.027,30.193,-91.418,12
-1.2515,-0.55422,1.6449,1.3438,0.020931,4.6132,-9.6782,-3.4586,0.39332,-0.73171,0.43222,152.07,111.32,15.182,-6.6845,-1.0517,-2.1672,-0.85294,-0.25257,0.6681,17.661,24.606,-80.759,12
-2.411,-1.6732,0.25994,1.1303,-0.071167,1.2439,-8.8431,-13.023,0.39332,-0.73171,0.43222,114.35,82.893,15.066,-8.5911,-1.0495,-1.9483,-0.86863,-0.29363,0.60991,8.8871,-8.9581,-52.079,12
-3.5121,-2.172,-1.4586,0.94192,-0.15071,4.9924,-7.5915,-18.559,0.39332,-0.73171,0.43222,62.592,-19.892,7.4608,-6.4767,0.61354,-1.6464,-0.86863,-0.29363,0.60991,2.8526,-37.896,-11.838,12
-3.3009,-2.1244,-0.95962,0.81633,-0.083726,19.606,-19.328,-18.937,0.35622,-0.61726,0.5835,-168.5,-321.25,-93.273,-3.7672,2.1785,-1.1515,-0.86863,-0.29363,0.60991,0.92501,-33.172,23.094,12
-1.2532,-0.47118,0.41023,0.87075,-0.1842,-16.104,-13.412,23.127,0.35622,-0.61726,0.5835,-131.3,238.93,-27.613,-2.432,3.6485,-1.1509,-0.86863,-0.29363,0.60991,1.9648,-18.956,48.243,12
0.97615,1.1923,-0.071641,0.97122,0.054422,11.533,-17.199,-18.953,0.35622,-0.61726,0.5835,-109.89,-109.36,-19.364,-2.268,5.4811,-0.89261,-0.82549,-0.30185,0.67026,3.5481,-4.2522,68.345,12
1.8647,1.7161,-0.045554,0.69492,-0.48561,-10.288,-19.185,10.188,0.35622,-0.61726,0.5835,-43.011,123.92,7.7019,-5.3384,3.8865,0.65266,-0.82549,-0.30185,0.67026,3.1901,13.803,76.821,12
1.7777,3.5387,-0.57625,0.9168,-0.15489,7.0097,-13.482,-15.573,0.35065,-0.75797,0.42633,-42.966,-13.882,-29.882,-14.55,-6.4285,0.14732,-0.82549,-0.30185,0.67026,4.9916,14.418,67.465,12
-0.73791,4.0672,0.61868,1.0298,0.20094,6.5927,-14.189,-8.9977,0.35065,-0.75797,0.42633,25.134,-30.16,-13.477,-20.909,-18.834,-8.4209,-0.85686,-0.22382,0.67026,3.5616,33.001,54.976,12
-6.2373,0.75554,3.0575,0.62794,-0.3056,1.4435,-15.914,-5.2396,0.35065,-0.75797,0.42633,72.984,-0.54636,22.067,-20.819,-18.848,-10.765,-0.85686,-0.22382,0.67026,11.985,49.497,115.99,12
-18.915,1.8081,8.3522,0.98796,0.17582,2.3033,-19.29,-4.2644,0.37291,-0.70544,0.47544,115.81,2.6951,38.638,-20.772,-18.856,-11.641,-0.85686,-0.22382,0.67026,1.0179,-5.9269,152.43,12
-21.59,-13.421,-17.84,0.60283,-0.76609,1.2983,-19.224,0.40597,0.37291,-0.70544,0.47544,149.61,17.036,54.99,-20.929,-18.808,-6.7737,-0.85686,-0.22382,0.67026,-23.798,-9.9885,157.02,12
-21.883,1.7221,-12.277,1.0215,-0.58189,-3.9225,-19.177,10.002,0.37291,-0.70544,0.47544,167.72,28.598,59.13,-12.976,-18.709,-1.8834,-0.88824,-0.067762,0.62716,-43.604,-51.59,78.705,12
-21.992,7.6827,-5.4138,1.0005,-0.35583,-5.1497,-1.9702,-12.858,0.37291,-0.70544,0.47544,156.57,-87.804,45.654,-2.3529,-13.501,0.92913,-0.88824,-0.067762,0.62716,-43.144,-59.507,13.451,12
-21.943,4.2121,-8.8104,1.9592,-0.45212,19.596,-19.328,-18.948,0.27458,-0.53283,0.70727,55.11,-57.248,-7.889,4.0956,-6.3573,3.2655,-0.88824,-0.067762,0.62716,-35.43,-24.196,-41.261,12
-21.817,-1.0622,-6.5061,1.6243,-0.43956,-11.909,-3.7141,-12.003,0.27458,-0.53283,0.70727,-1.1119,145.52,12.997,6.6842,-1.9914,4.8588,-0.85294,-0.086242,0.70905,-31.116,12.245,-58.868,12
-16.146,-2.3018,-6.1651,0.40188,-0.61538,2.3284,0.94834,-11.106,0.27458,-0.53283,0.70727,-59.26,-9.4991,-4.2032,7.2328,1.9027,5.2722,-0.85294,-0.086242,0.70905,-26.11,28.165,-58.927,12
-7.6507,-2.3145,-2.4609,0.35165,-0.67399,2.0179,-2.594,-6.922,0.21336,-0.5122,0.72299,-90.676,-9.7354,-15.982,5.4257,2.7955,4.546,-0.85294,-0.086242,0.70905,-16.797,25.857,-62.688,12
2.3631,1.0385,1.5461,0.41026,-0.37258,0.56619,-5.9553,-4.4379,0.21336,-0.5122,0.72299,-107.98,-24.425,-16.788,5.5078,0.46252,2.2523,-0.85294,-0.086242,0.70905,0.054665,5.4665,-88.501,12
8.4296,4.2774,3.9218,0.36002,-0.50235,0.090943,-5.7799,-0.76725,0.21336,-0.5122,0.72299,-115.61,-41.229,-15.169,6.5494,-0.6842,-0.41963,-0.86667,-0.18891,0.67026,17.72,12.623,-117.46,12
11.764,3.2051,1.3516,0.47305,-0.4898,1.7702,-4.684,0.9085,0.28757,-0.6848,0.5501,-114.56,-60.873,-14.128,4.8902,-1.4851,-1.5118,-0.86667,-0.18891,0.67026,27.144,39.356,-138.84,12
7.692,0.75217,-0.85862,0.48142,-0.52329,3.5137,-3.6756,0.75761,0.28757,-0.6848,0.5501,-113.07,-62.722,-15.437,0.58753,-1.9593,-1.9313,-0.86667,-0.18891,0.67026,32.306,70.856,-141.58,12
0.98626,0.18215,-0.05729,0.71167,-0.38514,2.705,-3.768,1.422,0.28757,-0.6848,0.5501,-107.06,-55.443,-17.506,-3.3797,-1.6812,-2.1153,-0.8549,-0.29979,0.58621,29.039,67.277,-139.8,12
-1.462,0.87621,0.8157,0.94192,-0.11722,2.8837,-3.0729,1.6252,0.28757,-0.6848,0.5501,-101.03,-38.439,-19.817,-5.7339,-0.37081,-2.081,-0.8549,-0.29979,0.58621,19.289,43.803,-137.6,12
-4.1671,1.2853,0.63147,1.101,0.0,2.5456,-2.5845,0.95873,0.41373,-0.78799,0.29666,-101.05,-1.9253,-19.172,-5.3241,0.89837,-2.1634,-0.8549,-0.29979,0.58621,7.2699,26.808,-125.03,12
-4.371,0.87333,-0.79508,1.0005,-0.14652,-1.8183,-1.2618,-0.43544,0.41373,-0.78799,0.29666,-103.49,10.943,-16.077,-5.4105,1.6713,-0.87477,-0.8549,-0.29979,0.58621,-2.5572,31.537,-97.478,12
-5.6418,-0.2355,-0.27383,0.83307,-0.092098,-0.020757,-8.1127,-13.25,0.41373,-0.78799,0.29666,-106.85,-107.92,-12.368,-6.454,3.1176,-0.23995,-0.8549,-0.29979,0.58621,-8.4258,37.135,-69.854,12
-0.63702,-1.4822,0.10871,0.9461,0.041863,-16.142,-4.1708,23.515,0.46939,-0.82552,0.08055,-63.236,239.53,-10.077,-6.7484,5.428,-0.19735,-0.8549,-0.29979,0.58621,-13.916,26.724,-45.672,12
3.7209,-0.69092,1.0957,0.56096,-0.45212,19.771,-19.14,0.84488,0.46939,-0.82552,0.08055,32.661,74.536,-35.742,-6.406,8.5369,-0.31274,-0.8549,-0.29979,0.58621,-24.823,13.223,-27.343,12
