4.5039,1.5713,-2.1217,-0.32653,0.82889,-8.4581,-19.171,13.592,-0.32839,-0.30206,-0.94892,-57.27,-42.547,-46.481,-21.095,-18.736,0.4278,-0.4902,-0.84805,-0.4181,4.9073,-173.54,454.9,12
9.7957,2.6396,-0.6256,-0.11722,0.77865,2.8254,-19.27,-8.154,-0.36178,-0.22139,-0.95481,-12.049,-100.25,-19.536,-10.012,-17.644,-3.3718,-0.4902,-0.84805,-0.4181,-16.443,-243.89,349.4,12
7.959,-0.47554,0.96773,0.22187,1.1847,7.3728,-15.58,4.3572,-0.36178,-0.22139,-0.95481,0.62869,-119.09,-8.9227,2.8127,-6.9212,-6.1169,-0.4902,-0.84805,-0.4181,-43.684,-257.08,255.13,12
3.7126,-2.2949,0.87767,0.14652,1.3019,4.6538,1.9379,-8.1899,-0.36178,-0.22139,-0.95481,-11.378,-74.932,-5.8052,12.913,-4.2965,-4.6523,-0.4902,-0.84805,-0.4181,-51.855,-194.45,212.82,12
-0.15169,-3.5264,0.97736,0.058608,1.2852,4.5546,-13.922,4.8078,-0.36178,-0.22139,-0.95481,-16.484,-167.73,-10.114,16.007,-2.9524,-5.2414,-0.4902,-0.84805,-0.4181,-57.818,-108.55,121.59,12
-2.3254,-2.4192,1.2138,-0.21769,0.72423,9.8966,-0.30803,10.781,-0.36178,-0.22139,-0.95481,28.256,-69.09,-9.2537,19.531,2.3252,-14.477,-0.97843,-0.13142,0.4375,-67.449,-84.186,43.897,12
-2.2508,-0.5929,1.4835,-0.27211,0.67818,-0.2311,1.1359,8.6378,-0.36178,-0.22139,-0.95481,79.065,65.631,-6.1337,19.561,3.3353,-15.469,-0.97843,-0.13142,0.4375,-83.719,66.167,-55.044,12
-0.79501,-0.6533,0.8991,-0.45631,0.427,-2.4869,1.1646,6.5542,-0.36178,-0.22139,-0.95481,116.79,76.63,-0.071783,13.415,-1.0847,-9.4709,-0.97843,-0.13142,0.4375,-96.719,166.51,-106.13,12
1.5389,-0.17943,1.2996,-0.45212,0.55259,0.85491,-0.40138,2.4364,-0.57699,-0.36023,-0.86444,150.19,75.929,5.7608,6.6794,-0.70744,-4.7437,-0.98824,-0.26899,0.24353,-96.872,133.25,-184.14,12
3.3158,-0.63789,2.4584,-0.49817,0.5484,3.3506,-3.796,-1.3855,-0.57699,-0.36023,-0.86444,170.44,98.112,10.473,4.6496,-1.8371,-2.7064,-0.98824,-0.26899,0.24353,-87.299,103.12,-246.82,12
3.2824,-2.5061,0.3534,-0.43956,0.77028,3.1409,-6.4014,-2.5178,-0.57699,-0.36023,-0.86444,182.77,125.14,14.718,0.65657,-2.9623,-2.2314,-0.98824,-0.26899,0.24353,-61.155,96.323,-301.83,12
1.1588,-1.8795,-0.79021,-0.38514,0.74516,-1.7041,-8.4396,-4.3557,-0.44156,-0.63602,-0.77603,186.43,129.88,19.071,-3.6635,-2.8992,-2.9158,-0.98824,-0.26899,0.24353,-57.879,46.954,-317.15,12
0.03899,0.070722,-0.97258,-0.65725,0.2135,-4.371,-10.683,-5.9425,-0.44156,-0.63602,-0.77603,166.23,52.466,24.433,-5.8491,-5.2428,-2.283,-0.87451,-0.61807,-0.045259,-56.584,-3.1268,-314.82,12
-2.5117,1.3422,-2.3845,-0.79958,0.23862,5.2463,-11.94,-11.795,-0.44156,-0.63602,-0.77603,118.72,-41.371,7.8518,-5.1477,-6.6386,-1.8632,-0.87451,-0.61807,-0.045259,-53.232,-27.003,-285.27,12
-3.5655,-0.51509,-0.5411,-0.75772,0.25118,9.0954,-6.0006,-17.886,-0.44156,-0.63602,-0.77603,80.6,-42.09,2.8493,-3.3571,-7.9976,-0.76447,-0.87451,-0.61807,-0.045259,-47.021,19.672,-221.35,12
-0.049999,-1.5405,-0.54917,-0.72423,0.31397,8.16,-0.92735,-14.517,-0.45826,-0.80675,-0.52456,41.557,-22.801,-7.3852,-9.4244,-10.729,5.0573,-0.65294,-0.85832,-0.16164,-28.071,83.37,-130.28,12
2.1729,-0.060599,-0.85809,-0.90842,0.15908,6.9581,-1.1849,-13.542,-0.45826,-0.80675,-0.52456,0.81534,-31.201,-15.144,-12.912,-8.5076,9.2413,-0.65294,-0.85832,-0.16164,1.3312,79.262,-39.755,12
-12.289,0.3244,2.745,1.3145,1.5071,2.8732,-1.6274,-11.251,-0.45826,-0.80675,-0.52456,-25.589,-38.643,-25.509,-10.311,-4.8435,5.6537,-0.65294,-0.85832,-0.16164,27.624,69.422,55.093,12
-21.725,-8.2184,-16.045,1.3773,2.8048,10.516,-11.117,-18.68,-0.46568,-0.84615,-0.4833,-63.291,-115.51,-44.332,-16.338,-3.4059,4.413,-0.65294,-0.85832,-0.16164,56.229,93.296,166.26,12
-21.965,3.813,-16.394,-1.3857,0.19676,-16.968,-19.211,12.526,-0.46568,-0.84615,-0.4833,-113.32,234.34,-19.269,-21.601,-8.6641,11.588,-0.61765,-0.85421,-0.26078,77.114,117.19,326.36,12
-21.888,1.4635,-0.56302,-1.1094,0.11303,1.1447,-19.037,22.987,-0.46568,-0.84615,-0.4833,-187.48,127.01,-20.32,-21.647,-11.29,15.998,-0.61765,-0.85421,-0.26078,111.09,50.209,413.27,12
-21.711,-6.8978,-8.6945,-1.1052,0.4898,-11.386,-19.088,22.932,-0.46568,-0.84615,-0.4833,-80.995,152.0,46.42,-21.613,-14.328,16.2,-0.61765,-0.85421,-0.26078,150.24,-20.701,475.78,12
-21.754,-5.2134,-5.4692,-1.1387,-0.13815,0.46364,-5.7001,-18.52,-0.38404,-0.74859,-0.7387,-85.148,-17.13,-13.71,-21.361,-18.598,11.247,-0.93333,-0.49076,-0.084052,171.55,-133.63,456.39,12
-14.549,-1.3614,-0.62779,-1.0089,0.16745,-0.92979,-15.004,-18.187,-0.38404,-0.74859,-0.7387,29.657,1.1713,-7.8199,-18.936,-15.284,9.6316,-0.93333,-0.49076,-0.084052,157.0,-134.58,329.03,12
-3.2035,0.5775,1.673,-0.9461,0.12977,-1.1157,-15.374,-12.655,-0.38404,-0.74859,-0.7387,94.755,-24.801,-5.6875,-16.014,-6.301,7.9037,-0.93333,-0.49076,-0.084052,95.712,-87.679,166.33,12
11.758,1.9893,-1.3157,-0.74935,0.16327,-1.9893,-19.328,-6.0175,-0.36549,-0.78987,-0.71709,156.03,-58.074,21.703,-10.481,1.6748,7.4796,-0.93333,-0.49076,-0.084052,3.4789,24.731,44.588,12
19.063,-1.6502,-10.864,-0.30141,0.52329,-10.686,-19.246,7.035,-0.36549,-0.78987,-0.71709,200.74,-67.879,47.602,-10.493,4.2933,10.329,-1.0157,-0.20123,0.2069,-70.266,64.933,-74.257,12
14.703,3.2412,-7.3925,-0.30979,0.65306,-11.197,-7.9848,-12.345,-0.36549,-0.78987,-0.71709,206.64,-76.011,37.464,-4.9464,-0.75204,8.7957,-1.0157,-0.20123,0.2069,-91.829,27.197,-167.09,12
-0.8968,2.9209,-2.074,-0.49398,0.62376,2.1359,-19.439,-19.117,-0.5102,-0.87617,-0.29077,9.6733,-247.07,8.4821,3.1842,-4.7124,1.7644,-1.0157,-0.20123,0.2069,-71.485,-56.966,-214.58,12
-13.711,-1.3338,-0.53057,-0.8247,0.30979,19.078,3.9199,-17.915,-0.5102,-0.87617,-0.29077,14.276,4.4444,11.503,8.3015,-4.9905,-4.0516,-0.97255,-0.40452,0.15733,-63.587,-39.115,-200.16,12
-18.661,-4.3455,-0.2753,-1.0089,0.22606,6.8502,1.9674,-18.114,-0.5102,-0.87617,-0.29077,-85.713,56.086,35.208,8.1154,-0.25429,-6.4294,-0.97255,-0.40452,0.15733,-57.085,18.621,-173.17,12
-5.1382,-2.1816,1.9089,-1.0298,0.18838,0.54126,-7.5228,-15.642,-0.5102,-0.87617,-0.29077,-148.02,84.783,24.19,5.0314,5.5809,-4.9085,-0.97255,-0.40452,0.15733,-51.209,31.713,-164.88,12
5.6786,-0.59662,2.7147,-1.0801,0.029304,-9.378,-13.91,-6.8101,-0.53803,-0.83302,-0.40668,-174.37,28.166,5.9474,3.8517,4.2021,-2.7899,-0.97255,-0.40452,0.15733,-51.038,-5.0073,-170.65,12
11.572,-0.33579,0.70662,-0.85819,0.92517,-4.991,-11.081,-6.104,-0.53803,-0.83302,-0.40668,-199.5,-53.234,7.264,3.7996,2.7244,-2.5617,-0.86471,-0.63244,0.060345,-52.769,-16.542,-182.48,12
9.6618,-0.26036,-0.66554,-1.1052,1.348,4.6085,-12.773,-7.0301,-0.53803,-0.83302,-0.40668,-202.96,-49.53,8.4506,-1.5281,-0.24648,-1.6477,-0.86471,-0.63244,0.060345,-60.839,2.3068,-156.84,12
5.1612,-0.48414,-1.9804,-1.0884,-0.35165,2.3584,-14.267,-3.9398,-0.57514,-0.59662,-0.70923,-199.39,12.086,15.7,-5.7853,-1.2474,-0.73945,-0.86471,-0.63244,0.060345,-64.359,9.2976,-132.79,12
0.40769,-1.1926,0.47162,-0.037677,1.6159,-2.2218,-11.344,4.2335,-0.57514,-0.59662,-0.70923,-193.75,50.561,14.336,-2.8766,-0.835,-1.5001,-0.73725,-0.77618,-0.047414,-59.584,38.058,-83.161,12
-4.0379,-1.1376,2.6555,-1.214,-1.0256,0.98081,-2.8657,8.4811,-0.57514,-0.59662,-0.70923,-175.33,56.983,13.904,-3.7292,-0.07337,-0.337,-0.73725,-0.77618,-0.047414,-54.728,110.73,-34.693,12
-7.4944,-0.53188,6.2995,-0.85819,0.13815,-1.1825,4.8044,14.103,-0.57514,-0.59662,-0.70923,-117.88,83.381,18.407,-5.4701,1.2326,0.25955,-0.73725,-0.77618,-0.047414,-49.793,173.35,-10.311,12
-12.733,-1.7227,6.0029,-0.88331,0.037677,-11.491,7.4937,22.635,-0.48423,-0.25516,-0.9666,-50.154,62.887,23.174,-4.3021,3.1967,-1.3297,-0.73725,-0.77618,-0.047414,-47.397,233.41,8.6313,12
-19.597,0.045753,7.141,-1.0424,-0.041863,-5.1846,0.98527,21.3,-0.48423,-0.25516,-0.9666,20.595,35.39,23.477,-5.9904,7.9171,-4.2916,-0.62157,-0.76591,-0.42026,-43.162,261.89,29.37,12
-21.675,-8.1829,-10.452,1.6745,1.2852,19.48,-19.052,11.596,-0.48423,-0.25516,-0.9666,28.519,-66.34,12.07,-10.566,12.118,-3.1858,-0.62157,-0.76591,-0.42026,-40.465,208.4,36.818,12
-21.887,0.90087,-16.014,1.0131,2.8132,5.7042,-18.989,22.858,-0.44712,-0.19325,-0.97446,11.22,69.246,-6.9775,-13.465,13.062,-2.8469,-0.62157,-0.76591,-0.42026,-48.543,100.78,65.891,12
-21.84,-1.9397,-7.6693,-1.1136,1.7289,19.792,-19.016,13.278,-0.44712,-0.19325,-0.97446,31.178,-28.752,-22.414,-21.271,6.7345,-4.5487,-0.4,-0.65298,-0.72845,-52.266,87.604,123.71,12
-21.807,-3.5787,-4.3431,-0.90424,0.52329,6.3445,-19.167,6.0947,-0.44712,-0.19325,-0.97446,21.188,-40.946,3.7375,-20.933,-11.002,-9.248,-0.4,-0.65298,-0.72845,-52.478,102.24,208.04,12
-21.84,0.58498,-7.6105,-1.1345,-0.14652,-11.414,-19.476,-14.942,-0.44712,-0.19325,-0.97446,-22.452,-28.399,20.358,-20.759,-18.808,-9.7529,-0.4,-0.65298,-0.72845,-71.379,25.505,283.15,12
-18.504,0.46955,-5.863,-1.3354,-0.38514,-5.6827,-19.419,-13.194,-0.45455,-0.21201,-0.94892,-21.523,18.38,7.4617,-20.995,-18.762,-3.2298,-0.4,-0.65298,-0.72845,-65.296,-120.27,376.07,12
-4.9429,2.6989,-0.083417,-1.1261,-0.16745,-9.4804,-19.266,3.0981,-0.45455,-0.21201,-0.94892,-32.254,33.35,-7.9135,-20.973,-18.803,-3.3152,-0.5,-0.37372,-0.80388,-69.089,-194.33,388.65,12
5.6152,0.55196,1.9339,-1.0801,-0.36421,-7.3587,-19.134,13.366,-0.45455,-0.21201,-0.94892,-48.961,-40.244,-64.708,-21.015,-16.749,-3.9312,-0.5,-0.37372,-0.80388,-36.249,-267.6,354.66,12
8.1962,-2.2366,1.5566,-0.5484,0.054422,-0.88682,-7.0525,-16.143,-0.44712,-0.15947,-0.97446,73.256,-84.953,-17.066,-9.9164,-6.8118,-5.1843,-0.5,-0.37372,-0.80388,-6.417,-228.78,255.59,12
10.64,-3.1912,0.47068,-0.2135,0.77446,2.6159,-0.32663,-0.97976,-0.44712,-0.15947,-0.97446,30.272,-150.21,1.7625,14.213,0.7066,-3.3397,-0.94118,-0.024641,-0.37284,2.5035,-144.62,150.23,12
5.8962,-3.394,-0.15809,-0.22187,0.7033,13.572,-1.3393,-1.2542,-0.44712,-0.15947,-0.97446,71.358,-102.55,-13.966,16.917,1.3398,-4.0163,-0.94118,-0.024641,-0.37284,-2.4995,19.354,81.706,12
-0.95252,-0.85861,1.0701,-0.35583,0.2763,0.2902,-5.3245,0.22626,-0.65677,-0.28143,-0.83694,45.387,-92.931,3.3405,19.303,4.2682,-7.1824,-0.94118,-0.024641,-0.37284,4.1746,22.49,-51.766,12
-3.392,1.4191,1.1593,-0.60283,-0.075353,13.396,-1.7299,4.235,-0.65677,-0.28143,-0.83694,41.118,-128.67,-10.791,19.137,5.3331,-2.6917,-0.94118,-0.024641,-0.37284,7.3965,39.467,-147.54,12
-2.2614,1.4547,1.7625,-0.86656,-0.10047,0.35245,-0.33294,5.3202,-0.65677,-0.28143,-0.83694,61.496,20.486,1.8841,13.504,3.4373,-0.26563,-0.96471,-0.010267,-0.37716,9.9146,4.0225,-204.9,12
0.75763,-0.50786,2.049,-0.91261,-0.19676,-1.4752,-2.3037,5.2763,-0.65677,-0.28143,-0.83694,74.28,13.936,-3.068,12.282,4.1289,-2.1061,-0.96471,-0.010267,-0.37716,11.736,-47.203,-262.11,12
2.6381,-2.6126,1.2701,-0.78702,-0.062794,6.378,-4.2279,2.9566,-0.70686,-0.37523,-0.72102,88.009,29.028,-15.47,8.8451,3.2807,-1.9297,-0.96471,-0.010267,-0.37716,4.2596,-4.9149,-287.59,12
2.6796,-3.1734,0.83018,-0.81633,-0.087912,5.7406,-4.593,1.0986,-0.70686,-0.37523,-0.72102,95.749,80.694,-20.759,4.0966,0.27024,-1.9761,-0.91176,-0.32649,-0.35991,-4.7678,25.911,-281.22,12
1.5677,-1.6169,0.63342,-0.66981,-0.083726,2.6926,-4.1902,0.78617,-0.70686,-0.37523,-0.72102,103.79,96.21,-24.106,2.2298,0.39541,-3.4594,-0.91176,-0.32649,-0.35991,2.0201,58.386,-293.68,12
1.7187,-0.077013,-1.6911,-0.66981,0.07954,1.0965,-4.1745,0.37516,-0.61781,-0.57036,-0.71709,107.12,84.066,-26.648,-3.0259,-1.7456,-3.556,-0.91176,-0.32649,-0.35991,1.9659,52.967,-273.05,12
1.6113,2.2613,-1.2912,-0.79121,0.062794,-0.65927,-5.0849,0.41624,-0.61781,-0.57036,-0.71709,113.81,68.036,-27.055,-5.5658,-2.7256,-1.5634,-0.91176,-0.32649,-0.35991,-5.3785,-17.205,-273.94,12
0.53375,3.6157,-2.4535,-0.9461,-0.10884,-1.9489,-6.9487,-0.81484,-0.61781,-0.57036,-0.71709,118.08,47.994,-30.98,-6.1301,-4.0099,-1.9922,-0.72353,-0.63039,-0.4569,-16.265,-64.586,-249.86,12
-1.0614,4.5874,-2.2292,-1.0173,-0.23025,-12.312,-3.0048,-0.48169,-0.61781,-0.57036,-0.71709,117.7,23.961,-12.406,-5.2423,-3.6072,-3.722,-0.72353,-0.63039,-0.4569,-28.892,-70.526,-203.12,12
-2.2724,3.0133,-0.57091,-1.0968,-0.27211,-0.96394,-5.9354,-6.4106,-0.4898,-0.7636,-0.58743,81.667,-78.064,-8.6449,-5.6706,-4.2689,-4.8905,-0.72353,-0.63039,-0.4569,-42.14,-30.887,-136.27,12
-2.9535,-0.81079,0.34808,-0.46468,0.11722,5.4061,-3.5561,-16.009,-0.4898,-0.7636,-0.58743,49.378,-28.384,-9.3617,-9.3474,-6.0142,-0.41529,-0.60784,-0.77207,-0.42888,-45.262,-1.9776,-61.535,12
-6.3012,-5.1417,-0.21012,3.0351,2.3318,-8.3223,-0.18971,-13.03,-0.4898,-0.7636,-0.58743,20.292,-0.20292,3.4923,-10.976,-6.5297,2.0277,-0.60784,-0.77207,-0.42888,-38.414,-17.31,9.1521,12
-19.952,-1.8717,-2.4842,-1.4736,-0.5191,-5.3673,1.0965,-11.145,-0.51763,-0.82176,-0.46562,-18.443,-38.898,1.0464,-10.38,-6.3356,1.4436,-0.60784,-0.77207,-0.42888,-24.9,-48.303,63.162,12
-22.113,13.23,-13.82,-1.0089,0.21769,19.435,-2.5187,-18.202,-0.51763,-0.82176,-0.46562,-263.62,-359.93,-75.4,-8.6645,-5.3407,0.93088,-0.60784,-0.77207,-0.42888,-8.4603,-56.08,100.39,12
-22.063,10.232,-13.9,-0.90005,0.36002,-21.315,-19.148,22.829,-0.51763,-0.82176,-0.46562,-175.71,-35.491,38.645,-7.1507,-5.6177,1.2295,-0.65882,-0.70431,-0.43103,4.1009,-38.744,122.49,12
-21.891,1.1246,-6.0672,-0.66562,0.3349,2.4912,-19.234,2.334,-0.46197,-0.7167,-0.70923,-135.62,-42.497,-10.138,-8.5586,-7.4058,2.4214,-0.65882,-0.70431,-0.43103,11.113,-1.814,120.1,12
-21.882,1.1904,-6.5771,-0.85819,-0.13396,-0.38202,-17.992,-5.1743,-0.46197,-0.7167,-0.70923,-82.816,2.296,4.808,-14.839,-12.352,2.7574,-0.65882,-0.70431,-0.43103,11.229,9.7829,82.076,12
-21.892,0.67442,-3.4761,-0.66562,0.0041863,-4.8693,-12.555,-18.874,-0.46197,-0.7167,-0.70923,-37.979,-11.18,-3.6019,-19.108,-18.675,1.4933,-0.76667,-0.62218,-0.39224,5.8552,11.019,18.779,12
-21.842,0.15991,-0.45929,-0.70748,-0.020931,-5.9235,-16.747,-17.261,-0.46197,-0.7167,-0.70923,14.49,9.3964,4.3781,-21.252,-18.724,2.6367,-0.76667,-0.62218,-0.39224,-2.8175,59.368,-55.163,12
-12.01,1.519,2.7578,-0.39351,0.2135,0.29266,-16.833,-10.016,-0.49536,-0.66041,-0.77014,64.22,20.275,13.376,-21.203,-18.727,1.3449,-0.76667,-0.62218,-0.39224,3.0985,94.407,-138.79,12
2.6821,-1.2745,1.8537,-0.34746,0.35583,-4.1441,-19.36,-8.2594,-0.49536,-0.66041,-0.77014,114.96,-29.773,12.717,-21.162,-18.787,-1.6789,-0.76667,-0.62218,-0.39224,8.9129,101.34,-165.46,12
13.205,-1.1559,-4.5356,-0.20094,0.34746,-5.9648,-19.343,-4.5997,-0.49536,-0.66041,-0.77014,176.49,-50.205,25.688,-18.536,-18.732,-0.21786,-0.63137,-0.69199,-0.52155,-16.886,106.73,-215.12,12
18.349,0.75345,-8.5111,-0.23443,0.12977,-7.3371,-19.276,3.1399,-0.5436,-0.79174,-0.5501,199.58,15.252,50.113,-13.123,-18.624,5.6313,-0.63137,-0.69199,-0.52155,-30.98,61.757,-207.37,12
12.564,3.0944,-4.9531,-0.46049,-0.092098,6.4103,-11.881,-17.79,-0.5436,-0.79174,-0.5501,143.89,-158.5,17.033,-12.514,-15.444,6.6236,-0.63137,-0.69199,-0.52155,-20.883,66.129,-141.15,12
2.437,1.3831,-1.5282,-0.61538,-0.13815,10.001,-14.901,-18.853,-0.5436,-0.79174,-0.5501,65.826,-133.14,7.9513,-8.225,-7.0116,3.8369,-0.34314,-0.78439,-0.65302,-3.0685,16.306,-96.614,12
-8.0635,-0.86584,-0.2674,-0.72004,-0.13815,-0.3403,-0.57886,-18.282,-0.5436,-0.79174,-0.5501,19.64,-55.242,19.207,0.17472,1.4104,2.0393,-0.34314,-0.78439,-0.65302,12.695,-5.1665,-50.236,12
-11.213,-2.9899,0.90986,-0.74097,-0.15071,1.6996,3.6097,-17.25,-0.63265,-0.82552,-0.21218,-48.614,-20.064,25.993,3.0883,8.1634,1.3353,-0.34314,-0.78439,-0.65302,15.95,15.077,-18.965,12
-5.987,-1.1567,1.6012,-0.73679,-0.19676,-3.2874,-2.2343,-10.561,-0.63265,-0.82552,-0.21218,-103.85,20.121,25.974,2.6163,9.9414,1.1429,-0.34314,-0.78439,-0.65302,11.237,28.587,2.4659,12
0.23852,-0.30995,0.93,-0.6112,-0.17164,-2.8077,-3.4029,-6.6253,-0.63265,-0.82552,-0.21218,-135.57,7.9612,24.277,2.3858,8.1376,-1.239,-0.28824,-0.81725,-0.65517,2.1199,32.459,-0.6432,12
4.3027,0.52277,0.51021,-0.54422,-0.20931,2.1919,-6.7624,-5.9412,-0.66605,-0.74296,-0.37917,-156.09,36.056,16.47,-1.5441,5.3303,-1.9731,-0.28824,-0.81725,-0.65517,-6.3413,48.098,-6.023,12
6.7989,0.45741,0.45169,-0.64469,0.092098,0.91289,-10.365,-4.7904,-0.66605,-0.74296,-0.37917,-160.22,61.052,9.6645,-8.2082,1.5542,-1.5785,-0.28824,-0.81725,-0.65517,-9.3742,50.008,-17.655,12
5.806,0.60833,1.539,-0.58189,-0.22606,-2.0974,-9.7938,-1.1669,-0.66605,-0.74296,-0.37917,-156.73,69.457,7.7792,-10.251,-0.21229,0.77064,-0.23333,-0.81725,-0.68103,4.6348,-21.261,-34.352,12
3.4043,-0.013826,1.7567,-0.87912,-0.31816,-2.4137,-10.051,8.7858,-0.66605,-0.74296,-0.37917,-145.25,64.755,10.05,-2.7447,0.05138,1.138,-0.23333,-0.81725,-0.68103,14.0,-72.179,-35.099,12
0.34422,-2.0594,1.2357,-0.97122,-0.4898,-0.36049,-2.7588,13.233,-0.63265,-0.54034,-0.71906,-75.338,138.55,14.263,-2.4467,-1.3499,1.0054,-0.23333,-0.81725,-0.68103,24.119,-47.683,-7.344,12
0.19947,-1.8929,1.6086,1.3647,0.53166,-6.2355,2.6516,9.7161,-0.63265,-0.54034,-0.71906,-20.852,118.19,21.169,-3.5335,-0.48055,0.94472,-0.23333,-0.81725,-0.68103,31.856,-28.054,39.546,12
0.63148,-0.26071,1.4502,2.9095,1.5699,0.2353,-6.4261,6.8998,-0.63265,-0.54034,-0.71906,11.038,41.358,23.175,-3.4463,0.2446,0.46015,-0.29412,-0.85626,-0.60991,36.688,6.3283,88.757,12
-3.7264,-0.54719,0.48759,-1.034,-0.74516,-4.8629,-5.3115,10.436,-0.49536,-0.43715,-0.86837,30.301,30.706,18.856,-5.856,0.63323,2.3233,-0.29412,-0.85626,-0.60991,43.121,21.267,137.11,12
-21.787,-3.5991,-5.3134,-0.97541,-0.51073,-0.83298,-9.5347,-0.99548,-0.49536,-0.43715,-0.86837,-3.9035,-69.686,-2.2554,-6.381,1.6914,3.1367,-0.29412,-0.85626,-0.60991,52.895,29.204,178.38,12
-21.837,-0.062946,-15.543,-0.88749,-0.59864,13.911,-9.9521,11.725,-0.49536,-0.43715,-0.86837,-13.39,-102.99,-29.005,-9.9821,2.2997,3.9692,-0.40784,-0.8501,-0.53233,61.134,27.212,223.33,12
-21.981,3.114,-8.1303,-0.73679,-0.41026,5.9167,-19.083,16.47,-0.53989,-0.41651,-0.85069,-60.68,131.07,-5.0033,-14.36,3.2224,4.2445,-0.40784,-0.8501,-0.53233,64.473,19.99,284.84,12
-21.851,0.60892,-1.9347,-0.68237,-0.26792,3.0149,-19.056,17.129,-0.53989,-0.41651,-0.85069,-32.636,48.216,10.849,-21.372,0.82124,3.1244,-0.40784,-0.8501,-0.53233,64.992,0.11728,348.95,12
-21.9,2.0852,-4.1597,-0.74935,-0.52747,-2.8572,-19.204,7.3237,-0.53989,-0.41651,-0.85069,-43.007,11.256,13.59,-21.329,-2.8741,2.5855,-0.40784,-0.8501,-0.53233,77.749,-70.681,378.07,12
-21.826,0.39935,-4.1851,-0.56096,-0.70748,-10.914,-19.312,-0.52267,-0.53989,-0.41651,-0.85069,-74.268,-14.854,8.7046,-21.317,-5.6288,3.1248,-0.70196,-0.72485,-0.39655,87.533,-295.12,375.46,12
-6.2283,-0.70431,-4.4844,0.041863,-0.22606,-6.4576,-19.233,4.3904,-0.46939,-0.3152,-0.93517,-96.552,1.6995,-12.66,-21.45,-9.3987,9.1342,-0.70196,-0.72485,-0.39655,75.205,-289.24,388.87,12
4.9323,4.3975,3.5642,0.20513,0.03349,-8.2199,-19.126,18.066,-0.46939,-0.3152,-0.93517,-94.987,-27.307,-28.707,-21.606,-16.493,15.696,-0.70196,-0.72485,-0.39655,43.123,-229.89,375.36,12
6.5543,1.0734,1.2334,0.19257,-0.075353,-3.8831,-19.231,0.6246,-0.46939,-0.3152,-0.93517,-28.126,-34.948,-19.146,-11.724,-5.9124,10.756,-1.0157,-0.31006,0.28017,31.739,-111.59,361.32,12
5.371,-3.396,0.52594,0.092098,-0.11303,16.607,-14.835,-10.242,-0.51763,-0.21201,-0.96464,-65.864,-171.08,-12.701,-3.9738,4.4066,7.6578,-1.0157,-0.31006,0.28017,-34.595,-66.337,337.16,12
4.0382,-5.949,-0.0512,-0.050235,-0.36421,-1.7935,-2.4644,9.0047,-0.51763,-0.21201,-0.96464,-30.298,-37.862,-0.89132,7.9919,-4.5156,3.4409,-1.0157,-0.31006,0.28017,-64.362,-44.864,276.78,12
-0.034188,-3.3411,3.773,-0.20931,-0.5484,5.5512,0.80391,13.064,-0.51763,-0.21201,-0.96464,16.171,-96.125,-3.5469,18.819,-8.8901,-10.007,-1.0157,-0.31006,0.28017,-55.814,20.002,165.83,12
-4.2757,-2.3783,2.2386,-0.25536,-0.54422,6.0059,-1.3715,8.3977,-0.51763,-0.21201,-0.96464,62.287,-5.577,-12.445,19.641,-4.3358,-15.581,-0.99608,0.047228,0.44397,-36.892,116.88,36.36,12
-4.5736,-0.6119,2.0712,-0.25118,-0.59027,3.8719,0.20742,9.8512,-0.68646,-0.21201,-0.85855,106.23,61.69,-15.007,19.384,-1.2603,-13.032,-0.99608,0.047228,0.44397,-53.817,183.83,-55.983,12
-1.5855,0.48602,1.328,-0.21769,-0.61538,0.29732,0.593,5.8347,-0.68646,-0.21201,-0.85855,152.45,83.246,-9.5092,7.4514,-1.7779,-6.7868,-0.99608,0.047228,0.44397,-48.586,132.41,-183.16,12
1.3229,0.52117,0.72059,-0.10466,-0.59027,1.112,-2.939,2.135,-0.68646,-0.21201,-0.85855,182.62,53.22,-4.3289,5.1264,-2.052,-3.1963,-1.0588,-0.059548,0.12284,-31.195,22.365,-262.94,12
3.8003,-1.6324,0.36888,-0.18001,-0.64469,4.8057,-6.8499,-2.8153,-0.56772,-0.49719,-0.80747,199.03,53.239,-3.6471,4.0733,-0.26023,-2.0234,-1.0588,-0.059548,0.12284,-21.446,-26.127,-292.95,12
3.3123,-1.9761,-1.0936,-0.19676,-0.73679,4.4233,-12.444,-5.828,-0.56772,-0.49719,-0.80747,205.52,92.807,-3.4511,2.4282,0.020531,-2.9469,-1.0588,-0.059548,0.12284,-29.169,-44.364,-309.53,12
2.151,0.52988,-2.3523,-0.22187,-0.74097,1.8788,-14.209,-8.9833,-0.56772,-0.49719,-0.80747,197.51,128.48,-1.1946,-0.23994,-1.4186,-3.8626,-1.0588,-0.059548,0.12284,-45.833,-41.141,-312.42,12
0.86355,3.2874,-2.6199,-0.27211,-0.63632,1.0425,-10.959,-10.788,-0.56772,-0.49719,-0.80747,165.11,77.615,1.6936,-0.30784,-2.715,-3.5003,-0.96078,-0.45175,0.14871,-62.128,-36.833,-315.31,12
-0.58364,3.4243,-1.5971,0.31397,-0.40607,1.6442,-6.9212,-12.913,-0.56772,-0.49719,-0.80747,119.97,25.956,-3.8134,0.42411,-5.0313,-3.1266,-0.96078,-0.45175,0.14871,-73.365,6.4117,-303.34,12
-3.0443,2.2128,0.92547,3.8932,1.775,3.9704,-2.3832,-15.548,-0.56772,-0.49719,-0.80747,74.879,-12.125,-4.9838,-5.3304,-7.764,0.60138,-0.96078,-0.45175,0.14871,-78.613,20.213,-271.45,12
-4.5469,-0.93982,-1.4741,-0.71586,-1.0424,1.1552,-0.36216,-14.434,-0.56772,-0.49719,-0.80747,33.123,-11.34,-3.0021,-4.9185,-9.8078,1.2179,-0.74314,-0.77413,0.030172,-75.684,43.858,-190.76,12
-7.7827,-2.2815,-1.858,-0.37258,-0.854,2.022,-0.091813,-11.161,-0.46568,-0.90994,-0.42436,-0.98383,0.74378,-3.3067,-13.176,-13.124,2.573,-0.74314,-0.77413,0.030172,-58.722,88.257,-107.83,12
-21.898,2.4711,-5.3671,-0.37677,-0.69911,0.32322,-8.4654,-12.878,-0.46568,-0.90994,-0.42436,-18.655,54.132,-3.92,-15.703,-12.487,6.2506,-0.74314,-0.77413,0.030172,-41.145,14.762,-16.855,12
-21.784,-3.7444,-17.042,-0.41026,-0.52329,19.585,-19.288,-18.935,-0.46568,-0.90994,-0.42436,-197.68,315.74,-65.293,-9.6585,-9.3726,7.7397,-0.74314,-0.77413,0.030172,-23.527,-0.8586,72.101,12
-21.809,-1.4752,-11.659,-0.041863,-0.77446,10.717,-18.976,23.158,-0.3321,-0.85929,-0.68762,-208.74,-0.66488,-81.677,-8.7181,-7.9342,9.5825,-0.66863,-0.86037,-0.11638,-0.94379,13.341,117.18,12
-21.854,-0.23345,-7.6,0.083726,-0.58189,-21.682,-15.969,-10.713,-0.3321,-0.85929,-0.68762,-125.58,68.595,-31.796,-14.066,-11.506,12.362,-0.66863,-0.86037,-0.11638,15.885,8.6455,136.33,12
-21.843,-0.29703,-9.3109,0.15489,-0.49398,16.705,4.5259,-12.752,-0.3321,-0.85929,-0.68762,-93.162,-11.545,-17.358,-21.576,-18.589,15.06,-0.66863,-0.86037,-0.11638,33.467,-10.61,133.99,12
-21.837,-0.082012,-5.5547,0.36002,-0.5484,0.87578,-14.231,-8.2861,-0.3321,-0.85929,-0.68762,-14.37,-3.7095,-14.394,-21.532,-18.607,13.268,-0.7902,-0.7269,-0.11853,40.133,-62.151,68.211,12
-19.35,-2.1867,-0.68101,0.58189,-0.37258,-0.11871,-14.747,-13.353,-0.25232,-0.72045,-0.87426,46.402,10.178,5.608,-21.227,-18.513,16.731,-0.7902,-0.7269,-0.11853,44.575,-48.816,-9.4507,12
-7.7242,-2.6794,2.6431,0.52329,-0.18001,0.8103,-17.445,-8.8642,-0.25232,-0.72045,-0.87426,97.057,-27.76,7.8603,-15.929,-18.542,16.802,-0.7902,-0.7269,-0.11853,35.405,21.621,-52.938,12
7.3514,-0.90482,-3.1762,0.46049,-0.11722,1.8658,-19.32,-6.2077,-0.25232,-0.72045,-0.87426,157.56,-61.392,30.94,-15.738,-18.559,15.103,-0.7902,-0.7269,-0.11853,4.5687,79.846,-68.938,12
18.954,0.28949,-9.995,0.26374,-0.56934,-5.4064,-19.212,7.4957,-0.32468,-0.86492,-0.65422,214.56,-46.182,56.199,-12.157,-14.233,8.6529,-0.7902,-0.7269,-0.11853,-5.4625,100.07,-89.197,12
18.966,4.227,-8.788,0.10466,-0.70748,-0.51743,-17.833,0.83233,-0.32468,-0.86492,-0.65422,208.27,-56.762,49.216,-5.9173,-6.1305,1.9539,-0.7902,-0.7269,-0.11853,-20.79,111.31,-123.55,12
8.33,4.2063,-2.2004,-0.0083726,-0.854,7.0137,-19.418,-19.067,-0.32468,-0.86492,-0.65422,38.308,-195.25,-13.388,-3.0915,-3.0194,-0.94264,-0.7902,-0.7269,-0.11853,-34.302,106.58,-156.99,12
-2.972,1.6311,-0.42163,0.0041863,-0.7619,-9.1159,10.619,-17.3,-0.32468,-0.86492,-0.65422,-9.4539,-187.8,8.2719,-1.7785,-2.0337,-0.37252,-0.62353,-0.8501,-0.23276,-31.207,57.013,-155.71,12
-12.351,-0.64061,0.19498,-0.0083726,-0.64887,19.435,-2.4988,-18.201,-0.45455,-0.94747,-0.26523,-75.505,-128.97,19.827,4.2061,2.1076,-2.2384,-0.62353,-0.8501,-0.23276,-23.022,13.806,-112.51,12
-10.732,-2.2931,-0.6169,0.17164,-0.61538,8.8469,-1.5132,-11.716,-0.45455,-0.94747,-0.26523,-107.47,22.726,26.309,7.6188,6.8476,-4.241,-0.62353,-0.8501,-0.23276,-21.633,26.98,-82.291,12
-1.1942,-0.89562,2.5089,0.062794,-0.69911,-3.3239,-6.3683,-7.1225,-0.45455,-0.94747,-0.26523,-146.87,60.184,15.9,4.271,7.4714,-3.8556,-0.5,-0.90349,-0.35776,-25.714,31.877,-104.8,12
6.0904,-0.4815,2.7251,-0.075353,-0.89587,-7.8401,-9.1927,-4.4235,-0.51391,-0.85178,-0.46955,-169.01,41.323,13.789,0.23332,3.5703,-2.9673,-0.5,-0.90349,-0.35776,-32.91,30.388,-133.81,12
8.751,0.83528,1.991,-0.15071,-1.0089,-1.0214,-11.0,-2.9352,-0.51391,-0.85178,-0.46955,-175.34,-23.384,2.1532,-3.927,1.5306,-0.94431,-0.5,-0.90349,-0.35776,-29.687,11.547,-163.53,12
6.5336,1.604,1.6917,-0.23025,-0.82051,0.095517,-10.635,-1.0829,-0.51391,-0.85178,-0.46955,-170.48,-21.231,2.9005,-8.6437,-0.27785,0.21527,-0.5,-0.90349,-0.35776,-23.571,-23.2,-147.53,12
-1.3329,0.98608,5.1098,-0.025118,-0.69492,-1.3176,-9.8371,7.3804,-0.51391,-0.60976,-0.78389,-164.31,1.8266,7.7413,-11.635,-2.1446,0.5386,-0.32353,-0.95688,-0.44181,-17.259,-56.219,-103.75,12
-11.394,-5.5707,2.246,2.5076,0.19257,3.7134,-5.4671,8.7325,-0.51391,-0.60976,-0.78389,-127.71,43.112,9.0495,-18.245,-8.1778,5.2161,-0.32353,-0.95688,-0.44181,-2.8593,-52.536,-11.445,12
-6.7565,-7.6309,-3.2657,2.3694,0.81633,-3.8121,3.127,11.712,-0.51391,-0.60976,-0.78389,-79.602,82.998,12.017,-16.838,-9.2929,6.7124,-0.32353,-0.95688,-0.44181,25.925,-46.654,97.375,12
-1.4811,-6.2474,-3.0044,-0.58189,-1.1094,-4.4262,1.1149,9.5115,-0.51391,-0.60976,-0.78389,-33.079,50.239,13.579,-12.957,-4.7253,6.4721,-0.37451,-0.96509,-0.36422,55.981,-21.324,155.85,12
-17.09,-2.0633,-4.7015,0.012559,-0.81633,4.4596,-19.092,12.58,-0.44712,-0.40713,-0.94106,-17.203,5.1262,13.857,-6.6789,0.90993,2.9934,-0.37451,-0.96509,-0.36422,82.758,17.23,208.7,12
-21.707,-6.5854,-12.666,0.029304,-0.50235,2.3801,-19.017,23.073,-0.44712,-0.40713,-0.94106,21.376,81.071,15.501,-5.7968,-1.3665,7.3483,-0.37451,-0.96509,-0.36422,94.334,79.758,320.58,12
-22.068,10.98,-11.98,0.054422,-0.37258,13.4,-18.988,19.997,-0.44712,-0.40713,-0.94106,5.2159,38.113,-5.3917,-17.665,0.27076,11.076,-0.37451,-0.96509,-0.36422,114.43,60.311,446.81,12
-22.09,12.6,-6.3397,-0.054422,-0.60283,9.1225,-19.123,10.479,-0.36735,-0.40901,-1.0,7.691,4.3268,-3.6603,-18.656,-3.3901,9.9867,-0.65882,-0.79671,-0.23276,118.18,5.0881,536.25,12
-21.933,3.2285,-1.3515,0.0041863,-0.56515,-13.216,-19.348,-2.1517,-0.36735,-0.40901,-1.0,-25.13,16.215,19.388,-21.611,-5.8568,13.322,-0.65882,-0.79671,-0.23276,124.66,-11.674,590.7,12
-21.864,-0.23064,1.2003,0.15071,-0.47724,-4.1812,-19.253,1.4018,-0.36735,-0.40901,-1.0,-73.568,13.763,-8.623,-21.812,-5.0557,20.435,-0.65882,-0.79671,-0.23276,131.64,-67.756,561.07,12
-16.001,-7.0079,-1.0728,0.2428,-0.65725,-3.4233,-19.291,-0.39462,-0.36735,-0.40901,-1.0,-73.455,26.423,-18.42,-21.957,-4.9245,24.545,-1.049,-0.21971,0.049569,104.67,-90.04,465.45,12
-3.9886,-9.6613,-3.5116,0.3977,-0.10047,-3.743,-19.202,6.5025,-0.34137,-0.29081,-1.0432,-64.161,2.293,-33.372,-21.729,-11.874,19.594,-1.049,-0.21971,0.049569,36.217,-76.712,368.64,12
4.7422,-5.2896,-2.6655,0.43119,-0.19676,-5.35,-19.176,11.134,-0.34137,-0.29081,-1.0432,17.446,-87.33,-40.024,-12.594,-8.8924,10.764,-1.049,-0.21971,0.049569,1.8132,-34.12,274.02,12
10.69,0.87579,-1.1317,0.15489,-1.1303,0.5017,-7.1596,-9.03,-0.34137,-0.29081,-1.0432,17.642,-101.09,-10.453,-4.8195,10.824,7.3745,-1.049,-0.21971,0.049569,-25.394,-25.983,171.23,12
8.7119,4.8081,-0.3778,0.19257,-0.43956,2.5894,-1.9323,-1.1541,-0.41929,-0.30206,-0.99214,14.815,-76.478,11.58,-7.3057,9.1913,7.1262,-1.0471,0.15811,0.1875,-57.657,-110.38,47.243,12
4.7854,5.68,2.4375,0.020931,-0.16327,5.2768,-2.0585,-0.90433,-0.41929,-0.30206,-0.99214,13.382,-23.62,11.224,3.4754,2.5696,-3.0382,-1.0471,0.15811,0.1875,-48.164,-202.37,-67.532,12
-3.7806,1.1534,2.0933,-0.03349,-0.4898,2.1071,0.84247,-7.8326,-0.41929,-0.30206,-0.99214,17.61,54.503,32.725,11.723,-0.33319,-11.319,-1.0471,0.15811,0.1875,-24.868,-98.99,-159.8,12
-6.6377,-3.4677,1.7511,-0.050235,-0.54003,12.736,-8.0794,-6.9537,-0.41929,-0.30206,-0.99214,34.028,139.11,14.956,9.5908,-0.7511,-11.11,-0.96078,0.053388,0.53233,-29.787,-34.375,-146.1,12
-1.1316,-4.0258,1.4482,0.016745,-0.45631,-2.9867,1.0944,5.4832,-0.42486,-0.31707,-1.0,43.16,134.98,17.412,7.16,0.10964,-10.036,-0.96078,0.053388,0.53233,-24.834,30.069,-121.37,12
2.0776,-4.3844,1.1212,-0.020931,-0.5191,-2.9999,2.0419,7.1554,-0.42486,-0.31707,-1.0,46.007,49.815,18.784,2.2854,2.4932,-6.6774,-0.96078,0.053388,0.53233,-23.709,52.825,-113.28,12
2.3041,-3.0856,-0.24613,-0.11722,-0.65306,-0.28554,0.44206,6.5817,-0.42486,-0.31707,-1.0,58.48,0.6996,18.16,3.0417,4.7968,-4.3227,-0.96078,0.053388,0.53233,-23.593,46.408,-137.76,12
1.162,-2.0381,-1.0887,-0.19257,-0.7326,2.3013,-0.5734,4.0464,-0.30427,-0.40338,-1.0157,78.061,-12.524,15.303,4.7111,4.4681,-3.1933,-0.99216,-0.11088,0.44612,-23.935,48.172,-143.2,12
0.86891,-1.5262,-2.0637,-0.23862,-0.78284,1.7518,-1.1825,1.5521,-0.30427,-0.40338,-1.0157,95.408,0.6973,14.679,7.1016,3.6938,-2.6174,-0.99216,-0.11088,0.44612,-28.222,86.209,-118.76,12
1.302,-0.45247,-3.9565,-0.30979,-0.65725,-0.44461,-1.3857,-0.94873,-0.30427,-0.40338,-1.0157,102.64,3.0103,14.367,2.2614,2.9464,-2.3631,-0.99216,-0.11088,0.44612,-23.416,118.02,-90.818,12
2.6861,1.5541,-3.2286,0.37677,-0.41444,-0.3509,-3.6534,-0.98826,-0.34323,-0.59475,-0.89587,104.74,-12.79,10.587,0.32789,2.7648,-0.51801,-1.0059,-0.27721,0.21121,-29.321,84.095,-95.29,12
4.5945,0.57836,-0.71637,3.9519,1.8964,1.4751,-6.2034,-0.535,-0.34323,-0.59475,-0.89587,111.77,-14.145,4.8325,2.2424,-0.20677,-1.677,-1.0059,-0.27721,0.21121,-33.706,76.418,-86.998,12
3.2958,2.8844,-0.2983,-0.75353,-1.0131,1.2957,-6.3993,-1.3174,-0.34323,-0.59475,-0.89587,116.97,-7.4082,0.04356,-0.59331,-0.98893,0.1068,-1.0059,-0.27721,0.21121,-31.51,62.619,-85.372,12
0.50097,9.2951,4.3208,-0.23862,-0.69492,-3.6415,-5.7295,-6.6146,-0.34323,-0.59475,-0.89587,114.05,6.0154,0.83336,-4.2609,-2.8834,2.6579,-1.0059,-0.27721,0.21121,-24.774,36.04,-68.726,12
-3.6116,10.885,2.8007,-0.17164,-0.22187,-7.1141,-5.484,-10.772,-0.35807,-0.79925,-0.70727,78.878,-46.66,6.104,-10.369,-4.0968,4.316,-0.98627,-0.3922,0.045259,-10.802,32.859,-27.981,12
-21.724,-6.7491,-5.3969,-0.054422,-0.016745,19.535,-11.948,-18.61,-0.35807,-0.79925,-0.70727,-48.978,-184.65,-28.054,-20.822,-8.4878,6.2214,-0.98627,-0.3922,0.045259,5.3121,64.421,59.029,12
-21.881,1.6037,-16.593,0.071167,-0.31397,0.36075,-16.309,-19.01,-0.35807,-0.79925,-0.70727,-177.61,103.43,-0.36815,-21.468,-12.562,7.7781,-0.98627,-0.3922,0.045259,31.904,30.613,207.55,12
-21.895,2.3244,-10.896,0.43119,0.029304,8.4519,-18.976,23.157,-0.34694,-0.72983,-0.80747,-119.8,116.06,4.2658,-21.452,-7.9263,10.375,-1.0333,-0.26899,-0.038793,74.473,-21.311,320.84,12
-21.919,4.0186,-11.659,0.46468,-0.22187,13.208,-15.913,-2.2157,-0.34694,-0.72983,-0.80747,-91.241,31.922,-9.1726,-14.131,3.1165,8.6454,-1.0333,-0.26899,-0.038793,105.49,10.354,360.49,12
-21.845,-0.67666,-8.7241,0.77865,-0.041863,-8.0573,-13.088,-13.714,-0.34694,-0.72983,-0.80747,-20.478,17.086,-15.346,-13.25,8.5914,7.1379,-1.0333,-0.26899,-0.038793,106.0,25.983,326.77,12
-21.826,-0.10766,-6.0097,0.87912,0.11722,-2.171,-18.267,-10.873,-0.34694,-0.72983,-0.80747,1.3513,-0.197,15.126,-7.8597,13.641,4.1091,-1.0333,-0.26899,-0.038793,101.48,40.446,207.76,12
-16.078,-1.157,-1.3883,0.65725,0.11303,-2.2658,-19.39,-10.253,-0.2449,-0.64165,-0.94499,67.033,14.009,21.896,-12.262,16.383,6.2566,-1.0529,0.11088,-0.06681,62.754,135.4,8.9264,12
-5.3428,-3.0637,3.0506,0.46049,-0.10466,-6.6993,-19.384,-9.7237,-0.2449,-0.64165,-0.94499,117.12,-37.868,19.104,-21.666,17.477,5.6968,-1.0529,0.11088,-0.06681,28.799,115.13,-200.21,12
10.186,-4.7306,-4.6363,0.59445,-0.19257,-5.6486,-19.323,-5.6164,-0.2449,-0.64165,-0.94499,187.18,-81.321,36.319,-21.548,21.122,-0.7668,-1.0529,0.11088,-0.06681,-29.75,41.113,-364.91,12
19.023,-1.1552,-9.904,0.61957,-0.19676,-1.0284,-19.232,5.476,-0.34694,-0.81051,-0.72299,253.76,-1.2532,67.087,-21.43,17.608,-4.1925,-0.99608,-0.12731,-0.29957,-99.292,52.824,-424.9,12
15.214,10.992,-3.2107,-0.1842,-1.2098,12.46,-9.5124,-18.57,-0.34694,-0.81051,-0.72299,134.3,-191.8,11.93,-21.433,7.0407,-0.92921,-0.99608,-0.12731,-0.29957,-142.97,65.201,-374.27,12
4.7911,8.932,0.47757,-0.15908,-0.52329,11.998,-5.9567,-18.438,-0.34694,-0.81051,-0.72299,83.502,-147.99,2.4073,-13.451,-2.292,0.80207,-0.99608,-0.12731,-0.29957,-133.57,18.419,-288.05,12
-4.7607,4.1949,-0.011929,-0.11722,-0.54422,4.3953,3.6312,-18.066,-0.50278,-0.90807,-0.34381,-40.289,-173.18,19.276,13.304,-10.483,-6.3054,-0.99608,-0.12731,-0.29957,-140.33,-47.619,-183.56,12
-13.672,-6.7975,-1.6012,0.0041863,-0.41863,9.2009,-0.51847,-18.184,-0.50278,-0.90807,-0.34381,-89.676,-55.434,28.899,0.97132,-9.0004,-5.0438,-0.85686,-0.35934,-0.4569,-139.46,3.833,26.053,12
-7.7224,-7.817,0.24384,0.24699,-0.23025,0.85663,-6.5724,-10.705,-0.50278,-0.90807,-0.34381,-140.35,-7.9543,21.213,2.8491,-6.9033,0.66525,-0.85686,-0.35934,-0.4569,-120.23,-102.44,34.721,12
3.6261,-4.0306,0.62672,0.50654,0.12559,-1.1943,-12.379,-4.2559,-0.50278,-0.90807,-0.34381,-161.37,-15.45,12.04,6.2052,-5.4801,0.98641,-0.85686,-0.35934,-0.4569,-64.904,-98.987,54.565,12
6.964,1.2969,1.5167,0.20931,-0.020931,1.8314,-9.7042,-3.0919,-0.59926,-0.75985,-0.53242,-169.7,-12.248,6.691,-5.3847,-5.2675,-1.753,-0.9451,-0.17248,-0.36207,-29.576,-67.122,45.928,12
11.974,7.3357,-2.4029,0.0083726,-0.20094,2.6725,-9.4101,-3.3813,-0.59926,-0.75985,-0.53242,-170.86,6.1123,3.5004,2.0774,-9.3945,-3.4489,-0.9451,-0.17248,-0.36207,-27.642,-53.284,-74.749,12
9.1154,4.3295,-0.59982,0.13396,0.18838,3.462,-10.046,-1.6031,-0.59926,-0.75985,-0.53242,-170.83,22.259,2.3282,6.5835,-7.556,-2.5965,-0.9451,-0.17248,-0.36207,15.132,-12.813,-159.14,12
-1.6352,-7.1273,0.99013,3.7258,2.2187,3.0958,-10.514,0.088593,-0.57885,-0.50844,-0.81532,-163.7,48.243,-0.52728,3.2138,-6.4165,-1.6542,-0.9451,-0.17248,-0.36207,20.755,-24.99,-173.34,12
-7.5921,-8.2727,1.4976,0.7619,0.49817,1.1288,-11.449,7.5534,-0.57885,-0.50844,-0.81532,-156.56,47.988,-10.047,6.0563,-7.9689,-2.888,-0.96078,-0.30185,-0.26724,25.376,-65.655,-188.01,12
-6.4606,-3.7375,3.6531,0.046049,-0.77028,1.8861,-7.4369,10.762,-0.57885,-0.50844,-0.81532,-129.26,40.008,-11.523,10.038,-4.8964,-5.6407,-0.96078,-0.30185,-0.26724,37.344,-17.867,-188.61,12
-3.1437,-2.9146,3.464,0.10047,-0.17164,2.4603,1.5849,13.937,-0.57885,-0.50844,-0.81532,-91.407,48.254,-15.682,9.7827,1.7499,-7.0063,-0.96078,-0.30185,-0.26724,38.995,93.376,-187.88,12
-3.5061,1.0608,3.5481,0.066981,-0.65306,-5.3289,7.3123,20.344,-0.4731,-0.26079,-1.0079,-33.115,5.6522,-21.328,6.4132,6.7365,-4.3507,-0.85686,-0.54825,-0.30603,29.408,211.94,-192.51,12
-21.955,5.849,1.2212,0.066981,-0.40188,2.6331,-0.20892,1.8805,-0.4731,-0.26079,-1.0079,-17.937,-121.66,-27.862,-1.177,10.584,-2.6271,-0.85686,-0.54825,-0.30603,28.076,276.15,-196.78,12
-21.842,-0.84585,-15.034,0.23025,0.0083726,6.1153,1.338,-15.705,-0.4731,-0.26079,-1.0079,1.9327,39.063,-34.34,-10.302,14.479,-0.098966,-0.85686,-0.54825,-0.30603,31.177,245.19,-205.08,12
-21.792,-0.28844,-9.1102,1.9801,2.6876,12.141,-19.054,14.419,-0.55288,-0.23827,-0.96267,-51.767,-15.629,-61.435,-21.466,12.972,-0.79932,-0.85686,-0.54825,-0.30603,20.974,122.56,-191.42,12
-21.829,-1.9626,-4.3556,0.74935,0.16327,3.9164,-18.057,3.178,-0.55288,-0.23827,-0.96267,5.9862,-84.28,-37.084,-21.296,6.6166,-4.3358,-0.40784,-0.76591,-0.65733,-29.98,-17.754,-81.288,12
-21.74,-6.419,-3.0724,0.90842,0.2428,-1.332,-19.252,-2.4551,-0.55288,-0.23827,-0.96267,29.451,-22.863,17.1,-21.367,-13.001,5.8916,-0.40784,-0.76591,-0.65733,-50.638,-90.686,154.77,12
-21.879,1.0299,-4.6652,0.75353,-0.087912,-20.824,-19.488,-14.183,-0.55288,-0.23827,-0.96267,1.2186,41.639,49.631,-21.361,-15.395,5.4907,-0.40784,-0.76591,-0.65733,-36.831,-146.28,344.41,12
-17.391,2.3939,-4.2582,0.57352,-0.2763,-0.48945,-19.369,-11.171,-0.59369,-0.21388,-0.94106,7.111,24.516,21.691,-21.404,-18.633,9.6933,-0.63922,-0.59138,-0.60129,-10.313,-205.49,475.13,12
-5.2388,2.8492,0.75116,0.46886,-0.10466,-5.8752,-19.335,-2.7755,-0.59369,-0.21388,-0.94106,9.313,30.182,8.4585,-21.325,-18.64,9.0368,-0.63922,-0.59138,-0.60129,36.21,-239.01,436.33,12
2.6573,0.46995,3.137,0.45212,-0.13396,-8.1828,-19.223,7.3945,-0.59369,-0.21388,-0.94106,2.796,-11.221,-39.049,-21.232,-18.707,4.3147,-0.63922,-0.59138,-0.60129,94.01,-204.08,376.12,12
10.139,-3.409,-0.47523,0.45631,0.30979,-3.1743,-19.246,2.0997,-0.56401,-0.21951,-0.95874,67.776,-62.513,-2.8949,-12.598,-14.047,1.2872,-0.63922,-0.59138,-0.60129,112.75,-107.57,299.36,12
14.098,-3.8679,-1.1376,0.36002,-0.24699,0.5584,-5.6916,0.14809,-0.56401,-0.21951,-0.95874,23.975,-81.524,25.155,-3.8417,-7.7602,-3.0234,-1.0275,-0.17864,-0.11853,90.277,-74.628,231.79,12
9.755,-1.8891,-0.32791,0.42282,-0.23862,8.0674,-3.4135,-0.75667,-0.56401,-0.21951,-0.95874,43.898,-55.485,22.909,3.3865,-4.5071,-5.7149,-1.0275,-0.17864,-0.11853,59.825,-31.841,178.77,12
0.0050353,-1.2619,0.93906,0.38095,0.16745,5.6075,-4.2149,-3.6651,-0.70501,-0.27205,-0.84872,17.47,12.669,25.354,6.5728,-4.1305,-7.0503,-1.0275,-0.17864,-0.11853,32.807,13.19,153.95,12
-7.5985,-1.3883,0.92769,0.39351,-0.3056,3.0784,-19.292,-10.434,-0.70501,-0.27205,-0.84872,-11.505,-36.582,16.469,7.9283,-2.1888,-6.8803,-1.049,0.036961,-0.0043103,19.536,-3.3401,102.95,12
-4.9776,0.39336,1.1407,0.34746,-0.33072,15.236,-1.7368,5.5238,-0.70501,-0.27205,-0.84872,26.066,52.4,3.5723,9.8967,0.23366,-5.6342,-1.049,0.036961,-0.0043103,9.706,-34.783,34.116,12
0.17836,0.67772,2.1031,0.21769,-0.427,4.8034,1.0295,7.9016,-0.70501,-0.27205,-0.84872,50.987,130.5,9.2193,14.304,2.4971,-5.2918,-1.049,0.036961,-0.0043103,-4.1199,-70.874,-67.966,12
4.4446,-0.010268,2.4412,0.23025,-0.52329,-3.7414,2.1655,8.6334,-0.64935,-0.29268,-0.88212,80.034,130.21,15.712,16.184,2.2112,-5.879,-1.049,0.036961,-0.0043103,-17.477,-60.127,-149.93,12
4.1082,-2.3778,1.4807,0.11303,-0.61538,-1.7605,-1.9226,7.7404,-0.64935,-0.29268,-0.88212,98.672,59.013,14.175,14.474,1.7295,-6.0489,-1.0431,0.016427,0.10991,-30.237,-25.46,-235.01,12
2.3196,-2.3446,0.42056,3.3951,1.3061,2.4111,-4.5751,3.8787,-0.64935,-0.29268,-0.88212,122.93,39.505,11.721,10.936,-0.04867,-5.867,-1.0431,0.016427,0.10991,-40.86,-10.609,-303.24,12
1.6648,-1.422,-1.5911,0.21769,-0.24699,3.3768,-5.7995,0.24379,-0.52134,-0.46341,-0.87426,135.31,34.977,8.1994,8.537,-1.8894,-4.9382,-1.0431,0.016427,0.10991,-52.295,-5.0584,-340.35,12
1.6228,-0.83865,-2.3913,-0.19676,-0.59445,3.6682,-5.8547,-2.2977,-0.52134,-0.46341,-0.87426,141.9,33.627,5.1951,7.5126,-4.4128,-4.2831,-1.002,-0.36345,0.13147,-61.587,-0.75543,-373.07,12
0.30256,-0.48158,-4.0644,0.07954,-0.52329,4.3561,-7.7097,-0.67526,-0.52134,-0.46341,-0.87426,148.0,15.217,0.49534,5.5233,-7.217,-3.7046,-1.002,-0.36345,0.13147,-61.142,7.8641,-381.81,12
-0.76202,0.22231,-4.8116,0.062794,-0.45631,6.87,-7.9666,-2.6005,-0.52134,-0.46341,-0.87426,142.33,-3.8086,-9.0134,4.1371,-7.6269,-3.6938,-1.002,-0.36345,0.13147,-56.799,11.331,-375.62,12
-2.0274,1.3676,-1.4138,0.14652,-0.3056,2.3474,-6.401,-9.4112,-0.49722,-0.71857,-0.68566,131.52,34.465,-15.673,3.6559,-7.5202,-4.0218,-1.002,-0.36345,0.13147,-51.16,18.602,-350.67,12
-4.3748,2.0734,-0.60287,0.28885,-0.17582,-1.4245,-4.0781,-9.7911,-0.49722,-0.71857,-0.68566,90.305,-42.371,-13.792,2.566,-6.3342,-4.4209,-0.75882,-0.79466,0.015086,-43.397,40.864,-330.88,12
-12.105,1.7275,-3.034,0.28048,-0.15489,10.999,-4.0536,-12.291,-0.49722,-0.71857,-0.68566,45.79,-57.522,-22.13,0.59185,-6.3561,-4.6095,-0.75882,-0.79466,0.015086,-41.259,57.192,-311.14,12
-21.903,1.7158,-10.656,0.57352,0.10884,19.444,-4.4599,-18.268,-0.50464,-0.87054,-0.48134,-59.395,140.96,-47.841,0.80082,-7.8973,-4.7282,-0.75882,-0.79466,0.015086,-39.88,69.417,-303.3,12
-21.896,3.8742,-16.388,0.91261,0.35583,-9.4259,-19.499,-19.236,-0.50464,-0.87054,-0.48134,-215.41,57.934,-3.7747,0.017935,-10.554,-4.4131,-0.38627,-1.0062,-0.17888,-39.426,96.876,-297.43,12
-21.898,-0.051775,-16.72,1.0549,0.53166,-21.275,-19.128,22.8,-0.50464,-0.87054,-0.48134,-182.16,141.82,31.229,-4.0735,-15.215,-4.4795,-0.38627,-1.0062,-0.17888,-39.324,125.02,-295.54,12
-21.898,2.492,-14.534,0.49817,0.016745,19.354,11.251,-11.536,-0.50464,-0.87054,-0.48134,-173.29,-10.377,-42.029,-15.928,-18.758,-3.8129,-0.38627,-1.0062,-0.17888,-34.422,112.6,-262.83,12
-21.842,-0.30806,-12.249,0.36002,0.096285,8.0208,-2.6333,-13.822,-0.50464,-0.87054,-0.48134,-61.872,17.866,-19.432,-19.312,-18.73,-2.0303,-0.38627,-1.0062,-0.17888,8.5943,87.438,-194.93,12
-21.846,0.36911,-10.272,0.2428,0.096285,-7.617,-19.066,-17.498,-0.50464,-0.87054,-0.48134,-11.387,6.5359,-29.563,-21.334,-18.68,5.0348,0.047059,-1.078,-0.33405,15.929,84.826,-122.19,12
-19.902,0.67823,-5.9074,0.066981,0.062794,7.1061,-14.327,-11.885,-0.50464,-0.87054,-0.48134,33.682,11.223,-15.649,-21.374,-18.666,6.3583,0.047059,-1.078,-0.33405,-17.577,73.541,-68.235,12
-9.8118,-2.8466,0.1017,-0.025118,0.18001,0.99293,-15.537,-11.142,-0.28571,-0.65103,-0.91356,84.593,3.1908,-3.8883,-19.088,-18.665,4.4834,0.047059,-1.078,-0.33405,-49.649,80.019,-33.201,12
2.4563,-4.6323,1.0357,0.050235,0.3977,-6.2829,-19.356,-8.8744,-0.28571,-0.65103,-0.91356,119.69,-70.004,11.437,-21.368,-18.675,6.4829,0.19412,-1.0616,-0.34483,-68.283,29.827,-61.953,12
10.851,-3.1469,-2.7464,0.18001,0.40607,-4.2341,-19.337,-6.0092,-0.28571,-0.65103,-0.91356,169.89,-101.15,34.987,-21.453,-18.653,9.6507,0.19412,-1.0616,-0.34483,-81.234,-80.278,-51.002,12
18.946,0.16693,-6.8376,0.13815,0.20931,-3.173,-19.214,5.3201,-0.40631,-0.84615,-0.63065,201.21,-88.801,43.761,-19.646,-17.839,11.15,0.19412,-1.0616,-0.34483,-63.826,-116.93,-14.187,12
14.582,5.7678,-2.6072,-0.058608,0.054422,2.8001,-12.456,-7.9594,-0.40631,-0.84615,-0.63065,183.66,-49.91,39.106,-13.102,-11.441,9.8863,0.19412,-1.0616,-0.34483,-44.512,-124.47,49.091,12
3.7083,4.4853,-1.3858,-0.19257,-0.071167,19.585,-19.328,-18.948,-0.40631,-0.84615,-0.63065,62.893,-123.2,-14.6,-0.36555,-4.6261,9.3937,0.14118,-0.97536,-0.53233,-9.3281,-160.82,61.349,12
-7.4341,1.5023,-1.0964,-0.23443,0.016745,-8.5866,3.8989,-18.026,-0.40631,-0.84615,-0.63065,41.492,-9.5892,12.83,11.155,3.0382,1.8186,0.14118,-0.97536,-0.53233,29.873,-136.54,23.624,12
-17.068,-3.1461,-2.4621,-0.44793,0.071167,8.8357,1.7339,-15.721,-0.51577,-0.91745,-0.29666,-58.254,-100.15,10.392,9.6073,10.237,-0.32149,0.14118,-0.97536,-0.53233,37.274,-78.738,58.212,12
-8.2966,-2.8464,-0.4246,2.8467,1.8713,6.6149,-0.050995,-12.03,-0.51577,-0.91745,-0.29666,-88.901,12.449,21.134,7.8704,11.947,-2.3297,-0.088235,-1.0103,-0.50647,27.714,-11.358,107.89,12
3.3523,-1.9574,0.097523,-0.046049,0.30979,-2.9957,-1.6082,-9.3395,-0.51577,-0.91745,-0.29666,-129.13,39.64,20.224,1.0372,9.7019,-5.8066,-0.088235,-1.0103,-0.50647,11.671,-17.776,85.249,12
9.6574,-0.041128,1.6489,-0.69074,0.029304,-2.7054,-7.9219,-7.0377,-0.56957,-0.81614,-0.49312,-168.91,-0.87971,10.602,1.6615,6.6905,-5.9467,-0.088235,-1.0103,-0.50647,9.2537,-80.021,65.245,12
8.8541,1.2344,2.5848,-0.63632,-0.15908,-0.27422,-12.318,-6.0666,-0.56957,-0.81614,-0.49312,-177.89,-0.42292,3.1292,-0.36824,-0.94078,-5.0783,-0.088235,-1.0103,-0.50647,14.692,-74.794,12.594,12
3.1207,1.5385,1.7911,-0.53585,0.11303,1.2444,-14.429,-5.2923,-0.56957,-0.81614,-0.49312,-177.44,15.536,0.21891,3.183,-2.3831,-2.3067,-0.22157,-0.99589,-0.42888,23.281,-41.732,-30.164,12
-0.16679,-0.2462,3.241,-0.58608,0.071167,0.67378,-11.237,1.0386,-0.56957,-0.81614,-0.49312,-175.08,53.677,-0.49847,3.731,0.69733,-3.2672,-0.22157,-0.99589,-0.42888,15.311,76.87,-10.932,12
-2.7937,-3.7491,3.431,-0.55678,0.12559,-2.7574,-8.5383,7.5559,-0.5436,-0.57599,-0.80943,-155.19,111.28,-1.6165,-3.9168,-0.08744,-4.744,-0.22157,-0.99589,-0.42888,-4.0127,137.33,26.344,12
-0.12109,-4.0465,1.499,-0.4898,0.20094,-8.8481,0.073074,14.238,-0.5436,-0.57599,-0.80943,-112.88,126.45,2.1475,-11.109,-3.5786,-1.856,-0.18627,-1.0246,-0.43319,-12.429,85.62,55.935,12
-0.84852,-0.5033,0.99681,-0.28048,0.35165,-12.412,8.2879,11.957,-0.5436,-0.57599,-0.80943,-38.39,62.219,10.102,-11.804,-5.1215,0.84809,-0.18627,-1.0246,-0.43319,-15.26,17.939,108.9,12
-15.604,-1.6067,2.6449,-0.31816,0.30979,5.4701,-13.063,11.495,-0.35436,-0.36585,-1.0236,-59.067,-141.98,-4.6139,-11.558,-6.18,3.0035,-0.18627,-1.0246,-0.43319,-17.642,13.218,178.94,12
-21.798,-3.052,-6.4957,0.07954,0.86238,-11.453,-1.347,23.714,-0.35436,-0.36585,-1.0236,31.808,203.17,28.79,-12.496,-6.1211,4.8919,-0.18627,-1.0246,-0.43319,-16.695,71.994,249.85,12
-22.066,6.3179,-10.421,0.10466,0.92936,19.758,-19.114,-2.529,-0.35436,-0.36585,-1.0236,-50.187,-74.727,-11.813,-17.568,-4.3098,6.0241,-0.27255,-0.93634,-0.47845,-11.799,76.846,304.41,12
-21.931,3.1231,-3.94,-0.23443,0.63213,12.287,-18.98,18.861,-0.31725,-0.30019,-1.0432,-7.1854,26.677,34.942,-21.502,-3.8166,7.3404,-0.27255,-0.93634,-0.47845,-7.9381,32.041,346.81,12
-21.896,1.8799,-1.8098,-0.27211,0.60701,-1.7091,-19.137,14.036,-0.31725,-0.30019,-1.0432,4.4731,-26.467,19.367,-21.398,-9.3064,6.3576,-0.27255,-0.93634,-0.47845,-0.81465,8.3015,393.76,12
-21.897,1.9063,-2.4284,-0.29304,0.67399,-13.922,-19.35,-0.35673,-0.31725,-0.30019,-1.0432,-32.185,-42.797,7.8538,-21.184,-18.713,2.7102,-0.56667,-0.74538,-0.53664,-5.6777,-47.125,436.1,12
-17.512,0.37126,-1.1034,-0.36002,0.68237,-9.6754,-19.36,-5.2626,-0.31725,-0.30019,-1.0432,-53.815,-19.645,-23.258,-21.073,-18.747,-0.65608,-0.56667,-0.74538,-0.53664,10.396,-91.475,463.58,12
-11.192,-1.5338,0.77774,-0.36421,0.7033,-8.6699,-19.231,5.6184,-0.37662,-0.25516,-1.055,-59.429,-15.552,-46.708,-21.109,-18.718,1.1995,-0.56667,-0.74538,-0.53664,24.17,-114.37,438.09,12
-6.3406,-3.1736,0.91438,-0.27211,0.56515,-3.5345,-19.167,10.038,-0.37662,-0.25516,-1.055,-32.655,-102.24,-66.723,-21.077,-18.636,0.44322,-0.56667,-0.74538,-0.53664,42.969,-119.57,354.4,12
-1.9204,-1.455,0.14274,-0.45631,0.44793,1.864,-8.8724,-3.0812,-0.37662,-0.25516,-1.055,1.7812,-114.88,-23.274,-11.713,-3.6268,1.3187,-0.56667,-0.74538,-0.53664,34.32,-86.811,282.42,12
1.9937,0.31585,-0.29789,-0.44375,0.427,6.0853,5.3409,-5.5159,-0.49722,-0.25516,-0.98625,24.345,-153.27,-17.28,-3.9865,-0.57591,0.4087,-0.56667,-0.74538,-0.53664,-4.2007,-96.914,195.47,12
6.1139,0.36458,-0.040872,-0.53166,0.3977,-1.6965,1.0071,-0.27911,-0.49722,-0.25516,-0.98625,39.178,-130.85,-12.318,9.4742,-1.4001,-1.0075,-0.56667,-0.74538,-0.53664,-41.704,-77.003,134.59,12
7.8376,0.038148,-0.017619,-0.57771,0.42282,-3.7779,-1.8045,-8.1697,-0.49722,-0.25516,-0.98625,26.779,-190.54,-8.154,14.744,-5.0048,-3.4794,-1.0627,-0.045175,-0.045259,-51.388,-22.09,80.782,12
5.1327,0.93937,0.084543,-0.427,0.52329,11.099,-3.8943,-8.24,-0.49722,-0.25516,-0.98625,34.219,-120.89,-15.493,15.315,-3.6563,-3.6307,-1.0627,-0.045175,-0.045259,-40.74,1.4365,12.167,12
1.3734,1.0276,-0.3812,3.4537,2.6625,8.4727,-1.1371,-1.8263,-0.77922,-0.34334,-0.76031,52.459,17.274,-15.796,16.228,-1.9562,-4.6186,-1.0627,-0.045175,-0.045259,-28.066,12.111,-69.274,12
-1.1948,0.64919,-0.45736,-0.87912,0.19676,3.5843,-1.2569,1.0459,-0.77922,-0.34334,-0.76031,65.875,100.99,-11.707,13.797,-1.0488,-4.8754,-1.0451,-0.034908,-0.073276,-19.803,12.483,-132.65,12
-1.1729,0.060073,1.9107,-0.84982,0.28885,0.48848,-1.74,3.2304,-0.77922,-0.34334,-0.76031,80.785,122.49,-9.3342,10.575,-0.19437,-4.4368,-1.0451,-0.034908,-0.073276,-7.1873,17.357,-195.26,12
0.27619,-2.1932,0.40261,-0.81214,0.30141,0.73138,-3.1715,3.6404,-0.66419,-0.45966,-0.78585,94.977,124.37,-7.0393,6.5937,1.0619,-3.8115,-1.0451,-0.034908,-0.073276,-0.41687,12.173,-253.2,12
0.71295,-1.809,-0.20492,-0.80377,0.26374,-0.99031,-2.7393,2.3115,-0.66419,-0.45966,-0.78585,95.549,123.82,-8.0553,4.5436,1.0453,-3.4686,-1.0451,-0.034908,-0.073276,0.24852,6.8983,-289.96,12
1.6598,-0.66904,-0.12337,-0.68237,0.37677,-0.15701,-4.9123,1.8361,-0.66419,-0.45966,-0.78585,103.4,91.81,-11.067,1.5787,0.57185,-2.8152,-0.98627,-0.3306,-0.10776,-2.7439,12.867,-313.18,12
1.2688,0.70387,-0.43139,-0.68237,0.3977,-1.0439,-4.6018,1.2074,-0.66419,-0.45966,-0.78585,110.76,85.131,-9.7043,-0.093981,0.074412,-1.5588,-0.98627,-0.3306,-0.10776,-8.7394,5.7686,-321.17,12
-0.9174,0.92066,-0.053983,-0.50235,0.6405,-3.2286,-4.593,0.10265,-0.4564,-0.65666,-0.778,107.58,66.631,-6.1369,-0.87382,-0.83594,-0.59388,-0.98627,-0.3306,-0.10776,-14.216,-3.244,-320.47,12
-2.9244,0.76668,-0.80468,-0.26792,0.79121,-0.92081,-6.1303,2.8093,-0.4564,-0.65666,-0.778,102.15,41.547,-5.4888,-1.6526,-1.7566,-0.66075,-0.78824,-0.68994,-0.13578,-21.317,-13.214,-308.24,12
-2.3637,1.0128,-0.61411,0.03349,0.83307,-0.95861,-2.6791,-0.58104,-0.4564,-0.65666,-0.778,104.9,30.327,-7.0189,-2.4244,-2.3307,-1.0749,-0.78824,-0.68994,-0.13578,-30.789,-8.9231,-287.89,12
-5.6692,3.1584,0.71583,0.10047,0.87493,0.16859,-4.7157,-6.2237,-0.3859,-0.84428,-0.62083,71.211,-9.7029,-3.0588,-5.0576,-4.446,-0.5973,-0.78824,-0.68994,-0.13578,-43.948,21.709,-250.55,12
-19.967,1.3612,-1.5407,-0.15071,0.79958,4.1686,-2.7774,-10.41,-0.3859,-0.84428,-0.62083,40.054,-31.226,-5.395,-8.6884,-5.3859,0.40779,-0.78824,-0.68994,-0.13578,-56.896,55.425,-176.78,12
-22.016,6.8605,-16.151,-0.32653,0.90424,-1.5074,-3.34,-11.224,-0.3859,-0.84428,-0.62083,15.592,-4.1926,-2.2901,-10.919,-7.1432,2.6845,-0.54706,-0.9117,-0.25,-49.238,49.31,-91.009,12
-21.933,3.7124,-16.403,0.24699,2.8634,19.581,-17.793,-18.881,-0.43228,-0.91182,-0.53438,-81.778,165.96,-53.848,-15.804,-11.012,5.8036,-0.54706,-0.9117,-0.25,-31.638,31.919,-15.753,12
-21.874,-1.241,-7.8801,-0.42282,1.5824,-21.285,-19.138,22.82,-0.43228,-0.91182,-0.53438,-125.77,333.73,88.933,-21.496,-16.377,10.327,-0.54706,-0.9117,-0.25,-17.423,-18.792,45.327,12
-21.908,2.4521,-12.569,-0.45631,0.89168,19.233,20.739,-17.167,-0.43228,-0.91182,-0.53438,-184.95,-128.61,-86.646,-21.489,-18.612,11.83,-0.53333,-0.88912,-0.33621,-1.7509,-49.414,102.26,12
-21.857,-1.6061,-5.6919,-0.42282,0.87075,-1.2124,-5.4427,-18.524,-0.43228,-0.91182,-0.53438,-7.0637,30.713,-5.2164,-21.457,-18.629,11.11,-0.53333,-0.88912,-0.33621,16.18,-69.649,111.13,12
-16.156,-0.79131,-1.6712,-0.38932,0.96703,-3.4558,-14.669,-17.393,-0.29685,-0.75422,-0.82711,44.243,13.686,-6.6494,-21.4,-18.668,8.2124,-0.53333,-0.88912,-0.33621,15.99,-52.716,98.32,12
-3.7555,-1.1117,-0.66847,-0.58608,0.82051,1.5793,-16.512,-9.6015,-0.29685,-0.75422,-0.82711,92.814,-23.864,4.8759,-21.363,-18.663,7.6502,-0.53333,-0.88912,-0.33621,13.985,-1.8274,49.034,12
6.6465,-0.50683,-1.2561,-0.59864,0.77865,-2.3887,-19.34,-8.2096,-0.29685,-0.75422,-0.82711,153.13,-75.109,16.159,-21.325,-18.64,7.0368,-0.6549,-0.82136,-0.22845,-22.065,37.678,7.1242,12
13.605,1.586,-5.6046,-0.57771,0.44793,-8.5489,-19.273,3.3884,-0.3525,-0.90244,-0.60314,213.66,-76.449,38.05,-21.179,-18.705,3.5439,-0.6549,-0.82136,-0.22845,-56.976,47.486,9.216,12
12.246,1.3594,-2.4777,-0.88749,0.23443,-9.3703,-17.289,1.8023,-0.3525,-0.90244,-0.60314,233.34,15.098,50.016,-15.516,-14.676,3.412,-0.6549,-0.82136,-0.22845,-62.965,41.063,-3.836,12
4.6547,0.090882,-3.4234,-0.42282,0.44375,7.6156,-19.399,-19.06,-0.3525,-0.90244,-0.60314,50.71,-151.88,-11.617,-5.1608,-9.033,3.7046,-0.62157,-0.76797,-0.3944,-62.475,0.28076,20.047,12
-0.72389,-0.16933,-1.9731,2.7588,2.629,-0.87642,11.496,-10.84,-0.3525,-0.90244,-0.60314,-5.8967,-96.822,10.033,2.4617,-4.2198,3.0182,-0.62157,-0.76797,-0.3944,-42.406,-21.599,48.104,12
-7.8241,-0.71417,-0.043223,-1.574,-0.23862,8.8695,1.0265,-18.141,-0.47124,-0.96811,-0.21415,-66.03,57.358,34.946,5.6327,-1.6222,0.78348,-0.62157,-0.76797,-0.3944,-17.861,-8.7039,91.788,12
-8.1368,0.77798,1.9437,-1.0801,0.058608,3.9351,0.44114,-17.272,-0.47124,-0.96811,-0.21415,-124.71,77.21,23.367,5.05,2.8239,-2.6088,-0.62157,-0.76797,-0.3944,4.7509,26.261,108.14,12
-2.1615,-0.0046722,0.3259,-1.0424,0.31816,-3.239,-9.8247,-8.2111,-0.47124,-0.96811,-0.21415,-170.25,48.859,13.306,0.90316,5.3777,-4.2311,-0.72353,-0.68583,-0.41595,-5.8876,39.61,89.378,12
2.8928,0.30727,0.44871,-0.87912,0.48561,-3.4421,-12.882,-3.0118,-0.49165,-0.85178,-0.52652,-182.24,19.254,3.7409,8.3614,3.654,-3.5985,-0.72353,-0.68583,-0.41595,-17.946,36.659,54.509,12
6.2835,1.9853,0.68394,-0.55678,1.5238,-2.2626,-10.936,-2.5069,-0.49165,-0.85178,-0.52652,-178.65,15.731,-1.6348,9.7469,3.3133,-2.6677,-0.72353,-0.68583,-0.41595,-10.544,76.672,15.99,12
5.9789,2.57,-0.51607,-0.84144,1.4778,1.3223,-10.773,-3.0358,-0.49165,-0.85178,-0.52652,-176.95,5.6227,-4.3095,3.3522,1.8996,-0.040437,-0.67451,-0.61191,-0.52371,-8.3581,79.813,-12.518,12
-6.3852,0.067081,1.0481,-1.1345,0.56515,-0.48229,-9.7603,1.1947,-0.47866,-0.58349,-0.86051,-170.54,34.916,-1.2674,0.87668,0.3433,1.3297,-0.67451,-0.61191,-0.52371,-2.3945,29.851,-29.949,12
-6.9552,-5.7777,2.1326,-0.092098,0.12559,-4.3214,-4.9517,7.803,-0.47866,-0.58349,-0.86051,-147.52,50.833,1.7207,0.7476,0.56226,2.226,-0.67451,-0.61191,-0.52371,4.0319,-9.7349,-43.865,12
-2.3596,-2.2227,4.7579,0.1214,0.51073,-3.3488,1.0113,11.027,-0.47866,-0.58349,-0.86051,-110.43,30.095,4.7937,0.57527,1.2806,3.064,-0.67451,-0.61191,-0.52371,11.46,-38.901,-49.201,12
-4.1789,-6.7118,2.3538,0.066981,0.41863,-6.4879,3.3247,11.674,-0.47866,-0.58349,-0.86051,-60.823,-2.878,11.779,-0.48848,2.6938,4.3847,-0.63137,-0.6345,-0.5625,15.864,-47.372,-38.92,12
-13.955,-8.8245,-1.2047,-0.1214,0.32234,-4.4635,-4.5339,-1.9067,-0.42857,-0.33208,-1.0059,-36.902,-92.475,14.65,-4.9768,3.1418,8.1779,-0.63137,-0.6345,-0.5625,18.05,-44.197,-9.6663,12
-21.766,-4.6255,-5.6795,-0.020931,0.70748,19.912,-13.277,19.806,-0.42857,-0.33208,-1.0059,24.234,-50.151,-19.608,-4.8686,4.1989,9.887,-0.63137,-0.6345,-0.5625,34.02,8.8356,46.44,12
-21.924,3.2483,-10.392,-0.27211,0.58189,1.7578,-19.079,14.866,-0.42857,-0.33208,-1.0059,69.494,85.36,-5.9953,-16.447,3.225,10.505,-0.6549,-0.67146,-0.48707,51.819,101.16,131.07,12
-21.929,4.0055,-6.3132,-0.36839,0.38932,19.909,-19.001,14.749,-0.46382,-0.35084,-0.99214,1.7887,-4.7885,-5.4713,-21.728,1.903,12.303,-0.6549,-0.67146,-0.48707,65.054,96.093,273.26,12
-21.854,-1.2446,-1.4383,-0.37258,0.3977,3.3638,-19.199,2.8966,-0.46382,-0.35084,-0.99214,39.255,7.3139,21.22,-21.569,0.70077,9.0767,-0.6549,-0.67146,-0.48707,74.607,10.089,393.81,12
-21.828,-2.0128,-1.3601,-0.3349,0.36002,-11.349,-19.369,-2.2069,-0.46382,-0.35084,-0.99214,6.763,10.758,21.258,-21.423,-6.421,6.8977,-0.6549,-0.67146,-0.48707,83.142,-69.979,453.63,12
-20.68,-0.83127,-0.18008,-0.34746,0.32234,-1.3897,-19.299,-4.1872,-0.46382,-0.35084,-0.99214,-17.658,11.92,-1.0647,-21.361,-14.757,8.2726,-0.85098,-0.44764,-0.43319,83.776,-168.22,466.53,12
-10.098,-3.6691,-0.7618,-0.45631,0.33072,-1.8842,-19.201,6.667,-0.45269,-0.35084,-0.98232,-27.199,0.63896,-19.953,-21.329,-18.671,7.8581,-0.85098,-0.44764,-0.43319,65.008,-195.74,436.47,12
-1.7621,-3.3088,-0.17148,-0.62794,0.10466,-4.3172,-19.142,15.468,-0.45269,-0.35084,-0.98232,-29.879,-51.444,-50.98,-19.872,-18.637,5.2765,-0.85098,-0.44764,-0.43319,46.053,-152.37,344.68,12
4.7248,-1.3917,-1.5568,-0.71586,-0.046049,0.65851,-12.954,-6.2869,-0.45269,-0.35084,-0.98232,49.345,-86.548,-14.263,-9.0458,0.42052,0.052276,-1.0784,0.010267,0.025862,19.385,-72.257,289.2,12
6.5443,0.055604,0.98395,-0.81214,-0.07954,2.0896,-0.70412,-7.0456,-0.51763,-0.38649,-0.93713,31.193,-86.367,7.1662,0.35263,6.8098,-3.0241,-1.0784,0.010267,0.025862,-47.714,-31.744,208.03,12
5.5717,-0.80803,-0.49378,2.1141,1.4861,6.4804,-1.0593,-0.97774,-0.51763,-0.38649,-0.93713,44.791,-58.246,5.1701,4.8287,-0.1557,-0.57029,-1.0784,0.010267,0.025862,-73.299,-4.9513,139.38,12
2.9204,-0.058495,-0.32105,0.75772,1.1805,-0.91295,1.8744,-1.6654,-0.51763,-0.38649,-0.93713,39.917,-87.372,11.186,10.473,-3.1038,2.6156,-1.0784,0.010267,0.025862,-54.148,-10.873,74.477,12
-0.63116,-0.26039,0.15551,-1.0005,-0.071167,-3.0917,-11.24,-9.1867,-0.51763,-0.38649,-0.93713,4.1552,-160.78,11.914,12.2,-3.6181,0.1941,-1.0451,0.24025,0.11422,-18.083,4.9423,4.282,12
-1.5419,-0.68053,-0.15598,-0.82051,-0.19676,8.7123,-0.02227,-1.2369,-0.68275,-0.41276,-0.78389,24.309,-87.766,1.9788,12.208,-1.634,-2.4046,-1.0451,0.24025,0.11422,12.568,36.008,-70.867,12
-1.5215,-0.69052,-0.14636,-0.7326,-0.16745,6.3115,-1.5641,1.0162,-0.68275,-0.41276,-0.78389,47.881,31.448,-1.5607,15.278,-2.0624,-4.2385,-1.0451,0.24025,0.11422,24.789,55.206,-117.02,12
-0.26661,-1.3158,-0.0026299,-0.64469,-0.15908,5.0629,-2.237,3.0325,-0.68275,-0.41276,-0.78389,64.12,89.267,-7.3699,7.1132,0.29129,-3.8709,-1.0549,0.16427,0.012931,47.884,84.624,-164.87,12
2.0826,-1.0991,-0.1305,-0.64469,-0.18838,4.4347,-2.8826,2.8273,-0.718,-0.47092,-0.72299,69.124,108.3,-11.701,4.2563,1.9481,-4.1943,-1.0549,0.16427,0.012931,50.675,76.482,-177.73,12
2.6674,-0.5406,0.16187,-0.53166,-0.16327,4.3705,-3.7959,0.60391,-0.718,-0.47092,-0.72299,76.644,130.24,-15.678,2.775,1.6329,-3.71,-1.0549,0.16427,0.012931,47.952,73.478,-172.34,12
2.9498,-0.013631,0.27246,-0.32653,0.012559,0.62537,-3.3268,-0.99342,-0.718,-0.47092,-0.72299,80.979,146.9,-15.787,0.12018,3.4352,-2.4845,-1.0549,0.16427,0.012931,48.021,62.427,-206.52,12
2.7494,0.91198,0.43997,-0.10047,0.1214,-1.0238,-2.4134,-1.7351,-0.50093,-0.64165,-0.77603,74.157,127.15,-17.04,0.363,1.7233,-1.6743,-1.0275,-0.092402,-0.1875,41.32,38.647,-195.59,12
2.1401,1.5807,0.637,-0.0041863,0.23862,-0.58979,-3.1376,-0.89195,-0.50093,-0.64165,-0.77603,70.207,102.6,-17.726,-0.82352,1.2304,-0.95931,-1.0275,-0.092402,-0.1875,35.647,27.862,-190.9,12
1.4501,1.2347,0.20586,-0.016745,0.15908,-6.1868,-0.93292,-0.2231,-0.50093,-0.64165,-0.77603,72.78,114.32,-7.2164,-2.2637,0.077643,-1.2357,-1.0275,-0.092402,-0.1875,28.768,4.2899,-177.45,12
0.27374,0.45435,-0.717,-0.20094,0.041863,-6.8463,-4.0876,3.123,-0.50093,-0.64165,-0.77603,60.721,35.173,3.6286,-0.99093,0.51526,-1.4742,-0.98039,-0.35524,-0.22629,21.887,-19.608,-160.38,12
-0.50184,-0.16038,-0.62496,-0.23443,-0.07954,-1.3728,-3.7432,4.8929,-0.3525,-0.74859,-0.75049,61.542,-27.955,0.34741,-0.94948,0.19916,-2.0838,-0.98039,-0.35524,-0.22629,8.5118,-28.537,-141.06,12
-2.2963,-0.84091,-2.0441,-0.30979,-0.13396,1.4825,-2.9464,0.40917,-0.3525,-0.74859,-0.75049,56.579,-27.355,3.3267,-0.8668,0.07535,-2.465,-0.98039,-0.35524,-0.22629,-4.4442,-31.493,-122.88,12
-8.353,-0.024771,-5.8759,-0.27211,0.083726,-2.1099,-4.2778,-3.0267,-0.3525,-0.74859,-0.75049,45.752,-17.522,9.2169,-3.1378,-1.034,-2.3954,-0.98039,-0.35524,-0.22629,-18.389,-25.565,-106.61,12
-21.793,-2.2509,-9.8342,-0.34746,0.84563,19.585,-19.318,-18.937,-0.41187,-0.84053,-0.63261,-133.96,-45.816,-71.466,-3.7663,-0.84178,-1.1775,-0.90392,-0.52156,-0.17888,-25.892,-39.817,-87.484,12
-22.052,8.6362,-15.97,-0.18838,0.18838,19.555,-19.338,-18.938,-0.41187,-0.84053,-0.63261,-134.27,-39.208,-30.833,-2.8916,-0.94631,0.36935,-0.90392,-0.52156,-0.17888,-27.424,-49.4,-67.202,12
-21.755,-5.1771,-11.119,-0.058608,0.27211,-21.315,-19.158,22.839,-0.41187,-0.84053,-0.63261,-174.4,145.6,49.218,-10.446,-3.0611,3.8886,-0.90392,-0.52156,-0.17888,-18.703,-74.993,-58.83,12
-21.867,0.41588,-6.8889,-0.47724,-0.2763,8.3575,-5.1942,-18.426,-0.41187,-0.84053,-0.63261,-121.92,-6.4873,-21.595,-21.434,-7.188,6.2031,-0.89412,-0.58932,-0.075431,6.8713,-192.58,-86.023,12
-21.873,-0.30922,-7.112,-0.44793,-0.20931,3.0669,-7.3571,-13.931,-0.282,-0.67917,-0.92141,-41.758,27.207,8.0667,-21.48,-7.2693,7.074,-0.89412,-0.58932,-0.075431,27.945,-293.43,-149.94,12
-21.787,-2.0813,-5.5768,-0.55678,-0.10047,-7.0231,-17.034,-14.245,-0.282,-0.67917,-0.92141,10.415,14.758,1.8086,-17.758,-7.7449,20.509,-0.89412,-0.58932,-0.075431,-26.17,-265.15,-279.82,12
-10.885,-3.2103,-0.96261,-0.41444,-0.046049,3.4594,-14.091,-13.045,-0.282,-0.67917,-0.92141,72.466,20.743,3.2495,-7.304,-18.401,23.934,-0.89412,-0.58932,-0.075431,-70.044,-56.471,-236.22,12
0.29845,-2.8015,-0.3574,3.4997,2.0973,-3.2541,-15.989,-10.79,-0.24119,-0.6848,-0.92927,122.94,-0.6789,5.6289,-21.933,-18.511,23.949,-0.68039,-0.81109,0.33836,-64.047,184.21,-154.39,12
10.999,-2.48,-3.6232,-0.50654,0.15489,-6.7256,-19.36,-9.2644,-0.24119,-0.6848,-0.92927,171.63,-76.212,13.203,-21.767,-18.562,19.759,-0.68039,-0.81109,0.33836,-99.462,179.5,-80.319,12
16.369,0.2504,-5.6406,-0.68237,-0.34328,-13.165,-19.318,-0.087117,-0.24119,-0.6848,-0.92927,225.84,-74.552,41.106,-21.569,-18.572,15.832,-0.68039,-0.81109,0.33836,-132.82,164.83,-38.24,12
14.947,3.6621,-4.7967,-1.1052,-1.1303,0.47339,-7.7901,-18.614,-0.24119,-0.6848,-0.92927,170.73,-136.94,30.999,-16.419,-14.346,12.418,-0.59608,-0.91376,-0.12284,-119.52,130.4,-56.402,12
5.1542,3.4,-3.5361,-1.0591,-1.1094,14.544,-19.319,-18.987,-0.24119,-0.6848,-0.92927,70.915,-139.98,-5.2133,-13.258,-8.4758,7.42,-0.59608,-0.91376,-0.12284,-101.08,107.14,-40.638,12
-2.1515,2.5226,-2.8993,-0.74935,-0.55678,-8.8561,2.5258,-15.733,-0.24119,-0.6848,-0.92927,15.173,-90.243,29.748,-3.7126,-4.9128,4.7231,-0.59608,-0.91376,-0.12284,-87.061,19.174,-2.655,12
-9.8815,0.63851,0.0048344,-0.72841,-0.24699,10.489,1.094,-15.351,-0.24119,-0.6848,-0.92927,-72.033,-145.7,30.459,1.1147,-0.38363,2.6371,-0.59608,-0.91376,-0.12284,-63.344,3.1531,16.03,12
-9.2018,-2.0287,0.74373,-0.60701,-0.55259,3.3027,1.0127,-12.593,-0.51948,-0.91182,-0.30845,-108.13,-53.781,36.467,4.8173,2.3298,2.9811,-0.52549,-0.83162,-0.41595,-52.111,-4.606,49.906,12
-2.2463,-1.8283,1.7933,-0.29304,-0.38932,-0.029362,-5.2105,-9.1671,-0.51948,-0.91182,-0.30845,-158.94,-54.374,33.16,3.8984,3.9474,3.739,-0.52549,-0.83162,-0.41595,-30.768,-24.725,37.538,12
2.6339,-0.88627,1.3623,0.10047,-0.016745,0.97847,-10.341,-6.3718,-0.51948,-0.91182,-0.30845,-172.63,-45.43,26.129,5.618,4.5223,1.2261,-0.52549,-0.83162,-0.41595,-13.985,-52.051,7.822,12
4.9354,0.20153,-1.0766,0.21769,0.0083726,0.41092,-14.186,-5.7469,-0.63822,-0.71295,-0.55403,-176.21,-17.137,25.341,5.1547,3.8855,-0.45156,-0.6,-0.77207,-0.45259,-8.5412,-46.222,-39.059,12
5.2639,0.44292,-0.64435,0.14652,0.054422,-0.098232,-12.634,-2.0494,-0.63822,-0.71295,-0.55403,-179.97,-9.2095,24.326,6.1953,2.5597,-2.0283,-0.6,-0.77207,-0.45259,-12.608,-22.012,-72.234,12
2.5917,-0.79661,2.4546,-0.062794,0.03349,10.197,-13.103,5.551,-0.63822,-0.71295,-0.55403,-170.65,49.596,20.522,1.0804,0.99987,1.9875,-0.6,-0.77207,-0.45259,-4.1044,2.4909,-81.695,12
-3.4007,-2.6916,5.1578,-0.28885,-0.2135,-0.088085,-2.2331,9.3666,-0.63822,-0.71295,-0.55403,-98.577,196.4,18.767,-8.6608,-0.47149,6.8514,-0.6,-0.77207,-0.45259,16.22,-47.635,-64.903,12
-11.043,-5.4195,1.6175,-0.28048,-0.26792,-10.041,7.5788,2.4348,-0.5807,-0.43527,-0.8723,-45.872,108.72,12.817,-10.444,-0.8326,6.7396,-0.54902,-0.83368,-0.41595,29.959,-145.97,6.391,12
-18.786,-4.6278,-1.4586,-0.37677,-0.43956,6.5074,-3.6265,18.54,-0.5807,-0.43527,-0.8723,24.584,63.424,10.851,-9.6949,-1.1778,5.2224,-0.54902,-0.83368,-0.41595,37.51,-144.86,70.43,12
-21.797,-2.5946,-6.7809,-0.13815,-0.054422,-1.1709,-12.453,8.2094,-0.5807,-0.43527,-0.8723,41.085,101.06,20.39,-9.2167,-3.5227,10.73,-0.54902,-0.83368,-0.41595,54.891,-112.36,125.33,12
-21.889,1.0078,-11.562,0.15908,0.29304,20.013,-18.906,23.244,-0.41929,-0.39212,-0.97053,-3.6872,63.34,-3.4457,-7.3254,-4.1245,14.554,-0.71176,-0.80698,-0.13793,94.063,-37.187,204.78,12
-22.024,7.7455,-12.734,-0.44375,-0.3977,5.9034,-19.065,18.21,-0.41929,-0.39212,-0.97053,32.21,62.247,3.3509,-13.681,-3.6441,18.589,-0.71176,-0.80698,-0.13793,141.45,-2.1628,270.0,12
-21.893,2.7432,-3.2794,-0.80377,-0.32234,-6.6016,-19.275,2.1994,-0.41929,-0.39212,-0.97053,23.189,7.8415,3.2096,-15.696,-2.8984,20.157,-0.71176,-0.80698,-0.13793,182.78,-33.895,296.05,12
-21.857,0.44151,-4.3918,-0.82889,-0.50654,-13.003,-19.351,-4.3892,-0.41929,-0.39212,-0.97053,-1.2362,7.1683,-0.91276,-22.043,-0.57362,24.638,-0.71176,-0.80698,-0.13793,204.94,-62.719,230.72,12
-21.85,0.055457,-3.1529,-0.72423,-0.78702,-7.1889,-19.301,-0.43279,-0.35436,-0.4409,-0.97053,-20.994,21.678,-10.187,-21.956,-2.9615,23.852,-0.91961,-0.55031,0.17888,199.79,-92.921,127.31,12
-11.95,0.52157,-4.511,0.48142,-0.050235,-2.5859,-19.249,5.8346,-0.35436,-0.4409,-0.97053,-36.096,-10.832,-18.217,-17.344,-9.9354,14.462,-0.91961,-0.55031,0.17888,171.04,-5.0347,30.547,12
0.5656,0.0030429,-4.7892,2.7462,1.6996,-0.86676,-19.091,14.641,-0.35436,-0.4409,-0.97053,-20.429,-79.429,-16.979,-18.495,0.82229,2.2286,-0.91961,-0.55031,0.17888,111.89,76.201,-35.708,12
11.954,-0.71157,-2.7483,-1.1805,-0.87493,2.0409,-16.144,7.3382,-0.37477,-0.39775,-0.97642,12.029,-72.23,-3.8473,-13.79,10.146,5.6115,-0.9549,-0.3655,0.35129,-44.94,84.09,15.589,12
19.049,-0.40984,-0.57373,-0.68655,-0.56096,5.5911,-9.7196,-2.6488,-0.37477,-0.39775,-0.97642,-6.8842,-102.68,-5.1847,-11.267,-5.4098,14.021,-0.9549,-0.3655,0.35129,-114.74,34.201,20.468,12
11.922,-2.1642,0.057855,-0.9461,-0.83307,7.8415,-12.343,-1.6638,-0.37477,-0.39775,-0.97642,-12.425,-86.665,-13.026,-3.0949,-1.0449,0.51026,-0.9549,-0.3655,0.35129,-115.98,-161.71,-25.251,12
-1.4439,-1.0375,2.3066,-0.75772,0.13396,0.26975,2.2556,5.7613,-0.53432,-0.40338,-0.92731,-7.4502,-67.815,-4.3676,10.8,0.11954,-12.046,-0.9549,-0.3655,0.35129,-123.98,-135.67,-25.311,12
-9.956,-3.2087,1.827,-0.58608,-0.38095,4.9056,-8.0031,-7.2365,-0.53432,-0.40338,-0.92731,-24.572,-105.08,-5.2399,12.459,-2.0527,-10.269,-0.93529,-0.42916,0.37716,-114.34,-33.712,-55.379,12
-10.62,-2.3509,0.23052,-0.47724,-0.44793,9.6561,-3.9258,1.4836,-0.53432,-0.40338,-0.92731,20.178,22.734,-10.732,6.5256,-0.10484,-4.4844,-0.93529,-0.42916,0.37716,-100.99,45.01,-64.564,12
-1.8034,-0.73855,1.3441,-0.31397,-0.39351,-0.92063,-1.0402,5.8763,-0.53432,-0.40338,-0.92731,53.732,93.775,-10.093,5.9772,-0.48743,-3.7431,-0.93529,-0.42916,0.37716,-95.869,71.962,-50.29,12
4.2516,-0.45949,0.70601,0.075353,-0.23862,-3.9822,-0.15079,5.7131,-0.52319,-0.4409,-0.87426,73.234,67.892,-4.3081,3.1462,2.4763,-0.36577,-0.90196,-0.577,0.21767,-79.649,96.182,-116.63,12
5.3193,0.19664,-0.20335,0.19257,-0.14652,-2.1157,-1.0218,4.7507,-0.52319,-0.4409,-0.87426,88.465,23.886,-0.56515,-0.6769,1.2249,1.4883,-0.90196,-0.577,0.21767,-70.593,68.203,-146.86,12
3.3443,0.96618,-0.34462,0.17164,-0.10466,-0.35834,-2.3099,2.6726,-0.52319,-0.4409,-0.87426,107.18,26.451,1.1993,0.029645,1.9603,0.025096,-0.90196,-0.577,0.21767,-64.995,35.531,-159.78,12
0.79814,1.0019,-0.40456,0.075353,-0.037677,-1.9242,-3.375,0.12451,-0.46197,-0.62852,-0.81139,120.42,37.328,5.1548,0.22104,2.0561,-2.3868,-0.90196,-0.577,0.21767,-69.362,29.702,-166.31,12
-0.88422,-0.23338,-0.7789,-0.14652,-0.39351,-2.8813,-4.4033,-1.7177,-0.46197,-0.62852,-0.81139,123.02,29.412,8.7895,-0.72353,-0.29119,-2.1187,-0.78431,-0.74949,-0.025862,-75.658,28.465,-169.31,12
-0.87953,0.037264,-1.5756,-0.25955,-0.35165,-3.13,-4.6471,-2.3366,-0.46197,-0.62852,-0.81139,116.79,19.016,11.904,-5.1371,-4.8747,1.5271,-0.78431,-0.74949,-0.025862,-78.515,30.024,-161.44,12
0.010153,-0.50764,-2.7615,-0.29304,-0.2135,1.4485,-4.1018,-7.2114,-0.46197,-0.62852,-0.81139,112.53,0.34256,9.4342,-6.2245,-6.4005,2.9508,-0.78431,-0.74949,-0.025862,-71.057,3.8361,-141.17,12
-0.42228,0.91205,-0.71792,-0.29723,-0.19257,2.502,-3.061,-12.045,-0.45826,-0.79737,-0.62279,85.491,8.8699,8.3025,-5.2578,-6.3828,2.7225,-0.62745,-0.86242,-0.21336,-63.463,-26.691,-101.0,12
-1.6583,0.59262,1.706,-0.2135,0.050235,3.2469,-1.6718,-13.718,-0.45826,-0.79737,-0.62279,51.536,24.255,8.972,-3.9515,-5.3616,1.8361,-0.62745,-0.86242,-0.21336,-48.222,-28.705,-51.219,12
-3.6974,-3.0105,0.38169,-0.38514,-0.083726,2.5769,-0.68881,-14.425,-0.45826,-0.79737,-0.62279,11.543,51.811,6.3217,-5.0983,-4.6318,2.8205,-0.62745,-0.86242,-0.21336,-36.432,-34.62,4.3107,12
-14.62,-2.3484,-5.0324,-0.38932,-0.33072,1.7246,-1.033,-11.222,-0.47124,-0.86304,-0.54617,-23.996,42.442,-0.3774,-4.3076,-4.6121,3.7902,-0.62745,-0.86242,-0.21336,-18.977,-48.468,34.401,12
-21.689,-7.952,-17.4,-0.35165,-0.24699,19.596,-19.308,-18.936,-0.47124,-0.86304,-0.54617,-278.61,-73.361,-87.201,-2.318,-3.9276,3.2411,-0.60392,-0.85626,-0.25647,2.7661,-46.548,48.535,12
-21.933,5.2565,-16.274,-0.13815,0.36421,-15.066,-19.104,22.29,-0.47124,-0.86304,-0.54617,-104.11,74.986,-31.424,-3.0743,-6.5268,4.3195,-0.60392,-0.85626,-0.25647,21.594,-30.901,53.087,12
-21.872,0.18542,-13.141,-0.74935,-0.11303,-4.9374,-18.998,22.98,-0.47124,-0.86304,-0.54617,-110.4,14.131,-26.505,-9.9695,-14.718,12.222,-0.60392,-0.85626,-0.25647,47.68,-25.488,57.887,12
-21.895,0.78954,-9.9395,2.0471,0.78702,-9.7949,-16.142,-19.103,-0.28015,-0.72795,-0.85069,-98.566,5.9398,-35.75,-18.733,-18.564,14.624,-0.68039,-0.83162,-0.14655,78.772,-58.2,66.417,12
-21.796,-3.1204,-5.7124,0.84982,0.7954,9.4172,-5.2945,-14.598,-0.28015,-0.72795,-0.85069,-24.974,-4.8879,-15.902,-19.878,-18.582,13.81,-0.68039,-0.83162,-0.14655,104.43,-77.163,46.904,12
-16.482,-2.6625,-0.73436,-0.71167,-0.30141,-3.033,-14.574,-13.79,-0.28015,-0.72795,-0.85069,41.17,15.368,-12.521,-20.452,-18.554,17.583,-0.68039,-0.83162,-0.14655,92.73,-44.787,-12.138,12
-5.1164,-3.7743,1.6077,-0.71586,-0.3977,3.3779,-12.61,-9.5134,-0.23748,-0.66041,-0.91945,93.205,4.0221,3.8677,-20.717,-18.539,22.083,-0.68039,-0.83162,-0.14655,49.672,12.046,1.956,12
6.7218,-1.7447,0.37982,-0.69911,-0.40188,-4.4487,-16.919,-9.7446,-0.23748,-0.66041,-0.91945,138.82,-66.709,23.72,-21.83,-18.515,22.491,-0.72353,-0.81314,0.12069,11.394,-27.602,27.941,12
14.298,0.27385,-5.0069,-0.58608,-0.38514,-9.7001,-19.343,-1.5954,-0.23748,-0.66041,-0.91945,211.53,-112.57,48.843,-18.32,-14.661,20.892,-0.72353,-0.81314,0.12069,-22.225,-86.097,79.478,12
18.772,0.77681,-8.4038,-0.63632,-0.50235,-5.2434,-19.336,-4.9047,-0.41744,-0.89681,-0.58153,208.7,-94.014,46.983,-6.9039,-8.9256,14.439,-0.72353,-0.81314,0.12069,-27.486,-91.476,98.921,12
10.822,2.8436,-4.8493,-0.77865,-0.28467,9.4146,-10.097,-18.64,-0.41744,-0.89681,-0.58153,129.97,-122.95,17.966,3.7769,-3.0156,5.443,-0.76078,-0.74127,0.21767,-21.479,-47.351,107.26,12
2.7298,2.3978,-1.7,-0.48561,0.041863,18.294,-16.624,-18.846,-0.41744,-0.89681,-0.58153,49.974,-183.99,-17.197,12.232,-0.050338,-2.0338,-0.76078,-0.74127,0.21767,-9.7729,10.144,97.176,12
-5.8968,1.4048,-0.9262,-0.38932,-0.22187,7.2668,0.016046,-18.197,-0.41744,-0.89681,-0.58153,-17.074,-104.23,21.586,13.677,2.9412,-5.8842,-0.76078,-0.74127,0.21767,11.027,79.346,87.153,12
-13.576,-2.0037,-0.07507,-0.24699,0.2135,4.6839,3.3641,-18.045,-0.53803,-0.91182,-0.27505,-62.233,23.558,28.715,11.122,4.8466,-7.341,-0.76078,-0.74127,0.21767,22.771,122.69,77.207,12
-8.889,-2.0141,0.59768,-0.17582,0.016745,-5.5912,0.19761,-9.9419,-0.53803,-0.91182,-0.27505,-126.37,15.025,24.744,11.565,7.0616,-8.8448,-0.76078,-0.74127,0.21767,24.106,130.5,60.91,12
-0.84966,-0.95135,1.3565,-0.28885,-0.16745,-4.334,-6.7482,-7.4953,-0.53803,-0.91182,-0.27505,-165.47,-31.556,16.323,10.441,6.5311,-7.8922,-0.76078,-0.74127,0.21767,16.323,178.12,24.177,12
5.503,-0.40105,0.15338,-0.20094,0.075353,1.3927,-11.195,-5.5979,-0.58442,-0.77674,-0.50295,-175.93,-6.4976,15.993,6.1368,3.5958,-6.4244,-0.76078,-0.74127,0.21767,5.5577,214.66,-16.837,12
7.6722,-0.27898,-0.79353,-0.32653,-0.24699,1.0849,-11.036,-4.5826,-0.58442,-0.77674,-0.50295,-169.45,54.355,16.698,-0.36534,-0.18759,-3.7594,-0.85098,-0.60986,-0.19612,1.9328,211.23,-54.781,12
7.4379,0.32892,0.80855,-0.32234,-0.083726,-1.7115,-10.666,-1.2066,-0.58442,-0.77674,-0.50295,-170.59,65.926,12.565,-4.5571,-2.1305,-0.054444,-0.85098,-0.60986,-0.19612,15.299,147.47,-83.118,12
2.515,0.0055622,2.9689,-0.41444,-0.0041863,-1.497,-9.5839,3.985,-0.58442,-0.77674,-0.50295,-161.21,76.475,6.7885,-7.2509,-1.3585,1.1508,-0.85098,-0.60986,-0.19612,25.398,62.221,-86.396,12
-3.0797,-1.067,5.6408,-0.37677,-0.096285,-1.9689,-4.8969,5.3605,-0.5269,-0.52345,-0.83694,-136.74,101.18,3.1659,-7.4931,-0.76642,-0.64249,-0.68431,-0.68788,-0.42457,23.148,-19.103,-72.27,12
-7.4018,-3.14,4.5806,-0.36839,-0.34746,-4.0782,-1.7437,8.7991,-0.5269,-0.52345,-0.83694,-107.37,83.826,4.9166,-4.8122,0.16352,-0.64807,-0.68431,-0.68788,-0.42457,11.847,-54.039,-56.262,12
-12.297,-5.374,5.9163,-0.43537,-0.40607,1.4801,-5.6464,6.6491,-0.5269,-0.52345,-0.83694,-76.259,11.955,2.8486,-3.159,-1.3658,4.4213,-0.68431,-0.68788,-0.42457,-0.39637,-21.684,-27.228,12
-21.589,-12.979,1.5477,-0.27211,-0.14652,-5.5485,-2.4804,22.258,-0.40631,-0.27392,-1.0275,-4.6524,34.175,4.6575,-7.1035,-3.7962,11.383,-0.68431,-0.68788,-0.42457,11.191,41.851,40.239,12
-22.032,7.6562,-15.932,0.33909,1.5782,13.625,-18.937,23.179,-0.40631,-0.27392,-1.0275,-29.523,-100.62,-14.709,-15.245,-2.8489,14.108,-0.66667,-0.75154,-0.36207,40.299,62.213,127.26,12
-21.943,4.2442,-5.9549,-0.2135,0.5191,18.21,-19.078,9.072,-0.40631,-0.27392,-1.0275,32.163,56.192,10.916,-21.787,-4.8151,17.488,-0.66667,-0.75154,-0.36207,73.298,22.759,225.79,12
-21.989,5.5156,-0.81939,3.1774,2.1685,3.736,-19.183,5.4324,-0.32096,-0.26454,-1.0393,28.514,-1.0191,24.26,-21.789,-8.5585,19.145,-0.66667,-0.75154,-0.36207,118.7,-50.859,314.07,12
-21.877,-0.1086,-2.9361,-1.2266,-0.69492,-15.967,-19.375,-3.8784,-0.32096,-0.26454,-1.0393,-2.5889,-10.249,26.128,-21.754,-10.225,18.53,-0.8549,-0.56674,-0.21983,161.02,-145.8,372.19,12
-20.043,-0.88406,-6.3848,-0.61538,-0.28885,-10.973,-19.382,-7.4955,-0.32096,-0.26454,-1.0393,-27.144,0.27144,2.2718,-21.866,-6.5961,21.389,-0.8549,-0.56674,-0.21983,183.64,-109.77,350.26,12
-9.3728,-2.0691,-5.4915,-0.65725,-0.22606,-5.3515,-19.281,-0.35089,-0.32096,-0.26454,-1.0393,-27.194,18.07,-20.127,-21.825,-9.7492,21.075,-0.8549,-0.56674,-0.21983,161.14,-25.756,289.76,12
1.115,-0.19657,-4.4808,-0.69074,-0.10466,-7.7603,-19.147,15.028,-0.33024,-0.24203,-1.053,-57.478,-57.957,-57.578,-21.564,-11.049,13.135,-0.8549,-0.56674,-0.21983,133.11,25.094,246.82,12
6.6548,1.0964,-0.96448,-0.60283,-0.23443,-5.5212,-19.122,17.53,-0.33024,-0.24203,-1.053,32.24,-156.1,-39.776,-21.491,9.1565,2.6453,-1.049,-0.21561,0.092672,101.85,5.8401,195.84,12
8.5187,1.3377,1.0151,-0.32234,-0.18838,6.2755,-11.297,0.9458,-0.33024,-0.24203,-1.053,-7.7393,-182.67,-18.798,-13.709,20.604,-2.5844,-1.049,-0.21561,0.092672,8.7474,-130.64,138.67,12
6.359,-1.285,2.537,-0.087912,-0.054422,8.4414,-5.7157,1.6945,-0.56401,-0.26642,-0.93124,-6.1027,-155.9,-13.182,2.2293,9.7345,-5.5549,-1.049,-0.21561,0.092672,-63.702,-176.32,108.43,12
2.1806,-3.4743,2.1399,0.22606,0.28885,-0.81465,1.2615,0.4091,-0.56401,-0.26642,-0.93124,-13.655,-136.01,-2.1186,18.809,3.3425,-11.75,-1.0176,-0.030801,0.36853,-72.742,-128.82,94.057,12
-0.4375,-3.3777,1.9802,0.43537,0.38514,-0.3483,-12.731,-8.7859,-0.56401,-0.26642,-0.93124,-46.083,-251.65,-4.2098,19.545,4.7989,-15.114,-1.0176,-0.030801,0.36853,-59.995,-3.094,29.878,12
-1.774,-2.2114,1.1799,0.41026,0.29723,17.6,-2.0514,-0.18698,-0.56401,-0.26642,-0.93124,0.82864,-92.302,-21.604,18.517,2.1371,-17.289,-1.0176,-0.030801,0.36853,-65.121,76.8,-43.948,12
-2.0256,-1.2436,1.1197,0.3349,0.2428,2.1198,-1.2307,5.6472,-0.84787,-0.26079,-0.69352,41.684,80.684,-11.597,13.737,2.257,-16.304,-1.0176,-0.030801,0.36853,-61.823,101.38,-105.5,12
0.49959,-1.2423,1.4987,0.037677,0.083726,-2.1707,0.71505,8.139,-0.84787,-0.26079,-0.69352,76.403,104.37,-13.683,7.3817,1.4546,-11.542,-1.0275,-0.1191,0.2931,-60.24,98.127,-138.65,12
1.4373,-1.1557,0.84336,-0.046049,-0.092098,0.59657,-0.99348,5.6021,-0.84787,-0.26079,-0.69352,103.97,111.07,-11.992,4.3287,1.635,-6.5016,-1.0275,-0.1191,0.2931,-54.79,50.599,-167.31,12
0.8796,-0.54564,-0.11227,-0.075353,-0.062794,1.1538,-2.2188,-0.099402,-0.71985,-0.39775,-0.78585,115.31,120.87,-10.874,4.1149,1.5067,-4.3309,-1.0275,-0.1191,0.2931,-50.011,25.87,-185.37,12
0.99038,0.48106,0.35908,-0.020931,0.066981,2.7651,-3.9997,-0.964,-0.71985,-0.39775,-0.78585,129.01,117.06,-10.389,1.9746,0.11808,-3.192,-1.0059,-0.32649,0.11853,-50.61,19.779,-196.16,12
1.8547,-0.30882,-1.6067,0.062794,0.18838,2.0473,-4.153,-0.44759,-0.71985,-0.39775,-0.78585,148.41,131.73,-7.3159,0.29,-1.196,-2.6015,-1.0059,-0.32649,0.11853,-56.998,9.3747,-208.45,12
2.6295,0.84646,-3.2291,0.07954,0.03349,-0.77133,-4.5156,-2.0564,-0.71985,-0.39775,-0.78585,159.92,152.16,0.33052,-1.6233,-3.6766,-2.663,-1.0059,-0.32649,0.11853,-64.73,8.1983,-206.79,12
3.7057,3.604,-1.1388,-0.24699,-0.25955,-4.2042,-6.9987,0.12886,-0.50093,-0.65291,-0.75049,161.23,145.54,10.76,-3.6498,-5.3688,-1.883,-1.0059,-0.32649,0.11853,-68.992,-5.0841,-196.27,12
2.5836,4.1528,0.43691,-0.1842,-0.20513,-1.6462,-8.8015,0.04346,-0.50093,-0.65291,-0.75049,150.23,82.351,16.518,-11.507,-8.5094,2.0641,-0.88235,-0.59754,0.032328,-68.386,-16.343,-160.05,12
-1.7823,2.7492,0.068478,-0.29723,-0.2428,7.6888,-9.1451,-6.5887,-0.50093,-0.65291,-0.75049,118.79,47.619,11.289,-10.281,-9.8799,4.006,-0.88235,-0.59754,0.032328,-57.651,-91.867,-97.346,12
-8.6298,2.7043,-1.2829,-0.5191,-0.16745,8.1276,-8.5762,-10.098,-0.40631,-0.83865,-0.57367,86.222,65.009,8.0151,-5.424,-8.7296,4.0427,-0.88235,-0.59754,0.032328,-41.641,-70.724,-17.815,12
-21.94,3.5902,-9.2453,1.9299,1.3564,8.2871,-6.3829,-18.486,-0.40631,-0.83865,-0.57367,58.728,28.587,3.8787,-2.8376,-9.8812,3.8809,-0.84706,-0.68583,0.056034,-31.892,-11.413,42.798,12
-21.954,3.7525,-16.399,1.8922,1.595,-4.4228,-19.321,-2.4165,-0.40631,-0.83865,-0.57367,7.2611,286.17,-13.396,-0.21065,-14.618,5.2274,-0.84706,-0.68583,0.056034,-8.578,39.87,58.275,12
-21.831,-2.8961,-5.9554,-0.18001,0.52329,19.606,-19.338,-18.938,-0.3859,-0.89681,-0.57171,-200.3,-153.23,-68.055,3.7323,-18.599,-0.87786,-0.84706,-0.68583,0.056034,31.483,96.192,31.798,12
-21.966,6.3953,-16.045,-0.20094,-0.15489,-21.812,0.44123,-8.3523,-0.3859,-0.89681,-0.57171,-56.778,186.44,-14.726,4.2399,-18.661,-8.1101,-0.84706,-0.68583,0.056034,62.68,181.86,-45.33,12
-21.915,2.3241,-15.938,-0.2763,-0.18001,10.77,8.3075,-17.769,-0.3859,-0.89681,-0.57171,-55.802,-35.405,-41.243,-10.419,-18.744,-6.4372,-0.84314,-0.64476,-0.088362,52.93,266.07,-146.01,12
-21.927,3.3974,-9.1363,-0.22606,-0.27211,0.039754,-16.082,-14.147,-0.3859,-0.89681,-0.57171,3.4027,21.617,-35.205,-21.369,-18.675,6.5142,-0.84314,-0.64476,-0.088362,21.931,254.18,-240.37,12
-21.92,3.0833,-7.0172,-0.25955,-0.058608,3.31,-14.495,-5.9417,-0.2282,-0.78612,-0.79961,42.901,-7.585,-16.078,-21.6,-18.588,14.206,-0.84314,-0.64476,-0.088362,-32.953,133.74,-288.28,12
-14.633,3.862,1.1897,-0.12977,0.050235,5.4013,-17.554,-3.9591,-0.2282,-0.78612,-0.79961,74.941,-81.116,11.001,-21.326,-18.709,4.1062,-0.49412,-0.846,-0.47629,-39.436,77.934,-231.53,12
-1.8924,0.17565,5.7948,0.062794,0.2428,-0.44675,-19.346,-7.8989,-0.2282,-0.78612,-0.79961,141.15,-68.751,42.165,-20.944,-18.823,-7.264,-0.49412,-0.846,-0.47629,-36.922,6.1724,-200.08,12
9.991,-4.6007,-2.6667,0.29304,0.62376,-6.7898,-19.29,1.728,-0.33952,-0.88931,-0.57957,200.28,-79.984,62.884,-21.069,-15.612,-4.1556,-0.49412,-0.846,-0.47629,-31.94,-16.245,-186.4,12
18.817,-2.4594,-6.9582,0.56934,0.43119,3.3208,-19.2,4.719,-0.33952,-0.88931,-0.57957,229.67,-82.48,57.992,-21.266,-7.6559,0.40887,-0.49412,-0.846,-0.47629,-30.997,24.16,-137.68,12
16.928,2.1021,-7.4213,0.64887,0.5191,-0.078835,-19.429,-19.149,-0.33952,-0.88931,-0.57957,59.622,-126.1,34.268,-15.428,0.41781,3.7813,-0.28039,-0.89733,-0.57328,-13.161,30.384,-78.184,12
0.64931,4.9082,-0.27405,0.41863,0.28885,-8.6657,17.369,-17.572,-0.33952,-0.88931,-0.57957,66.153,-75.891,9.104,-4.3091,8.4781,3.8093,-0.28039,-0.89733,-0.57328,0.85818,-21.902,-47.778,12
-12.12,2.484,0.086717,0.17164,0.0041863,17.494,1.9882,-18.007,-0.49722,-0.9531,-0.14538,-88.567,-216.0,9.9919,2.4028,12.205,3.5061,-0.28039,-0.89733,-0.57328,12.641,-46.456,-5.0588,12
-13.077,-1.6823,-1.4146,0.012559,-0.071167,19.489,-8.0432,-13.228,-0.49722,-0.9531,-0.14538,-104.01,8.0126,25.521,6.651,15.485,2.4722,-0.25098,-0.90349,-0.54741,15.168,-63.102,20.79,12
-1.4633,-1.5817,0.14186,-0.07954,-0.20931,0.39804,-7.0015,-10.054,-0.49722,-0.9531,-0.14538,-128.58,113.03,20.056,8.885,17.068,-0.18826,-0.25098,-0.90349,-0.54741,11.983,-58.482,7.6837,12
3.6864,-1.4895,1.1186,0.14652,-0.17582,-10.453,-11.715,-13.107,-0.5436,-0.88368,-0.33792,-186.43,112.51,11.117,7.7235,13.205,-1.5168,-0.25098,-0.90349,-0.54741,-1.6494,-39.264,-7.9436,12
6.2556,-2.1742,0.44642,-0.020931,-0.25118,-10.865,-17.957,-8.5482,-0.5436,-0.88368,-0.33792,-213.12,10.021,4.0178,6.7442,8.8225,-0.74637,-0.25098,-0.90349,-0.54741,-13.146,-21.958,-31.09,12
6.4662,-2.6021,0.0079177,0.066981,-0.34746,-0.1867,-16.301,-4.3586,-0.5436,-0.88368,-0.33792,-226.73,-61.769,0.39032,4.2355,6.2374,0.73895,-0.33529,-0.91376,-0.50647,-17.619,-2.4995,-49.786,12
4.4306,-1.327,1.7753,-0.23862,-0.17582,4.8316,-15.362,-1.5948,-0.55844,-0.62664,-0.74263,-213.15,9.104,11.098,-0.6967,2.4308,2.0799,-0.33529,-0.91376,-0.50647,-22.281,16.045,-51.148,12
0.11804,-0.34627,2.4215,-0.33909,-0.55259,-2.6076,-12.581,6.2511,-0.55844,-0.62664,-0.74263,-203.48,94.879,19.86,-3.7254,0.11474,1.4745,-0.33529,-0.91376,-0.50647,-23.622,25.574,-43.327,12
-3.4387,-0.79378,1.1917,-0.37258,-0.43956,-3.577,-4.97,14.882,-0.55844,-0.62664,-0.74263,-167.07,110.48,15.512,-3.1323,-0.37467,-4.4667,-0.24314,-0.9076,-0.5625,-20.309,51.654,-27.277,12
-6.3491,-1.2303,2.5419,0.61957,-0.1842,-5.1953,6.4735,20.615,-0.55844,-0.62664,-0.74263,-100.45,86.326,14.999,-9.2471,-4.981,-3.1032,-0.24314,-0.9076,-0.5625,-20.307,69.844,-5.0757,12
-14.604,-1.1213,0.55172,4.0314,1.6201,6.2977,-13.271,14.462,-0.40445,-0.28518,-1.0393,-81.342,39.346,3.8308,-19.925,-9.8987,5.1301,-0.24314,-0.9076,-0.5625,-9.7896,-9.4806,40.332,12
-21.836,-1.6422,-3.0741,-0.34328,-0.34328,3.2989,0.12972,22.873,-0.40445,-0.28518,-1.0393,36.126,106.61,11.198,-14.82,-11.336,5.4436,-0.24314,-0.9076,-0.5625,9.7836,-116.79,109.31,12
-21.708,-7.0371,-2.8439,-0.30141,-0.30141,19.747,-19.185,-2.6368,-0.40445,-0.28518,-1.0393,-41.7,30.325,-17.94,-8.5996,-8.1364,3.364,-0.26863,-0.88706,-0.59052,26.83,-81.771,180.05,12
-21.747,-5.0898,-4.6897,-0.19257,-0.22187,3.7933,-19.053,19.46,-0.28571,-0.21388,-1.0923,-30.252,26.908,15.632,-12.013,-5.5504,2.9621,-0.26863,-0.88706,-0.59052,35.2,1.1302,238.96,12
-21.828,-4.0547,-5.2491,-0.35583,-0.27211,-0.82827,-19.028,-1.8555,-0.28571,-0.21388,-1.0923,3.5699,-69.027,1.3404,-21.348,-6.9641,4.5893,-0.26863,-0.88706,-0.59052,28.066,41.797,269.46,12
-21.798,-4.5319,-3.9658,-0.22187,-0.10884,-8.3008,-19.424,-11.752,-0.28571,-0.21388,-1.0923,-25.549,-36.075,15.302,-21.388,-10.868,6.217,-0.51765,-0.79466,-0.5194,32.509,37.252,291.25,12
-21.837,-2.5955,-2.6862,-0.56934,-0.51491,-2.4705,-19.412,-16.464,-0.28571,-0.21388,-1.0923,-9.4236,-1.5571,25.312,-21.335,-17.766,6.4242,-0.51765,-0.79466,-0.5194,41.873,40.089,348.45,12
-21.689,-0.89157,-5.2592,-0.2428,-0.31816,-0.4229,-19.415,-14.767,-0.34694,-0.17261,-1.0845,32.54,6.4636,10.396,-21.311,-18.664,6.5876,-0.51765,-0.79466,-0.5194,47.507,-6.9715,439.29,12
-11.726,-0.59188,-3.0427,-0.20513,-0.36839,-5.2161,-19.412,-14.492,-0.34694,-0.17261,-1.0845,85.648,60.978,9.077,-21.31,-18.684,5.5762,-0.51765,-0.79466,-0.5194,49.943,-50.617,505.48,12
-4.3595,2.8228,-2.7986,0.071167,-0.24699,-7.231,-19.344,-5.7062,-0.34694,-0.17261,-1.0845,90.486,32.857,-7.766,-21.243,-18.67,5.9936,-0.82941,-0.47433,-0.4375,48.606,-112.46,490.18,12
3.3979,2.328,-3.1378,0.26374,-0.1842,-9.8644,-19.26,9.605,-0.28757,-0.32083,-1.053,63.921,-83.575,-42.867,-21.141,-16.096,1.3931,-0.82941,-0.47433,-0.4375,47.027,-162.68,421.7,12
7.1183,0.14556,-3.3974,0.3056,-0.071167,6.394,-19.169,4.9284,-0.28757,-0.32083,-1.053,124.09,-168.03,-2.6774,-9.5452,-8.2674,-0.73628,-0.82941,-0.47433,-0.4375,32.337,-177.43,347.19,12
8.8031,-0.25622,-1.9388,0.096285,-0.0041863,12.564,-7.0751,2.3865,-0.28757,-0.32083,-1.053,80.537,-108.33,4.9559,1.9249,-7.8189,-4.8909,-1.0686,-0.010267,-0.036638,11.601,-150.47,282.24,12
6.2241,-0.59989,0.55654,-0.054422,-0.046049,3.5395,1.2185,0.065068,-0.28757,-0.32083,-1.053,45.109,-99.167,6.583,5.6692,-6.5844,-7.4438,-1.0686,-0.010267,-0.036638,0.27833,-115.79,235.82,12
1.6144,-1.429,1.0819,-0.24699,0.03349,6.5145,0.54197,-7.189,-0.50835,-0.49343,-0.8723,-0.3948,-130.64,-4.8906,13.063,-3.8515,-13.151,-1.0686,-0.010267,-0.036638,-9.236,-79.796,196.28,12
-1.9412,-1.4267,1.3348,-0.20931,-0.050235,2.2049,-11.74,-9.617,-0.50835,-0.49343,-0.8723,-54.976,-197.62,-8.6126,18.962,1.7467,-13.329,-1.0686,-0.010267,-0.036638,-17.319,-8.3771,125.01,12
-2.8667,-0.10108,1.1804,-0.23862,-0.33909,12.859,-4.5966,1.7217,-0.50835,-0.49343,-0.8723,-30.133,-77.497,-24.452,18.835,4.1878,-12.218,-1.0255,0.26694,0.21767,-34.839,52.878,44.262,12
-1.9167,0.38063,1.4343,-0.35165,-0.48561,9.2425,-2.7815,1.0575,-0.69573,-0.51032,-0.70923,2.476,62.728,-28.382,15.561,1.7771,-9.2861,-1.0255,0.26694,0.21767,-51.029,67.649,-19.387,12
-0.094022,0.66071,1.5121,-0.45212,-0.51073,-13.838,-3.7984,8.2759,-0.69573,-0.51032,-0.70923,38.498,200.35,-7.6796,11.464,-0.90483,-7.4827,-1.0255,0.26694,0.21767,-56.562,52.934,-80.722,12
1.4006,-0.33135,1.2018,-0.46468,-0.45631,-9.2237,2.4035,10.643,-0.69573,-0.51032,-0.70923,60.364,110.22,-8.5144,9.4173,0.77497,-5.5029,-1.0431,0.22793,0.13793,-54.704,41.282,-173.35,12
2.7137,-0.33336,-0.31421,-0.55678,-0.47305,-3.0567,-0.98343,6.6078,-0.49536,-0.58349,-0.81532,79.367,84.16,-4.1605,6.1682,-0.11902,-3.9018,-1.0431,0.22793,0.13793,-56.357,37.518,-206.56,12
3.1465,0.75595,0.27856,0.52329,0.25536,-1.8462,-2.528,2.6468,-0.49536,-0.58349,-0.81532,92.766,84.577,0.47352,5.3528,-0.13715,-3.7152,-1.0431,0.22793,0.13793,-58.883,36.259,-226.09,12
2.1167,1.2376,-0.43598,2.7671,1.9801,-4.2666,-3.8014,-2.9098,-0.49536,-0.58349,-0.81532,95.972,83.26,7.9262,3.4586,-1.2088,-2.8834,-1.0431,0.22793,0.13793,-64.413,39.816,-238.87,12
0.49704,-0.10436,-1.1883,-1.147,-0.69074,-2.6009,-5.2381,-1.0379,-0.49536,-0.58349,-0.81532,87.989,28.111,15.275,2.4112,-2.4921,-2.2079,-1.0529,-0.055441,0.032328,-69.17,30.924,-243.57,12
-0.70705,-0.0012798,-0.57906,-0.56934,-0.41026,-1.4263,-4.4467,0.87799,-0.41744,-0.75235,-0.72888,87.759,36.737,16.925,2.1932,-3.2104,-2.0355,-1.0529,-0.055441,0.032328,-72.44,27.084,-249.73,12
0.57512,-1.4834,-2.5967,-0.51491,-0.36839,-1.5408,-4.749,0.35131,-0.41744,-0.75235,-0.72888,86.346,30.88,21.918,2.0854,-4.3041,-1.4131,-1.0529,-0.055441,0.032328,-74.561,30.407,-246.2,12
-0.061395,0.039443,-0.9754,-0.47305,-0.36002,2.1145,-2.5098,-8.4064,-0.41744,-0.75235,-0.72888,74.761,-3.3164,17.008,0.90076,-4.9305,-1.0486,-0.98627,-0.3614,-0.092672,-72.184,34.699,-250.17,12
-1.5328,-0.12749,2.1254,-0.45631,-0.29304,2.9224,-2.6398,-14.478,-0.44341,-0.81238,-0.5835,35.665,-9.8979,14.537,-0.58173,-5.7735,-0.35118,-0.98627,-0.3614,-0.092672,-69.93,26.783,-241.02,12
-4.6965,-1.0348,-0.20892,-0.39351,-0.36421,2.318,0.1983,-10.863,-0.44341,-0.81238,-0.5835,1.7282,-9.9255,8.5784,-1.1898,-5.1296,-0.96482,-0.98627,-0.3614,-0.092672,-65.549,15.992,-226.74,12
-18.626,-2.5593,-1.083,-0.30141,-0.29304,4.673,-0.48423,-12.78,-0.44341,-0.81238,-0.5835,-35.79,-8.8164,1.6698,-2.6163,-5.5428,-1.2771,-0.98627,-0.3614,-0.092672,-64.822,-1.0378,-204.9,12
-21.838,-0.0005183,-14.716,0.0083726,0.012559,19.47,-6.2135,-18.376,-0.44341,-0.81238,-0.5835,-320.14,-360.1,-110.92,-6.2695,-7.3291,1.0919,-0.84314,-0.59343,-0.23707,-58.215,-22.561,-172.78,12
-21.851,0.61497,-16.681,1.0131,2.2606,-11.052,-19.203,13.377,-0.51577,-0.78612,-0.63261,-143.79,-98.379,-14.467,-15.758,-12.419,7.077,-0.84314,-0.59343,-0.23707,-43.472,-74.286,-121.79,12
-21.95,4.0528,-12.077,0.19676,0.28048,3.3679,-13.763,10.783,-0.51577,-0.78612,-0.63261,-105.41,-26.652,-24.176,-18.124,-18.537,11.302,-0.84314,-0.59343,-0.23707,-13.655,-126.7,-52.436,12
-21.864,-0.75421,-11.089,-0.10466,-0.13396,-8.2627,-19.489,-19.224,-0.51577,-0.78612,-0.63261,-110.93,-4.9457,-32.653,-13.477,-18.566,12.436,-0.79804,-0.68378,-0.15517,12.512,-59.404,43.083,12
-21.819,-2.5046,-6.7096,0.28048,0.2135,11.791,5.0286,-17.933,-0.36364,-0.62477,-0.92731,-39.038,-11.169,1.6139,-13.785,-18.573,10.676,-0.79804,-0.68378,-0.15517,15.167,98.378,70.8,12
-21.788,-3.5236,0.27235,0.15071,0.20094,-4.751,-16.048,-15.642,-0.36364,-0.62477,-0.92731,38.47,12.826,-0.75337,-21.358,-18.659,7.14,-0.79804,-0.68378,-0.15517,-4.8119,218.99,7.1001,12
-9.1337,-3.9235,4.4258,0.13396,0.33072,1.4118,-14.997,-11.569,-0.36364,-0.62477,-0.92731,97.508,22.878,-1.1688,-21.255,-18.699,4.065,-0.79804,-0.68378,-0.15517,-17.484,208.54,-70.666,12
6.749,-5.1292,0.47522,-0.041863,0.26792,-4.836,-17.928,-8.6739,-0.36364,-0.62477,-0.92731,145.23,-20.535,2.4955,-21.124,-18.766,-1.6258,-0.73137,-0.67351,-0.39871,-23.853,217.92,-101.21,12
15.775,0.11463,-3.7686,0.037677,0.058608,-8.8979,-19.348,-5.0564,-0.36364,-0.62477,-0.92731,184.59,-132.3,20.431,-20.93,-18.814,-7.3886,-0.73137,-0.67351,-0.39871,-37.226,263.08,-99.404,12
18.963,3.8873,-8.1554,-0.30141,-0.58189,-3.9555,-19.2,7.6983,-0.36364,-0.62477,-0.92731,274.15,-129.35,25.392,-21.12,-15.153,-2.2681,-0.73137,-0.67351,-0.39871,-27.184,136.19,-165.44,12
12.606,6.044,-6.9403,-0.60701,-0.45212,-6.5654,-0.46948,-18.235,-0.36364,-0.62477,-0.92731,143.2,-94.093,34.008,-17.434,-8.7228,1.7201,-0.35686,-0.71458,-0.74784,-28.51,21.575,-175.88,12
3.561,4.2737,-5.6259,-0.43119,-0.28467,9.5103,-15.832,-18.884,-0.53432,-0.88743,-0.37328,19.644,-207.9,-11.012,-9.4771,-3.7618,3.8223,-0.35686,-0.71458,-0.74784,-27.977,-104.71,-117.92,12
-7.3146,0.57807,-2.4953,-0.46049,-0.41444,14.881,6.5869,-17.543,-0.53432,-0.88743,-0.37328,-30.737,-33.638,7.7332,0.66279,2.2848,3.4788,-0.35686,-0.71458,-0.74784,-13.998,-178.96,-51.559,12
-14.416,-3.4578,0.046697,0.77028,0.29304,8.9736,-1.6208,-17.523,-0.53432,-0.88743,-0.37328,-70.503,94.466,27.594,8.7232,6.4342,1.4155,-0.35686,-0.71458,-0.74784,3.1785,-166.89,11.119,12
-8.3694,-2.742,1.1848,3.1062,1.8462,-2.6185,-1.2992,-11.112,-0.53618,-0.83865,-0.41257,-110.06,173.21,16.486,5.623,8.597,-0.29932,-0.44118,-0.70226,-0.6681,19.285,-100.25,48.32,12
-0.65145,-1.7707,1.6722,-0.78702,-0.49817,-9.3484,-6.2821,-6.4284,-0.53618,-0.83865,-0.41257,-141.58,129.67,8.0283,3.5174,8.6753,-3.4725,-0.44118,-0.70226,-0.6681,9.5728,-30.152,61.504,12
2.924,-0.2396,1.6311,-0.46886,-0.16327,-5.4667,-7.3371,-4.0049,-0.53618,-0.83865,-0.41257,-154.53,61.912,-5.465,4.5742,4.5003,-3.9729,-0.44118,-0.70226,-0.6681,-10.143,27.038,43.931,12
4.5479,0.38257,-0.37609,-0.63632,-0.62376,-2.6001,-8.697,-2.3775,-0.53618,-0.83865,-0.41257,-157.62,34.053,-10.897,5.0491,6.0036,-1.6373,-0.56471,-0.67556,-0.59483,-11.859,70.87,33.35,12
4.8969,0.61008,0.45491,-0.48561,-0.44793,0.65379,-9.4075,-0.15133,-0.4397,-0.6454,-0.778,-155.45,22.839,-10.828,0.57132,4.9663,2.6337,-0.56471,-0.67556,-0.59483,-10.15,62.19,20.114,12
1.6562,0.52177,2.0049,-0.46049,-0.27211,-1.7654,-8.8376,2.3738,-0.4397,-0.6454,-0.778,-145.13,46.589,-5.7883,-2.0885,1.664,5.3957,-0.56471,-0.67556,-0.59483,6.75,10.731,9.053,12
-4.3273,0.2039,3.5657,-0.37677,-0.32234,-7.5884,-5.4734,7.1192,-0.4397,-0.6454,-0.778,-136.28,37.143,-0.098956,-3.487,2.1618,2.181,-0.56471,-0.67556,-0.59483,18.309,-36.216,8.3096,12
-14.299,1.3114,4.0549,-0.33072,-0.30979,-0.80309,3.2125,0.45468,-0.33952,-0.38086,-0.99411,-111.64,-12.095,2.7866,-3.3248,0.77237,0.23653,-0.53529,-0.67146,-0.62931,21.787,-29.512,28.89,12
-21.66,-9.918,-11.682,0.050235,0.21769,2.6583,-9.4271,19.67,-0.33952,-0.38086,-0.99411,-57.926,-33.182,-0.52985,-6.0772,-3.3132,4.6781,-0.53529,-0.67146,-0.62931,34.209,9.769,67.373,12
-21.715,-7.1997,-14.88,0.046049,0.20931,1.8141,-8.4936,22.916,-0.33952,-0.38086,-0.99411,3.0457,28.593,-5.2531,-14.861,-9.4582,12.183,-0.53529,-0.67146,-0.62931,61.421,37.997,122.51,12
-21.799,-2.4879,-9.3713,0.062794,-0.020931,10.175,-19.153,5.4566,-0.33952,-0.38086,-0.99411,65.674,75.674,7.0207,-21.552,-15.252,12.821,-0.60196,-0.66119,-0.59483,96.531,30.124,223.29,12
-21.797,-1.5617,-10.067,-0.029304,0.1842,10.645,-19.039,15.894,-0.32282,-0.30394,-1.0275,12.217,24.281,13.943,-21.46,-18.608,11.195,-0.60196,-0.66119,-0.59483,131.03,15.014,307.52,12
-21.876,0.85079,-6.955,-0.12977,0.012559,-10.285,-19.264,4.2464,-0.32282,-0.30394,-1.0275,4.16,22.711,23.788,-21.519,-18.622,12.829,-0.60196,-0.66119,-0.59483,153.95,-98.672,359.3,12
-21.878,0.97113,-5.86,-0.17164,-0.071167,-10.111,-19.316,-3.9107,-0.32282,-0.30394,-1.0275,-38.292,9.1903,0.81823,-21.54,-11.578,12.182,-0.60196,-0.66119,-0.59483,144.61,-170.9,313.99,12
-13.957,-0.64466,-2.0159,-0.28885,0.13396,-5.0068,-19.221,4.593,-0.27087,-0.28893,-1.055,-48.709,15.9,-18.954,-21.811,-5.6773,19.268,-0.83922,-0.56468,-0.28664,96.454,-211.0,248.44,12
0.46964,4.2955,1.2182,-0.20513,-0.03349,-8.0405,-19.151,14.556,-0.27087,-0.28893,-1.055,-40.515,-38.861,-45.41,-20.811,0.74464,14.464,-0.83922,-0.56468,-0.28664,42.129,-221.53,211.72,12
10.42,1.7252,2.5447,-0.0083726,0.73679,-4.7778,-19.288,-0.12678,-0.27087,-0.28893,-1.055,1.6002,-87.355,-23.257,-14.698,7.192,12.203,-0.83922,-0.56468,-0.28664,-7.6719,-174.73,178.13,12
17.296,-4.1825,1.2025,-0.37258,0.45631,-4.0742,-7.3208,1.5828,-0.35807,-0.25328,-1.0295,1.6312,-115.43,-6.2376,-8.6641,3.8319,6.1916,-1.0098,-0.30801,0.25647,-38.676,-151.28,150.92,12
10.185,-3.6786,0.26892,-0.40188,0.41863,3.497,-4.2929,-2.5547,-0.35807,-0.25328,-1.0295,-3.1342,-149.14,-9.8456,-3.8008,-0.36852,-4.8518,-1.0098,-0.30801,0.25647,-39.094,-139.17,126.96,12
-0.67203,-2.2571,1.8074,-0.35583,0.3056,3.3924,-2.2153,-0.73309,-0.35807,-0.25328,-1.0295,-12.648,-79.874,-5.5861,5.6956,-2.0317,-16.175,-1.0098,-0.30801,0.25647,-23.575,-113.38,90.193,12
-4.6629,-2.2083,1.0118,-0.51073,-0.34746,5.352,-11.313,0.41497,-0.35807,-0.25328,-1.0295,-22.978,-214.63,-10.237,12.17,5.4186,-17.135,-1.0098,-0.30801,0.25647,4.957,-24.942,51.612,12
-4.0959,-2.2762,1.3004,1.0466,0.1842,14.526,-3.3121,7.4067,-0.64007,-0.23452,-0.88802,15.775,-81.442,-20.425,11.516,9.2804,-16.963,-1.0098,-0.30801,0.25647,4.2288,63.817,15.692,12
-2.3352,-1.4215,1.43,2.516,1.6033,1.3571,-0.93712,9.2584,-0.64007,-0.23452,-0.88802,64.592,52.565,-11.053,8.4016,9.232,-14.799,-1.0098,-0.30801,0.25647,2.6459,120.96,-6.2109,12
0.88193,-1.1673,0.44231,-0.97959,-0.87075,-6.3636,0.84632,9.3849,-0.64007,-0.23452,-0.88802,95.054,41.068,-3.6105,4.6804,8.9832,-8.6758,-1.0098,-0.30801,0.25647,2.7019,108.61,-25.942,12
0.67923,1.392,2.8937,-0.40607,-0.77865,1.6813,-1.7704,5.1366,-0.62523,-0.38462,-0.84086,117.33,7.8175,-6.0323,3.5737,7.1549,-5.5068,-0.99412,-0.19918,0.36207,-6.2553,74.652,-54.662,12
0.80476,-0.33887,-0.66208,-0.3349,-0.65306,3.4939,-3.735,0.75444,-0.62523,-0.38462,-0.84086,138.85,43.382,-7.5399,2.8924,6.2052,-4.4814,-0.99412,-0.19918,0.36207,-18.272,57.917,-88.67,12
2.0773,-0.32815,-1.4716,-0.13396,-0.12977,4.0867,-6.544,-0.93216,-0.62523,-0.38462,-0.84086,152.59,67.465,-8.0554,3.1857,3.7954,-4.4561,-0.99412,-0.19918,0.36207,-37.634,60.626,-109.3,12
2.4656,1.465,1.4161,-0.062794,0.0083726,5.3664,-7.7402,-2.7292,-0.62523,-0.38462,-0.84086,167.75,111.17,-7.9298,-0.12586,0.53683,-2.3169,-1.0196,-0.32444,0.17241,-61.336,78.256,-148.58,12
0.0398,3.5656,1.0577,-0.31816,-0.23862,-0.25129,-8.3958,-3.9327,-0.54731,-0.63039,-0.73084,171.71,140.85,-1.5237,-2.6428,-5.7599,1.0141,-1.0196,-0.32444,0.17241,-83.373,64.856,-167.66,12
-4.083,-0.90018,-0.93365,0.020931,-0.23025,-5.1807,-5.1484,-7.9134,-0.54731,-0.63039,-0.73084,154.9,121.02,11.132,-2.4879,-7.5987,1.1305,-1.0196,-0.32444,0.17241,-81.537,68.96,-154.67,12
-10.959,-4.5782,-3.6436,0.36002,-0.012559,3.9842,-4.6298,-17.431,-0.54731,-0.63039,-0.73084,102.2,37.143,10.86,-8.159,-11.934,0.61164,-1.0196,-0.32444,0.17241,-84.879,129.72,-89.276,12
-14.231,-0.077488,-9.5122,0.7033,-0.11722,3.5423,-2.1736,-18.355,-0.45269,-0.83865,-0.58546,44.146,16.439,8.6208,-21.399,-18.648,8.1718,-0.94118,-0.47433,-0.125,-66.347,133.67,34.159,12
-21.956,4.8828,-16.297,0.48142,0.27211,19.369,3.3752,-17.929,-0.45269,-0.83865,-0.58546,-74.001,-118.71,-18.256,-19.562,-18.567,10.27,-0.94118,-0.47433,-0.125,-36.417,-15.146,100.51,12
-21.974,5.7912,-16.247,0.76609,2.1015,-5.2469,-16.844,-19.082,-0.45269,-0.83865,-0.58546,-151.71,334.18,20.76,-8.1227,-13.139,9.1347,-0.94118,-0.47433,-0.125,-6.0289,-64.295,152.51,12
-22.045,10.312,-15.851,0.29723,1.2475,0.8392,-19.037,23.046,-0.45269,-0.83865,-0.58546,-90.659,37.971,13.555,-6.0354,-13.576,8.3733,-0.97843,-0.34497,-0.15733,15.424,-91.387,132.63,12
-21.833,-1.281,-13.936,0.050235,0.23443,-16.34,-11.496,-18.936,-0.35065,-0.73171,-0.80354,-114.79,44.634,-18.497,-8.7761,-18.569,10.061,-0.97843,-0.34497,-0.15733,36.657,-86.576,72.357,12
