-2.7137,-1.1825,-3.6538,0.40607,0.79958,19.144,-4.0837,-18.273,-0.5974,-0.77111,0.33006,12.524,-114.8,-8.3377,0.20026,-2.7941,-2.4105,-0.88431,0.51951,0.36207,-16.332,54.391,-148.88,12
-4.5451,-1.5345,-1.6013,0.18001,0.28885,4.7566,3.9358,-16.318,-0.51391,-0.61726,0.57367,-63.32,-56.064,10.774,2.7712,-0.023658,-4.3658,-0.88431,0.51951,0.36207,-13.272,19.272,-136.92,12
-5.0251,-1.7771,0.96638,0.087912,0.29723,6.2484,0.10832,-16.89,-0.51391,-0.61726,0.57367,-110.79,24.227,16.548,4.2862,2.1807,-4.9326,-0.99412,0.3306,0.25431,-14.425,11.69,-133.98,12
-1.598,-0.90648,1.171,0.37258,0.42282,-6.6675,-7.465,-7.8878,-0.51391,-0.61726,0.57367,-144.26,13.736,7.3655,3.2535,2.1716,-3.8393,-0.99412,0.3306,0.25431,-18.111,20.089,-150.74,12
1.9736,1.8268,2.1223,3.2946,2.4574,-5.8003,-9.0635,-3.3758,-0.51391,-0.61726,0.57367,-158.0,-36.952,2.0866,2.3251,-0.36383,-2.3828,-0.99412,0.3306,0.25431,-19.114,27.603,-180.8,12
3.0544,2.8344,-0.58701,-0.72423,-0.0041863,-2.2023,-9.4473,-3.1506,-0.50278,-0.75985,0.39686,-170.19,-54.078,5.2433,-1.3623,-2.4909,-1.0933,-0.99412,0.3306,0.25431,-10.347,42.467,-191.97,12
-1.1502,2.9637,2.4773,-0.31816,0.40188,0.17984,-11.423,-3.6422,-0.50278,-0.75985,0.39686,-171.3,-11.131,11.907,-3.8214,-2.4613,-1.1335,-1.0529,0.13142,0.18534,-3.3329,25.772,-184.8,12
-0.068435,0.39142,1.1931,-0.31397,0.058608,-0.61957,-12.474,2.0993,-0.50278,-0.75985,0.39686,-175.58,27.994,16.363,-2.0226,-1.647,-2.6969,-1.0529,0.13142,0.18534,-2.012,32.188,-158.85,12
-1.2595,0.34956,2.1683,-0.23443,0.26792,0.053103,-6.0251,5.4076,-0.51948,-0.89306,0.062868,-160.92,77.756,14.995,-2.0842,-0.47367,-2.3674,-1.0529,0.13142,0.18534,3.0035,66.962,-124.8,12
-4.7316,-0.28718,2.7742,-0.23862,0.3349,-0.42931,-1.1181,7.9919,-0.51948,-0.89306,0.062868,-136.08,88.7,11.214,-4.8797,1.6876,-0.23854,-1.0647,-0.069815,0.0625,3.3986,88.511,-92.875,12
-11.329,-0.73973,2.0387,-0.21769,0.38095,-6.7978,-0.3683,11.684,-0.51948,-0.89306,0.062868,-98.058,72.54,13.501,-9.1571,2.9791,0.90937,-1.0647,-0.069815,0.0625,1.8268,74.958,-70.388,12
-21.668,-10.548,-6.2546,-0.050235,0.49817,-9.2135,-3.9219,21.67,-0.54174,-0.86679,-0.28487,-42.19,46.11,22.461,-14.146,1.9722,4.2236,-1.0647,-0.069815,0.0625,-3.4956,9.5061,-51.068,12
-21.593,-12.765,-17.801,-0.11722,0.7326,11.492,-19.029,15.882,-0.54174,-0.86679,-0.28487,32.54,6.0966,10.399,-14.705,-0.24429,7.5711,-1.0647,-0.069815,0.0625,0.50335,-57.385,-21.077,12
-21.879,0.51377,-16.691,-0.3977,0.46886,19.983,-18.916,23.233,-0.54174,-0.86679,-0.28487,-0.12226,11.194,4.0752,-21.213,-3.4676,14.243,-1.0196,-0.15195,-0.010776,22.893,-116.46,10.287,12
-21.941,3.0866,-16.459,-0.60701,0.57771,13.932,-19.11,9.788,-0.54174,-0.86679,-0.28487,-0.20874,-35.961,0.94099,-21.98,-8.1364,24.364,-1.0196,-0.15195,-0.010776,54.826,-244.47,35.671,12
-21.712,-6.3386,-12.097,-0.97122,0.3977,-21.629,-19.507,-14.025,-0.56772,-0.83302,-0.28684,-53.353,-42.586,15.49,-19.724,-18.461,23.942,-1.0196,-0.15195,-0.010776,76.056,-239.98,52.657,12
-21.716,-8.1262,-9.0998,-1.2266,0.21769,-4.9893,-18.3,-14.173,-0.56772,-0.83302,-0.28684,-35.525,9.8965,-7.1807,-21.843,-18.511,23.949,-0.96667,-0.092402,0.47414,95.252,-151.66,46.743,12
-18.049,-5.1496,-6.1161,-1.0633,0.4898,2.6386,-16.534,-10.842,-0.56772,-0.83302,-0.28684,-0.87296,42.578,-0.98552,-9.2773,-18.473,19.733,-0.96667,-0.092402,0.47414,103.37,-40.436,16.19,12
-9.8719,-4.3867,-4.5316,-1.1805,0.45212,-0.13372,-18.24,-9.1633,-0.57514,-0.82927,-0.32809,16.293,38.553,-1.5772,-15.992,-17.125,21.456,-0.96667,-0.092402,0.47414,60.547,112.2,82.399,12
-2.187,-1.2557,-0.86038,-1.1177,0.39351,-2.3337,-19.274,-3.6641,-0.57514,-0.82927,-0.32809,24.71,8.0098,-11.397,-14.444,-14.042,20.798,-0.96667,-0.092402,0.47414,37.349,72.472,133.96,12
8.04,2.5456,-2.0762,-1.3438,0.10884,-3.3696,-19.257,3.9826,-0.57514,-0.82927,-0.32809,44.121,-43.01,-20.654,-5.9714,-7.7836,12.642,-0.97255,0.090349,0.46121,45.885,28.324,137.82,12
15.442,7.2038,-0.89903,-1.3857,0.20931,3.5675,-17.831,-2.9184,-0.57514,-0.82927,-0.32809,57.761,-61.128,0.033267,-4.7369,-2.8549,3.5135,-0.97255,0.090349,0.46121,64.878,24.596,128.85,12
9.4058,2.4364,-0.89652,-1.3815,0.19676,4.104,-8.0867,-0.74871,-0.5603,-0.87054,-0.22986,56.453,-37.445,13.531,-1.7514,0.58185,-1.8147,-0.97255,0.090349,0.46121,72.015,2.209,129.58,12
0.02482,-0.73594,0.89166,-1.6117,0.18001,4.7756,-4.8482,2.3053,-0.5603,-0.87054,-0.22986,11.512,-4.5188,13.379,3.0954,3.5231,-3.6884,-0.97451,0.29363,0.39871,69.449,14.917,91.132,12
-1.9561,-1.6918,0.553,0.38932,1.1554,7.9938,-4.344,4.2169,-0.5603,-0.87054,-0.22986,-1.7766,30.66,5.068,5.5971,7.1006,-2.9366,-0.97451,0.29363,0.39871,63.363,34.635,60.488,12
-0.80015,-1.4066,0.46288,0.427,1.7917,-0.32869,-8.8397,2.1693,-0.57885,-0.85366,-0.17682,10.973,54.569,1.255,6.4314,9.1955,-3.4465,-0.97451,0.29363,0.39871,53.312,70.885,27.433,12
0.97677,-0.35366,-0.021303,-2.0429,0.066981,-2.4306,-3.8182,10.264,-0.57885,-0.85366,-0.17682,40.478,49.87,-7.5132,3.5511,8.2156,-3.4434,-0.97451,0.29363,0.39871,39.686,72.765,2.2321,12
1.6236,1.6492,2.359,-1.662,0.16745,-3.8225,-0.81231,11.838,-0.57885,-0.85366,-0.17682,74.14,34.855,-4.4288,3.5554,7.842,-4.7954,-0.98039,0.38604,0.22845,25.302,52.663,-26.013,12
1.7082,1.4586,0.28917,-1.6243,0.19676,-6.5249,-2.6514,8.1251,-0.56957,-0.85929,-0.1277,104.75,58.035,4.1067,2.8837,5.9522,-5.7753,-0.98039,0.38604,0.22845,2.9265,41.302,-41.149,12
0.92914,1.0175,0.18631,-1.4485,0.44375,-2.7328,-4.7958,4.5766,-0.56957,-0.85929,-0.1277,119.05,9.2682,8.6373,2.2051,4.0647,-4.5259,-0.98039,0.38604,0.22845,-20.811,19.472,-51.874,12
-0.72315,0.29911,-0.33097,-1.3898,0.54003,0.23922,-6.6443,-0.069404,-0.56957,-0.85929,-0.1277,128.92,9.72,10.889,2.9959,2.0977,-3.2284,-1.0,0.32854,0.13578,-37.016,-3.1869,-65.329,12
-2.1492,-0.61899,-1.8662,-1.235,0.60701,-1.959,-5.8386,0.30307,-0.56957,-0.85929,-0.1277,128.76,10.823,16.22,4.0914,1.0228,-2.7197,-1.0,0.32854,0.13578,-49.103,-9.0859,-68.4,12
-2.5077,-0.87676,-2.7105,-0.97541,0.66143,-0.92472,-7.3747,0.15327,-0.6141,-0.83302,0.11395,132.01,-7.1917,15.902,2.4151,0.48003,-2.9968,-1.0,0.32854,0.13578,-58.385,-3.7106,-66.474,12
-3.557,1.0822,-1.671,-0.97541,0.4898,-3.2006,-5.577,-5.2275,-0.6141,-0.83302,0.11395,130.75,-20.757,16.063,1.6876,-0.90618,-3.6182,-1.0,0.32854,0.13578,-68.8,-3.8849,-58.016,12
-4.5995,1.189,-0.27193,-1.0508,0.52747,-1.8895,-2.8345,-11.171,-0.6141,-0.83302,0.11395,101.53,-56.245,15.271,1.7145,-1.2905,-4.0541,-1.0196,0.23819,0.17888,-75.558,2.5065,-42.691,12
-4.7275,0.013319,0.0011987,-1.1094,0.56515,6.0841,-1.1828,-18.28,-0.60853,-0.70732,0.38114,58.267,-77.463,1.1966,1.4332,-1.2569,-3.6878,-1.0196,0.23819,0.17888,-77.666,7.2264,-26.535,12
-6.4085,-0.28363,-1.2782,-1.2433,0.45631,6.0468,-0.48918,-17.235,-0.60853,-0.70732,0.38114,24.366,-18.225,-5.9328,0.9288,-1.3086,-2.8571,-1.0196,0.23819,0.17888,-76.601,5.9591,-7.0068,12
-16.387,1.148,-10.981,-1.235,0.35165,19.44,-4.1232,-18.262,-0.60853,-0.70732,0.38114,-99.134,-43.779,-46.93,0.012024,-0.66512,-1.5124,-1.0373,0.1848,0.22198,-71.301,-2.6049,13.04,12
-21.854,-0.72939,-16.592,-1.4359,0.63213,-11.75,-14.448,-19.038,-0.60853,-0.70732,0.38114,-194.99,252.41,-4.3962,-1.8114,0.36258,1.2577,-1.0373,0.1848,0.22198,-69.751,-9.2189,24.69,12
-22.005,7.8395,-16.052,-1.4066,1.1052,-13.672,-19.117,22.907,-0.61039,-0.77674,0.26326,-121.78,169.47,10.12,-6.0841,-5.487,6.2986,-1.0373,0.1848,0.22198,-57.961,-50.997,-21.588,12
-21.742,-5.83,-16.525,-1.3103,0.68655,18.041,10.883,-14.64,-0.61039,-0.77674,0.26326,-180.98,-57.089,-26.401,-12.7,-17.881,0.94972,-1.0373,0.1848,0.22198,-49.144,-67.012,-107.89,12
-21.693,-8.3039,-15.547,-1.574,0.38095,-2.1391,-5.6508,-18.544,-0.61039,-0.77674,0.26326,-55.627,66.428,25.124,-21.108,-18.808,-3.7946,-1.0255,0.13347,0.32759,-46.174,-129.07,-194.94,12
-21.656,-10.147,-10.997,-1.7331,0.3056,-9.1552,-19.433,-17.605,-0.62709,-0.8349,-0.0019646,-7.5788,4.296,-6.0963,-11.151,-18.535,14.532,-1.0255,0.13347,0.32759,-40.885,-102.86,-308.81,12
-19.021,-3.9812,-4.7373,-1.821,0.19676,3.3861,-13.321,-6.3405,-0.62709,-0.8349,-0.0019646,54.176,10.467,-6.8159,-19.463,-18.491,23.94,-1.0255,0.13347,0.32759,-78.828,232.15,-112.92,12
-13.817,0.42279,0.46963,-1.8587,0.29723,-3.6767,-14.913,-8.0949,-0.62709,-0.8349,-0.0019646,110.63,-4.9595,6.7837,-21.804,-18.53,20.98,-1.0216,-0.16427,0.28017,-104.17,283.39,-131.63,12
-5.4241,2.5163,4.5633,0.81633,1.1763,-4.9241,-19.385,-11.8,-0.62709,-0.8349,-0.0019646,157.26,-74.6,16.648,-21.524,-18.603,12.664,-1.0216,-0.16427,0.28017,-98.525,111.63,-133.77,12
9.4511,-1.3436,-1.6472,-1.6117,0.32234,-4.281,-19.282,-0.44439,-0.62338,-0.82927,0.1611,208.95,-105.76,38.726,-20.778,-18.612,10.788,-1.0216,-0.16427,0.28017,-78.317,13.928,-137.45,12
19.074,-3.2066,-5.7202,-2.0429,-0.029304,2.4292,-16.273,9.3044,-0.62338,-0.82927,0.1611,205.64,-55.267,46.801,-8.3488,-10.047,8.3102,-1.0216,-0.16427,0.28017,-55.916,9.8685,-139.85,12
17.958,3.6315,-3.7784,-1.7834,-0.066981,9.0443,-19.398,-19.046,-0.62338,-0.82927,0.1611,82.8,-79.727,1.7387,-1.6246,-0.63302,6.6975,-0.99804,-0.33881,-0.025862,-40.358,21.642,-126.66,12
5.638,3.4512,-4.1315,-1.8629,0.26792,-6.923,6.9287,-18.025,-0.60482,-0.58161,0.53438,27.404,-136.24,19.14,2.7044,4.8922,4.2238,-0.99804,-0.33881,-0.025862,-27.459,18.926,-94.962,12
-5.7864,4.4737,-1.6395,-1.8755,0.12977,16.697,-0.062258,-18.107,-0.60482,-0.58161,0.53438,-71.273,-206.81,11.141,5.0088,11.027,1.6972,-0.99804,-0.33881,-0.025862,-9.4907,2.4606,-90.106,12
-14.891,0.12391,-0.0099005,-1.7331,0.1842,10.463,-2.2896,-11.135,-0.60482,-0.58161,0.53438,-91.409,-44.59,26.517,3.9464,14.088,-0.24354,-0.94118,-0.45791,-0.064655,1.1143,3.7136,-81.242,12
-8.7063,-4.0776,0.064594,-1.5531,0.28467,3.3064,-5.1906,-6.1848,-0.47866,-0.65291,0.59725,-122.73,-4.2773,23.565,1.4862,13.566,-0.39461,-0.94118,-0.45791,-0.064655,8.408,-3.0063,-92.582,12
0.39381,-3.0238,0.74891,-1.2517,0.44375,-1.1847,-8.9416,-8.0214,-0.47866,-0.65291,0.59725,-149.93,40.031,15.585,-0.91239,9.4194,-0.06028,-0.94118,-0.45791,-0.064655,11.146,1.4567,-97.265,12
5.8806,-1.6053,0.75026,-1.2224,0.46468,-6.2138,-11.149,-5.9946,-0.47866,-0.65291,0.59725,-172.49,42.642,9.6612,-4.3634,5.3732,0.32074,-0.94118,-0.45791,-0.064655,12.841,9.4527,-76.372,12
6.9127,-0.18271,-0.069075,-1.3061,0.25955,-3.4958,-11.014,-2.4294,-0.47866,-0.65291,0.59725,-176.68,-4.1047,5.0177,-5.7795,2.5646,-0.53844,-0.89412,-0.5729,-0.077586,19.056,20.474,-38.813,12
4.3379,1.2885,0.73702,-1.3982,0.30979,1.0138,-9.8746,-0.32734,-0.50835,-0.82552,0.27898,-167.27,28.095,4.2189,-10.445,-0.16769,0.2312,-0.89412,-0.5729,-0.077586,25.029,25.363,20.464,12
0.88688,1.1107,2.9526,-1.6117,0.10884,0.85321,-9.911,2.9609,-0.50835,-0.82552,0.27898,-157.02,81.02,5.5049,-11.221,-0.51453,1.5472,-0.89412,-0.5729,-0.077586,27.637,-1.1424,76.737,12
-3.3799,-1.2072,4.2071,-1.6368,-0.037677,-2.202,-4.0947,8.3566,-0.50835,-0.82552,0.27898,-119.78,103.22,3.3836,-8.0034,0.21042,1.0418,-0.90392,-0.55441,-0.068966,29.534,-8.9228,117.29,12
-5.1422,-4.5055,0.96293,-1.6075,0.0041863,-4.1893,0.58711,9.2062,-0.5269,-0.89869,-0.1002,-60.793,75.654,4.7883,-6.7614,0.71807,0.80674,-0.90392,-0.55441,-0.068966,29.795,-0.7973,149.7,12
-6.7161,-2.5781,0.58902,-1.4568,0.03349,-7.7775,-2.3104,3.6088,-0.5269,-0.89869,-0.1002,-27.78,3.5806,5.426,-5.7424,1.0473,0.72945,-0.90392,-0.55441,-0.068966,30.239,7.7698,172.01,12
-16.255,-0.90207,4.2557,-1.4694,0.012559,10.688,0.41071,-11.404,-0.5269,-0.89869,-0.1002,14.54,-34.824,-9.3221,-5.9162,0.80936,0.9363,-0.90392,-0.55441,-0.068966,32.129,17.198,191.08,12
-21.631,-10.859,-12.451,-1.574,0.15071,19.84,-18.916,23.242,-0.5269,-0.89869,-0.1002,-6.3975,-3.9727,-51.492,-8.5624,-0.79654,2.3456,-0.98824,-0.36345,-0.056034,31.716,11.771,210.62,12
-21.994,6.7693,-16.096,-1.6327,-0.17164,15.544,-18.927,23.188,-0.52876,-0.88368,-0.13752,-22.636,-1.425,-3.5734,-13.756,-4.1374,4.2619,-0.98824,-0.36345,-0.056034,39.132,-0.60658,232.56,12
-21.927,2.9291,-10.8,-1.7499,-0.15071,12.333,-17.761,-3.8064,-0.52876,-0.88368,-0.13752,44.601,6.8934,17.509,-21.488,-12.127,9.3103,-0.98824,-0.36345,-0.056034,56.54,16.617,266.31,12
-21.904,2.2707,-2.5114,-1.9717,-0.18001,-12.408,-19.491,-15.39,-0.52876,-0.88368,-0.13752,-9.1776,-15.688,41.177,-21.568,-18.612,14.819,-1.0569,-0.084189,-0.034483,75.404,-0.037909,325.7,12
-21.885,1.8401,1.1761,1.3061,1.6661,-12.671,-19.416,-7.983,-0.57143,-0.86304,-0.16503,-71.423,-1.3041,-7.938,-21.649,-18.555,18.499,-1.0569,-0.084189,-0.034483,85.687,-66.8,393.0,12
-21.785,-4.1785,-3.934,-2.4197,-0.45631,2.8325,-19.313,-9.5311,-0.57143,-0.86304,-0.16503,-75.996,29.934,-11.911,-21.76,-18.512,21.824,-1.0569,-0.084189,-0.034483,71.693,-155.64,352.09,12
-11.067,-7.7461,-3.1287,-1.9843,-0.17582,-1.1166,-19.281,-3.3919,-0.57143,-0.86304,-0.16503,-52.429,33.735,-15.306,-21.675,-18.54,19.0,-1.0569,-0.084189,-0.034483,47.889,-166.23,339.44,12
1.4763,-1.5909,-2.059,-1.9215,-0.45631,-7.4675,-19.233,4.422,-0.57143,-0.86304,-0.16503,18.993,-37.621,-43.438,-8.7559,-12.832,12.806,-0.98824,0.37577,0.19397,19.891,-111.41,349.17,12
8.7675,1.0206,-0.36078,-1.8796,-0.15908,-6.2216,-12.278,-9.9469,-0.57143,-0.86304,-0.16503,41.408,-120.23,-26.466,-2.3962,-2.8019,7.8078,-0.98824,0.37577,0.19397,-6.4708,-72.576,340.31,12
9.8293,3.4824,-0.023429,-1.662,-0.35583,5.2223,-8.9709,-2.0422,-0.57143,-0.86304,-0.16503,29.518,-134.42,-9.2028,6.5172,1.4893,0.92863,-0.98824,0.37577,0.19397,-21.114,-100.67,274.59,12
6.5137,4.114,1.1703,-1.4275,-0.15489,7.8483,-6.7374,-0.47714,-0.57143,-0.86304,-0.16503,34.729,-112.27,-14.435,6.4127,1.0456,-1.4373,-0.71765,0.73101,0.43319,3.2273,-54.289,164.15,12
2.2821,0.54117,0.69081,-1.168,0.12559,-1.4229,-2.9033,1.7469,-0.52319,-0.89869,-0.1002,17.532,-92.652,-6.7834,19.398,-0.85303,-15.303,-0.71765,0.73101,0.43319,-9.5174,-107.93,159.01,12
-1.6642,-1.6404,0.75763,-1.0256,0.020931,10.098,-6.572,1.2203,-0.52319,-0.89869,-0.1002,-0.85275,-129.72,-13.693,19.573,6.8793,-17.073,-0.71765,0.73101,0.43319,-4.1279,36.041,60.929,12
-2.6191,-2.8859,1.1192,-1.034,-0.0083726,3.5058,-1.5918,7.1534,-0.52319,-0.89869,-0.1002,31.569,-21.784,-11.38,17.386,7.4465,-14.346,-0.71765,0.73101,0.43319,-23.531,106.55,13.987,12
-0.61196,-1.7253,2.2237,-1.1847,-0.11303,-0.47465,-2.0125,7.6655,-0.48423,-0.91182,0.0078585,50.955,4.995,-13.767,10.998,6.1767,-7.3266,-0.71765,0.73101,0.43319,-37.052,82.921,-75.216,12
1.996,-0.81065,2.2534,-1.2643,-0.16327,2.0434,-2.6149,6.8272,-0.48423,-0.91182,0.0078585,68.686,21.515,-15.153,8.1275,3.7749,-5.5092,-0.71765,0.73101,0.43319,-36.933,58.963,-147.9,12
1.6729,-0.31002,1.3616,-1.3815,-0.18838,1.9842,-3.1539,3.4246,-0.48423,-0.91182,0.0078585,90.899,57.99,-15.529,5.9556,1.5496,-7.0371,-0.71765,0.73101,0.43319,-34.656,71.21,-191.3,12
1.6162,0.50487,0.62439,-1.3857,-0.17164,1.5266,-4.692,3.0723,-0.48423,-0.91182,0.0078585,107.1,69.388,-13.947,-0.85619,0.02199,-5.801,-0.76471,0.65503,0.40733,-37.476,58.504,-212.53,12
1.0465,1.2106,-0.81737,-1.2308,-0.17582,0.99146,-4.7673,0.50072,-0.45269,-0.89493,0.15717,117.33,83.781,-12.131,-1.2339,-1.7229,-5.2945,-0.76471,0.65503,0.40733,-48.1,19.48,-223.54,12
-0.27859,1.3032,-0.29324,-1.0717,-0.13815,-0.43909,-5.429,0.66166,-0.45269,-0.89493,0.15717,126.29,88.278,-9.9021,-0.71817,-4.2896,-4.9645,-0.76471,0.65503,0.40733,-60.485,19.761,-225.96,12
-0.7904,0.63116,-2.2906,-1.034,-0.20094,-2.8728,-5.954,0.64232,-0.45269,-0.89493,0.15717,136.25,86.16,-5.0296,-3.0014,-6.9464,-3.639,-0.91765,0.38604,0.40733,-65.826,24.223,-220.69,12
-1.9197,2.5502,-2.3915,-1.1177,-0.24699,-5.4516,-5.1316,-0.29026,-0.4898,-0.81051,0.34381,129.84,61.27,4.0054,-5.6358,-8.5961,-1.6069,-0.91765,0.38604,0.40733,-70.26,11.717,-187.08,12
-4.5718,2.3291,-1.1167,-1.147,-0.2428,0.022323,-4.14,-9.0505,-0.4898,-0.81051,0.34381,98.259,-7.0376,3.8772,-3.2441,-7.9554,-1.5436,-0.91765,0.38604,0.40733,-65.188,-1.6944,-143.89,12
-7.4499,0.27185,-0.29132,-1.2098,-0.42282,6.4229,-4.589,-14.342,-0.4898,-0.81051,0.34381,74.175,10.634,0.43036,-2.1748,-6.8622,-1.2181,-0.91765,0.38604,0.40733,-60.941,10.05,-108.54,12
-10.578,0.11436,-4.8423,-1.3647,-0.37677,-5.9717,1.7329,-14.827,-0.4898,-0.81051,0.34381,44.106,9.6507,3.9276,-4.6884,-8.8078,0.21586,-0.98431,0.13963,0.42888,-59.852,11.257,-77.483,12
-16.973,1.1517,-11.938,1.6243,0.67399,19.491,-7.3625,-18.423,-0.5269,-0.69043,0.47544,-119.25,-263.95,-62.364,-5.2244,-10.131,1.858,-0.98431,0.13963,0.42888,-52.395,-15.101,-56.132,12
-21.924,3.2539,-16.002,-0.53166,0.33072,2.136,-19.449,-19.118,-0.5269,-0.69043,0.47544,-246.97,123.94,-34.973,-7.6674,-14.303,5.6807,-0.98431,0.13963,0.42888,-41.46,-34.67,-41.999,12
-21.885,2.8137,-16.389,-1.2517,-0.11722,-21.325,-19.098,22.842,-0.5269,-0.69043,0.47544,-88.594,93.546,22.914,-11.94,-18.628,8.2249,-0.9902,0.041068,0.48707,-12.605,-39.69,-25.126,12
-21.875,0.81605,-16.611,-1.2433,-0.25118,-10.227,-10.79,0.2124,-0.50835,-0.84428,0.22593,-144.03,15.936,5.6073,-17.839,-18.642,8.8492,-0.9902,0.041068,0.48707,15.908,-42.932,5.8016,12
-21.871,0.12026,-14.705,-1.214,-0.2763,10.221,0.10316,-10.476,-0.50835,-0.84428,0.22593,-77.825,44.448,12.945,-19.525,-18.603,9.7157,-0.9902,0.041068,0.48707,40.819,-29.362,-9.7203,12
-21.855,-1.6975,-11.7,-1.147,-0.012559,-9.426,-19.386,-7.9073,-0.50835,-0.84428,0.22593,-21.656,28.657,-0.14204,-19.257,-18.592,10.779,-0.9902,0.041068,0.48707,55.385,8.8813,-36.526,12
-21.808,-0.025683,-7.1181,-0.95866,-0.34328,3.6978,-9.2479,-11.915,-0.51391,-0.8818,0.066798,12.169,0.42877,3.5041,-21.524,-18.603,12.674,-0.95686,0.051335,0.53664,46.146,54.475,-59.911,12
-14.218,-1.7223,-3.6076,-0.74935,-0.16327,0.7147,-15.099,-8.9353,-0.51391,-0.8818,0.066798,68.802,13.807,11.04,-21.521,-18.634,11.579,-0.95686,0.051335,0.53664,29.056,68.932,-83.141,12
-2.2423,-2.5311,0.36168,-0.69492,-0.2135,-1.2687,-16.513,-9.7133,-0.51391,-0.8818,0.066798,112.44,-25.712,12.583,-21.479,-16.891,10.937,-0.95686,0.051335,0.53664,9.7229,56.67,-94.596,12
8.4052,-2.0801,-0.75563,-0.62376,-0.36839,-5.5601,-19.357,-7.0026,-0.51391,-0.8818,0.066798,164.94,-62.934,19.553,-21.513,-12.212,9.8373,-1.0314,-0.016427,0.34698,-2.1698,52.319,-105.98,12
18.717,-0.98502,-2.9834,-0.43119,-0.22187,-6.8016,-19.24,6.72,-0.54917,-0.81989,0.30255,208.81,-85.207,43.429,-15.175,-7.6927,5.7299,-1.0314,-0.016427,0.34698,-12.124,62.317,-96.173,12
12.74,1.3602,-4.0881,-0.51491,-0.22606,-2.5799,-12.45,-14.315,-0.54917,-0.81989,0.30255,200.45,-31.913,39.312,-9.9803,-3.1029,2.7094,-1.0314,-0.016427,0.34698,-17.381,75.213,-82.327,12
1.852,1.3382,-1.669,-0.75772,-0.30141,8.4218,-19.398,-19.052,-0.54917,-0.81989,0.30255,67.41,-151.5,-2.7192,-2.9005,1.5085,0.84626,-1.0314,-0.016427,0.34698,-17.244,35.037,-70.731,12
-5.6155,-0.03139,-2.4765,-0.89168,-0.39351,-0.81056,3.7495,-18.123,-0.45826,-0.56285,0.6778,14.592,-131.71,13.002,2.3261,5.503,0.29598,-1.0471,-0.13552,0.20259,-9.4051,11.012,-51.562,12
-7.9345,0.76656,-1.7626,-0.90842,-0.39351,18.229,-1.2607,-18.152,-0.45826,-0.56285,0.6778,-66.599,-89.609,17.812,5.6947,8.0715,-0.84642,-1.0471,-0.13552,0.20259,-7.4063,-4.5426,-26.095,12
-4.1793,0.37737,0.50765,-0.82889,-0.40607,6.5387,0.33326,-15.189,-0.45826,-0.56285,0.6778,-94.659,55.442,20.531,6.2934,9.866,-2.4025,-1.0471,-0.13552,0.20259,-7.2723,-9.0987,-27.852,12
1.0417,-0.57031,1.5066,-0.76609,-0.4898,-3.3163,-4.4622,-10.579,-0.45826,-0.56285,0.6778,-138.61,52.762,17.396,6.8887,8.6715,-2.8477,-1.0275,-0.19507,0.19828,-12.704,4.2714,-39.286,12
2.7425,-0.76041,1.0052,-0.83307,-0.28467,-4.0165,-9.0963,-6.6616,-0.42672,-0.6773,0.57564,-164.21,33.569,10.452,5.0962,6.2504,-1.9583,-1.0275,-0.19507,0.19828,-19.602,14.637,-62.271,12
3.0195,-0.46791,0.31578,-0.98796,-0.63213,-3.4261,-12.136,-2.7036,-0.42672,-0.6773,0.57564,-170.45,22.805,1.7379,3.3103,4.1627,-0.72936,-1.0275,-0.19507,0.19828,-23.499,19.935,-80.814,12
3.0892,0.083739,0.77596,-0.86238,-0.48561,-2.261,-9.5739,0.040364,-0.42672,-0.6773,0.57564,-166.22,1.8457,-0.87878,0.76026,2.8305,0.047774,-1.0275,-0.19507,0.19828,-22.493,30.766,-85.595,12
2.3433,0.0066986,-0.34677,-1.0884,-0.67399,1.7119,-8.5099,2.477,-0.45826,-0.87242,0.24361,-162.35,15.568,2.6585,-2.7665,0.89253,0.25296,-1.0235,-0.27721,0.13147,-18.255,41.645,-64.319,12
-0.11663,0.78094,3.6071,1.0717,0.41026,0.66078,-6.2392,6.778,-0.45826,-0.87242,0.24361,-141.25,63.431,3.2008,-5.6124,1.2433,0.333,-1.0235,-0.27721,0.13147,-11.945,44.26,-32.45,12
-4.3306,-1.1457,5.1916,1.6033,1.0842,-5.1757,0.78116,11.779,-0.45826,-0.87242,0.24361,-105.49,77.936,8.4011,-6.2889,0.82687,1.6872,-1.0235,-0.27721,0.13147,-7.2008,51.912,11.611,12
-4.8668,-4.6422,1.7822,-1.1931,-0.74935,-5.5417,4.4396,4.3541,-0.45826,-0.87242,0.24361,-46.527,30.374,10.584,-8.2357,0.63313,4.3129,-1.0176,-0.30185,-0.0021552,3.7075,47.593,44.364,12
-9.3241,-3.9946,2.2615,-1.1136,-0.89587,0.59282,-19.152,11.559,-0.45826,-0.87242,0.24361,-44.133,5.9459,2.9877,-10.019,1.0196,5.9572,-1.0176,-0.30185,-0.0021552,15.206,30.519,72.562,12
-21.77,-4.4064,-6.386,-0.96703,-0.67399,2.6525,-2.9327,-9.1097,-0.45826,-0.87242,0.24361,3.9195,118.68,-4.2955,-13.038,0.72682,7.6822,-1.0176,-0.30185,-0.0021552,29.958,-2.4492,129.87,12
-21.737,-6.6001,-17.278,-0.84563,-0.40188,12.34,-18.956,23.186,-0.45826,-0.87242,0.24361,5.2372,33.893,-30.17,-17.321,-3.8168,12.32,-1.0176,-0.30185,-0.0021552,56.97,-12.124,187.54,12
-21.955,5.3466,-16.214,-0.55259,-0.37677,7.0128,-18.977,23.121,-0.4731,-0.91932,-0.14538,-19.919,62.401,8.1438,-21.721,-11.95,18.007,-1.0392,-0.16222,0.0043103,96.189,-39.993,234.81,12
-21.944,3.7828,-12.344,-0.50235,-0.23862,11.58,-19.116,7.2329,-0.4731,-0.91932,-0.14538,4.9697,39.216,20.865,-21.801,-18.488,23.211,-1.0392,-0.16222,0.0043103,135.84,-131.86,271.54,12
-21.815,-2.1902,-6.8392,-0.31397,-0.10884,-12.667,-19.391,-5.4608,-0.4731,-0.91932,-0.14538,-31.005,-16.02,16.653,-21.833,-18.491,23.94,-1.0392,-0.16222,0.0043103,172.76,-264.39,285.52,12
-21.663,-6.7629,-5.9771,-0.066981,0.23862,-7.4044,-19.374,-4.7094,-0.50649,-0.89118,-0.21022,-63.149,-2.1208,-6.9409,-21.804,-18.527,22.292,-1.002,0.19507,0.40302,181.58,-262.05,201.92,12
-11.572,-6.7603,-4.2295,-0.38095,-0.32234,-2.2375,-19.249,0.87978,-0.50649,-0.89118,-0.21022,-65.532,13.499,-23.788,-12.463,-18.54,14.958,-1.002,0.19507,0.40302,153.02,-155.33,119.05,12
3.8988,-1.0009,1.9731,-0.23862,-0.29723,-7.9167,-19.192,7.5029,-0.50649,-0.89118,-0.21022,-28.434,-16.596,-38.948,-12.318,-8.0539,12.608,-1.002,0.19507,0.40302,79.495,-57.655,121.66,12
12.432,1.1277,0.66992,-0.37258,-0.39351,-7.1917,-14.837,-6.4596,-0.50649,-0.89118,-0.21022,43.959,-113.83,-21.242,-3.8555,2.2975,4.7503,-1.002,0.19507,0.40302,21.664,-41.845,138.4,12
11.843,4.3298,0.073893,-0.5191,-0.56934,3.3332,-4.4634,-2.7732,-0.4564,-0.91182,-0.2279,29.067,-101.94,11.838,-2.5682,8.026,-0.40078,-0.82549,0.47844,0.59267,-12.059,-38.915,107.37,12
4.5983,1.9024,1.2239,-0.47305,-0.50654,13.745,-6.2007,-8.1934,-0.4564,-0.91182,-0.2279,10.142,-85.423,-7.1408,7.0097,7.1994,-7.0567,-0.82549,0.47844,0.59267,-29.053,-50.763,67.075,12
-2.7109,-1.8294,0.43535,-0.45631,-0.46468,-1.0896,-1.8327,15.741,-0.4564,-0.91182,-0.2279,20.367,-57.635,-5.0258,14.564,9.5866,-11.344,-0.82549,0.47844,0.59267,-26.291,-7.9466,32.045,12
-4.1656,-1.3143,0.99751,-0.35165,-0.46468,6.9222,-3.1516,13.557,-0.48052,-0.92871,-0.10609,37.149,-110.28,-4.835,14.765,13.42,-11.985,-0.72941,0.51129,0.63793,-19.754,53.347,-20.784,12
-1.5013,-1.7034,1.1625,-0.47724,-0.54003,-1.9982,-1.2249,10.179,-0.48052,-0.92871,-0.10609,79.874,-29.973,-3.0294,11.473,11.933,-9.7471,-0.72941,0.51129,0.63793,-31.027,110.97,-41.441,12
1.3662,-1.14,1.2237,-0.66562,-0.71586,2.5493,-4.8389,6.2106,-0.48052,-0.92871,-0.10609,104.98,-19.765,-9.4055,5.6032,9.5338,-5.6171,-0.72941,0.51129,0.63793,-34.471,107.7,-99.239,12
2.6744,-0.38558,0.82846,-0.60701,-0.6112,6.1484,-7.7321,3.029,-0.48052,-0.92871,-0.10609,131.08,42.726,-13.005,1.4316,7.0925,-4.7495,-0.72941,0.51129,0.63793,-32.086,58.944,-144.91,12
1.9025,0.32881,0.33486,-0.69074,-0.6112,4.2884,-9.1455,0.30436,-0.47681,-0.9137,0.11198,150.59,92.256,-13.747,-0.41678,3.9591,-5.0937,-0.88431,0.39014,0.51293,-42.246,12.364,-167.03,12
0.44682,0.38606,0.22422,0.70748,0.21769,2.3797,-9.1663,-0.78868,-0.47681,-0.9137,0.11198,154.73,107.08,-13.256,-0.17995,1.5714,-4.8589,-0.88431,0.39014,0.51293,-59.226,1.9688,-170.88,12
0.5576,0.40295,-1.3532,2.4364,1.7792,0.35025,-7.6471,-6.2955,-0.47681,-0.9137,0.11198,161.83,138.01,-9.2343,-2.1282,-1.8943,-3.428,-0.88431,0.39014,0.51293,-73.357,25.153,-153.34,12
0.29821,1.2513,-3.6242,-1.1345,-0.84982,-6.3017,-6.7353,-3.2331,-0.49907,-0.80113,0.33595,149.77,85.658,1.6314,-6.7256,-4.7822,-0.21828,-0.96471,0.14374,0.49353,-77.354,38.365,-124.67,12
-1.9453,3.8307,-0.17102,-0.65306,-0.52747,-3.4075,-5.8596,-4.775,-0.49907,-0.80113,0.33595,121.94,12.542,2.6305,-7.7193,-7.9105,1.9482,-0.96471,0.14374,0.49353,-74.052,9.4726,-70.529,12
-1.9068,2.4085,-2.3517,-0.62794,-0.6112,4.3405,-3.2593,-12.067,-0.49907,-0.80113,0.33595,82.849,-15.324,0.083551,-7.4554,-7.955,3.4981,-0.96471,0.14374,0.49353,-58.589,11.804,-3.4559,12
-3.1315,1.02,0.9339,-0.58608,-0.59027,2.5232,-3.4021,-18.426,-0.54174,-0.67167,0.50295,49.638,-2.5147,0.042494,-7.8141,-5.9488,3.1192,-0.96471,0.14374,0.49353,-45.612,-1.0836,45.669,12
-3.4915,-0.67814,-0.32419,-0.41444,-0.68237,-2.6735,0.62576,-13.662,-0.54174,-0.67167,0.50295,11.031,-42.129,-0.66513,-4.4517,-4.4679,2.2141,-0.97059,0.032854,0.48707,-34.557,-8.6125,84.233,12
-6.506,-1.9737,-2.0618,-0.20931,-0.5484,-0.59943,0.11836,-13.906,-0.54174,-0.67167,0.50295,-19.872,-15.765,0.55509,-3.8875,-4.2633,2.6723,-0.97059,0.032854,0.48707,-22.064,1.8796,111.45,12
-20.145,1.1934,-10.187,0.012559,-0.29723,19.458,-4.9653,-18.314,-0.54174,-0.67167,0.50295,-103.79,-106.85,-42.166,-5.6,-5.1661,5.3875,-0.97059,0.032854,0.48707,-3.7678,0.24039,129.16,12
-21.897,2.4133,-15.751,0.20513,0.020931,-13.791,-8.059,-18.77,-0.49536,-0.71295,0.49705,-193.6,334.6,-2.7929,-4.737,-5.7518,6.8166,-0.97647,0.13963,0.49784,19.158,-23.155,135.63,12
-21.839,-1.4832,-8.8703,0.016745,-0.41026,-5.8863,-19.018,22.969,-0.49536,-0.71295,0.49705,-80.847,210.72,35.441,-5.7749,-6.6628,7.7189,-0.97647,0.13963,0.49784,40.71,-22.349,128.84,12
-21.862,0.67045,-11.129,-0.21769,-0.27211,2.1307,7.8154,-3.6088,-0.49536,-0.71295,0.49705,-168.24,-48.042,-41.898,-15.294,-12.095,13.489,-0.97647,0.13963,0.49784,51.775,-10.973,97.896,12
-21.874,1.7712,-13.135,-0.28885,-0.36421,10.371,2.0073,-18.077,-0.57143,-0.84803,0.088409,-61.565,4.6523,-5.5973,-21.734,-18.523,20.657,-0.97647,0.13963,0.49784,57.238,-39.184,58.937,12
-21.834,-0.72322,-11.128,-0.35165,-0.27211,-12.404,-19.404,-6.7609,-0.57143,-0.84803,0.088409,-30.556,17.37,-4.3245,-21.853,-18.511,23.949,-0.89804,0.32238,0.51509,67.626,-41.709,89.134,12
-21.858,0.4987,-8.092,-0.32653,-0.28048,4.0707,-11.911,-9.9403,-0.57143,-0.84803,0.088409,-0.93552,2.9451,-4.9169,-21.853,-18.451,23.932,-0.89804,0.32238,0.51509,74.235,-27.13,119.81,12
-21.865,0.81967,-5.8525,-0.18838,-0.13396,0.79175,-15.274,-8.5474,-0.57143,-0.84803,0.088409,52.291,13.239,1.8521,-21.687,-18.546,18.427,-0.89804,0.32238,0.51509,83.085,-21.831,114.15,12
-13.411,-0.68326,-0.64044,-0.2135,-0.03349,-1.5049,-15.764,-9.1158,-0.57328,-0.86679,0.060904,96.909,-18.767,6.7632,-18.901,-13.322,15.813,-0.82941,0.5154,0.51293,51.089,-7.7643,91.352,12
-1.0923,-2.4539,1.8739,-0.28885,-0.3056,-3.4479,-19.377,-8.045,-0.57328,-0.86679,0.060904,147.39,-69.364,20.689,-8.8071,-2.9179,11.208,-0.82941,0.5154,0.51293,17.516,28.052,45.918,12
12.398,-2.2262,-2.3583,-0.47724,-0.72841,-7.2086,-19.281,-0.34862,-0.57328,-0.86679,0.060904,199.01,-90.981,44.982,-7.7348,1.583,5.2979,-0.82941,0.5154,0.51293,-24.404,73.084,6.3623,12
19.094,-3.2029,-9.0988,-0.31816,-0.39351,2.61,-19.135,10.236,-0.60297,-0.72233,0.39489,222.1,-94.515,45.565,-2.7462,2.1416,4.1592,-0.82941,0.5154,0.51293,-50.189,25.992,-64.441,12
14.064,3.3597,-6.7503,-0.28048,0.012559,2.758,-19.399,-19.109,-0.60297,-0.72233,0.39489,126.3,-80.529,31.757,4.1886,-0.04273,1.727,-0.83922,0.52772,0.45905,-39.701,33.462,-105.46,12
-1.1573,4.8344,-1.7649,-0.26792,-0.13815,8.7846,-5.0456,-18.425,-0.60297,-0.72233,0.39489,90.036,-141.45,1.2011,5.7645,1.1347,-1.5266,-0.83922,0.52772,0.45905,-21.171,37.317,-118.85,12
-13.541,2.3024,-0.35068,3.1565,1.5029,1.3283,3.356,-16.871,-0.60297,-0.72233,0.39489,-49.032,-232.35,15.858,8.7597,3.6114,-3.8611,-0.83922,0.52772,0.45905,-5.9955,46.767,-102.39,12
-11.528,-2.3939,-1.426,-1.0215,-0.5484,13.29,0.54885,-16.402,-0.60297,-0.72233,0.39489,-80.646,-57.726,28.741,8.047,7.6289,-5.1081,-0.9451,0.39425,0.38793,-8.0696,72.749,-101.61,12
-1.881,-0.39421,3.1961,-0.72841,-0.59027,3.1029,-1.3317,-9.4106,-0.60297,-0.72233,0.39489,-123.24,15.728,28.57,6.2595,7.9005,-2.9487,-0.9451,0.39425,0.38793,-19.292,81.565,-84.234,12
4.6156,-1.992,-0.22139,-0.77446,-0.60283,-1.412,-7.5643,-6.9236,-0.60297,-0.72233,0.39489,-166.44,22.215,18.547,1.5876,5.2599,-0.0078373,-0.9451,0.39425,0.38793,-23.887,70.908,-101.91,12
8.2034,-1.0779,-0.17069,-0.68655,-0.60701,-5.6778,-13.733,-6.0039,-0.42115,-0.70544,0.55403,-187.45,43.526,14.713,0.23601,1.5429,2.2855,-0.9451,0.39425,0.38793,-20.655,35.018,-112.32,12
6.6245,0.089516,1.7133,-0.3977,-0.28048,-2.9597,-14.559,-4.4034,-0.42115,-0.70544,0.55403,-201.51,-6.4252,2.3629,-0.2406,0.40552,1.5515,-1.0137,0.25462,0.23707,-11.67,17.933,-105.83,12
2.5878,0.91193,3.3137,-0.50654,-0.36002,0.17325,-16.097,0.2073,-0.42115,-0.70544,0.55403,-215.95,-5.3635,-3.9969,-0.043905,2.4863,-1.3653,-1.0137,0.25462,0.23707,-3.7498,19.996,-91.25,12
-2.0303,0.50542,3.9929,0.11722,-0.0041863,4.6046,-15.033,3.586,-0.42486,-0.9212,0.11788,-203.64,67.541,1.0886,-1.358,4.6372,-1.2786,-1.0137,0.25462,0.23707,-2.0753,43.82,-66.545,12
-7.622,-0.71963,2.7247,0.19257,-0.47305,-5.4855,-3.5117,11.207,-0.42486,-0.9212,0.11788,-166.54,100.93,3.7645,-0.79582,5.8591,-1.0925,-1.0373,0.15811,0.16595,-2.7078,70.334,-47.328,12
-5.2857,-3.3918,1.5684,0.20513,-0.12977,-10.532,9.9334,21.058,-0.42486,-0.9212,0.11788,-103.64,61.77,13.143,0.89287,5.7831,-0.69001,-1.0373,0.15811,0.16595,-0.98369,117.07,-36.208,12
1.3971,-3.1865,2.8711,0.17582,-0.35583,-12.095,6.1026,22.143,-0.42486,-0.9212,0.11788,-31.988,-2.9829,25.345,-2.549,5.8369,-0.31232,-1.0373,0.15811,0.16595,1.6138,143.43,-11.51,12
0.26022,-3.9201,3.384,0.083726,-0.24699,-3.973,1.6814,17.649,-0.46939,-0.90432,-0.19057,25.184,-9.7931,38.988,-4.4552,6.8356,-1.4395,-1.0373,0.15811,0.16595,-1.6269,124.56,4.498,12
-19.797,-3.0594,-0.72798,-0.2135,-0.63632,13.813,-11.566,-14.992,-0.46939,-0.90432,-0.19057,24.39,-51.804,35.384,-11.278,6.152,-1.7966,-1.0431,0.1191,-0.13362,-10.732,93.765,1.0138,12
-21.669,-9.4914,-8.8963,0.029304,-0.14233,19.735,-19.187,-4.887,-0.46939,-0.90432,-0.19057,-59.509,105.73,-25.985,-21.374,1.1308,1.0774,-1.0431,0.1191,-0.13362,-18.823,38.684,20.175,12
-21.677,-6.0483,-11.797,0.20513,0.14652,-5.0084,-11.85,20.982,-0.51577,-0.88555,-0.22986,23.44,16.096,24.911,-21.476,-7.0809,6.9064,-1.0431,0.1191,-0.13362,-22.047,-32.309,104.58,12
-21.728,-6.5072,-9.3962,0.10466,-0.28885,16.899,-19.042,12.675,-0.51577,-0.88555,-0.22986,54.73,-26.969,4.8028,-21.476,-13.765,8.468,-0.99216,0.19507,-0.21336,-3.5294,-11.825,247.7,12
-21.726,-6.1274,-6.962,0.046049,-0.12977,-6.7252,-19.256,3.1262,-0.51577,-0.88555,-0.22986,3.0546,-30.856,30.551,-21.361,-15.046,6.3935,-0.99216,0.19507,-0.21336,6.9004,-10.136,336.34,12
-21.768,-5.0357,-1.0216,-0.38095,-0.43537,-21.599,-19.466,-7.981,-0.51577,-0.88555,-0.22986,-37.733,-6.7786,18.283,-21.475,-18.194,11.58,-0.99216,0.19507,-0.21336,11.069,-95.949,379.88,12
-21.595,-6.5948,-2.5198,-0.32234,-0.23443,-5.974,-19.465,-15.846,-0.56215,-0.88743,-0.22593,-19.249,37.807,-2.1576,-21.535,-18.603,14.695,-0.99216,0.19507,-0.21336,29.861,-155.72,392.05,12
-10.436,-6.9742,-2.9119,-0.9461,-0.84982,-1.3092,-19.3,-3.2802,-0.56215,-0.88743,-0.22593,-19.237,8.8162,-20.627,-21.558,-14.177,13.322,-0.88235,0.58932,-0.086207,47.63,-192.16,341.86,12
-1.6026,-3.2041,-0.38311,-0.84982,-0.76609,-1.5543,-17.1,-1.0997,-0.56215,-0.88743,-0.22593,10.006,-54.595,-32.699,-21.617,-4.1971,12.29,-0.88235,0.58932,-0.086207,41.155,-211.23,297.16,12
11.268,1.2497,1.4493,2.5829,1.1847,2.933,-13.186,-8.6612,-0.5102,-0.8743,-0.23576,105.02,-79.582,7.0648,-12.501,0.42542,5.5421,-0.88235,0.58932,-0.086207,29.919,-167.93,260.4,12
14.851,2.9068,-1.0858,-0.45212,-0.42282,8.5816,-8.3293,-3.2265,-0.5102,-0.8743,-0.23576,66.472,-61.582,22.519,-0.96562,-1.5496,-0.9629,-0.62157,0.87064,0.19397,15.855,-155.98,244.12,12
10.881,5.4374,-1.5422,-0.7619,-0.72004,10.018,-9.3406,-1.3877,-0.5102,-0.8743,-0.23576,63.63,-28.343,8.9675,4.9574,-6.8098,-7.9759,-0.62157,0.87064,0.19397,13.468,-107.45,230.59,12
4.3975,5.8836,-2.1442,-0.69074,-0.5484,7.1209,-2.6212,-0.73694,-0.55659,-0.8743,-0.017682,11.858,-19.201,1.8307,11.456,-8.7228,-17.28,-0.62157,0.87064,0.19397,15.096,-70.243,214.0,12
-5.6039,2.4173,0.14387,-0.58608,-0.21769,1.8282,-10.008,-4.7425,-0.55659,-0.8743,-0.017682,-30.048,-56.397,-9.2247,19.692,-4.3759,-17.594,-0.62157,0.87064,0.19397,16.411,25.325,189.61,12
-7.7186,-2.4541,0.31597,-0.57771,-0.19257,9.5101,-4.8981,3.2564,-0.55659,-0.8743,-0.017682,-14.313,34.822,-22.284,19.616,4.9383,-17.17,-0.33333,1.0205,0.26724,2.0826,136.44,71.24,12
-3.1149,-3.3469,2.2777,-0.43119,-0.43956,-3.8774,-1.2666,9.9708,-0.55659,-0.8743,-0.017682,24.358,110.03,-11.688,19.449,2.781,-11.903,-0.33333,1.0205,0.26724,-3.3114,225.42,-56.833,12
2.0189,-1.4494,2.5117,-0.23025,-0.41863,-8.0931,-0.33767,11.777,-0.5269,-0.88368,-0.051081,51.601,88.475,-5.2357,17.833,-3.4662,-11.621,-0.33333,1.0205,0.26724,15.549,280.2,-167.47,12
3.7388,-0.57521,1.664,0.025118,-0.28048,-3.455,-2.9024,9.7578,-0.5269,-0.88368,-0.051081,71.745,49.741,-2.7981,10.938,-3.0924,-9.238,-0.42549,0.98563,0.096983,29.485,255.55,-259.37,12
3.3498,-0.31659,-0.34428,0.20094,-0.087912,-0.9551,-4.3832,6.2296,-0.5269,-0.88368,-0.051081,94.948,49.693,-0.087094,4.3895,-4.9035,-5.3493,-0.42549,0.98563,0.096983,33.49,207.18,-319.09,12
3.0886,-0.38953,-1.393,0.041863,-0.18001,-2.934,-3.8531,4.7884,-0.53432,-0.88743,0.049116,110.68,42.196,4.868,1.0383,-5.8068,-2.6758,-0.42549,0.98563,0.096983,31.105,130.25,-355.55,12
1.5167,-0.58068,-2.0312,-0.10047,-0.28048,-1.6039,-5.5197,3.4788,-0.53432,-0.88743,0.049116,121.57,18.05,8.932,0.27226,-6.7184,-0.83592,-0.42549,0.98563,0.096983,19.634,60.396,-383.6,12
-0.65547,-0.054581,-2.2681,-0.19676,-0.28885,-0.73655,-7.5502,0.42763,-0.53432,-0.88743,0.049116,132.36,-1.1401,10.496,-0.65099,-6.7073,0.2688,-0.70784,0.76181,-0.19828,3.4377,2.6522,-402.85,12
-1.9918,0.60118,-2.5143,-0.16745,-0.30141,-1.8954,-7.7961,-0.39834,-0.53432,-0.88743,0.049116,135.0,-11.625,12.712,0.60114,-6.213,-0.30023,-0.70784,0.76181,-0.19828,-17.836,-42.133,-401.74,12
-3.8837,1.7613,-2.231,-0.2428,-0.26374,-1.1845,-7.6516,-7.7382,-0.56957,-0.79362,0.29666,129.51,-40.378,9.069,0.97667,-5.7431,-1.308,-0.70784,0.76181,-0.19828,-36.726,-46.072,-378.97,12
-5.3136,2.0436,0.42603,-0.19257,-0.19257,4.0291,-5.3757,-17.77,-0.56957,-0.79362,0.29666,95.054,-55.629,2.407,-4.6515,-8.2155,-2.5462,-0.98039,0.33676,-0.14224,-58.482,-13.375,-325.22,12
-5.2942,0.064839,1.3532,-0.12977,-0.13396,8.4205,-1.1231,-18.253,-0.56957,-0.79362,0.29666,58.831,4.7328,-5.5529,-7.9492,-9.5218,-1.1844,-0.98039,0.33676,-0.14224,-55.235,-11.809,-274.27,12
-12.064,1.1969,-1.4502,-0.1214,-0.38932,1.247,3.086,-18.135,-0.5603,-0.66979,0.51081,16.446,74.147,-6.6981,-11.779,-11.575,1.4837,-0.98039,0.33676,-0.14224,-39.449,-31.124,-193.62,12
-21.779,-2.948,-13.844,-0.38932,-0.32234,19.55,-15.574,-18.771,-0.5603,-0.66979,0.51081,-197.21,58.669,-68.937,-15.614,-11.656,4.3651,-0.98039,0.33676,-0.14224,-8.178,-81.716,-121.73,12
-21.936,7.4263,-16.079,-0.56096,-0.39351,-0.7456,-19.36,-9.2254,-0.5603,-0.66979,0.51081,-227.23,-47.819,-42.885,-18.153,-14.328,5.2211,-0.98039,0.33676,-0.14224,21.673,-148.66,-71.365,12
-21.977,6.4167,-16.17,-0.34328,0.071167,-9.9473,-19.068,22.937,-0.5603,-0.66979,0.51081,-109.83,79.447,8.7614,-17.304,-18.653,3.6715,-0.98039,0.33676,-0.14224,53.136,-180.1,-44.068,12
-21.93,4.0694,-12.707,0.058608,0.066981,8.9939,-4.6188,-12.37,-0.59369,-0.80675,0.20629,-151.61,-16.466,-12.387,-18.491,-18.681,4.9305,-0.98039,0.33676,-0.14224,72.893,-143.39,-37.902,12
-21.83,-0.42315,-10.828,2.7588,2.089,1.0892,-3.9867,-16.491,-0.59369,-0.80675,0.20629,-40.679,22.609,2.1748,-19.649,-18.642,6.8388,-1.0451,-0.032854,0.30172,71.898,-63.329,-72.297,12
-21.99,-0.0075249,-8.1059,-1.3773,-0.6112,-6.604,-19.311,-9.3024,-0.59369,-0.80675,0.20629,9.131,6.6977,2.4921,-21.38,-18.621,6.871,-1.0451,-0.032854,0.30172,68.967,74.483,-87.091,12
-19.735,0.36169,-4.3885,-0.84144,-0.43956,2.9388,-13.681,-12.655,-0.58813,-0.84803,0.066798,70.162,10.491,1.8107,-21.242,-18.697,3.3047,-1.0451,-0.032854,0.30172,53.868,216.21,-67.511,12
-5.2136,-1.9482,-2.3122,-1.0717,-0.50654,-1.4276,-18.208,-8.9247,-0.58813,-0.84803,0.066798,124.09,-33.534,9.3976,-21.126,-18.722,-1.2174,-1.0431,-0.075975,0.036638,6.1259,235.57,-30.031,12
5.6598,-1.6744,-5.6875,-1.0884,-0.36839,-2.4287,-19.328,-6.074,-0.58813,-0.84803,0.066798,187.69,-98.941,31.146,-21.332,-18.697,5.3152,-1.0431,-0.075975,0.036638,-32.918,191.14,-48.057,12
19.029,-0.95486,-6.6965,-0.88749,-0.012559,-3.8301,-19.208,5.9492,-0.61967,-0.70732,0.36149,230.09,-31.659,68.154,-20.323,-11.099,14.122,-1.0431,-0.075975,0.036638,-32.752,100.02,-103.82,12
18.969,3.5565,-3.3431,-0.67399,0.16327,19.536,-13.078,-18.667,-0.61967,-0.70732,0.36149,121.6,-154.24,8.0571,-10.339,-4.5352,11.482,-1.0431,-0.075975,0.036638,-10.7,25.167,-89.274,12
6.5272,0.914,-3.0546,-0.31816,0.56934,-1.4831,-2.7584,-18.413,-0.61967,-0.70732,0.36149,81.45,-61.732,4.616,-4.2139,7.0478,8.7795,-0.98431,-0.14168,-0.26293,11.543,-84.491,-107.23,12
-3.7018,-1.7768,-2.7915,-0.24699,0.71167,6.8537,6.9099,-17.919,-0.61967,-0.70732,0.36149,-37.949,-208.24,7.459,4.9968,12.559,3.9196,-0.98431,-0.14168,-0.26293,26.606,-104.23,-69.545,12
-9.5314,-1.7142,-0.73323,-0.28048,0.77028,7.2038,-2.7451,-18.076,-0.4731,-0.58349,0.64833,-95.793,-40.877,22.238,8.153,20.663,1.3457,-0.98431,-0.14168,-0.26293,29.568,-77.331,-62.895,12
-4.2416,-1.0516,-0.094641,-0.42282,0.46049,1.4543,-7.0965,-10.642,-0.4731,-0.58349,0.64833,-148.82,4.424,20.97,13.474,21.896,-1.426,-1.0137,-0.26489,-0.081897,3.6841,-8.6065,-40.273,12
1.6314,-1.2663,-0.019232,-0.52329,0.49817,1.688,-11.326,-6.8098,-0.4731,-0.58349,0.64833,-175.61,20.472,11.388,7.9125,19.976,0.59255,-1.0137,-0.26489,-0.081897,-14.425,47.623,-43.364,12
5.1426,-1.0686,-0.11723,-0.69074,-0.0041863,-0.28863,-13.891,-2.9579,-0.47681,-0.78236,0.42829,-183.7,33.03,4.3539,2.9035,10.753,4.2981,-1.0137,-0.26489,-0.081897,-15.816,16.284,-75.208,12
6.5384,-1.1642,-0.2732,-0.51073,0.48142,-1.1986,-13.123,-2.366,-0.47681,-0.78236,0.42829,-181.76,35.396,-0.32628,2.7043,7.776,2.5971,-1.0137,-0.26489,-0.081897,-3.031,2.104,-101.16,12
3.8271,-0.44787,3.1597,-0.31816,0.79121,-0.071398,-11.917,0.33049,-0.47681,-0.78236,0.42829,-180.85,35.387,-6.4049,0.34951,7.2161,-1.3892,-0.97647,-0.34497,-0.14224,-0.41387,30.426,-79.374,12
0.11042,-1.4805,4.7299,-0.48142,0.28048,0.78765,-10.364,5.1355,-0.47681,-0.78236,0.42829,-167.56,56.354,-10.344,-5.3767,5.9324,-7.7555,-0.97647,-0.34497,-0.14224,0.021845,56.044,-57.961,12
-2.9449,-3.2608,1.9276,-0.49398,0.11722,-1.0245,-4.11,10.784,-0.48609,-0.90994,0.0039293,-136.13,80.627,-5.0101,-14.697,2.5173,-8.27,-0.97647,-0.34497,-0.14224,-0.60988,28.779,-44.704,12
-1.6946,-2.6416,1.857,-0.48142,0.14652,-7.2044,6.0134,16.187,-0.48609,-0.90994,0.0039293,-75.555,80.939,3.4434,-18.674,-3.5436,-2.3647,-0.93137,-0.40657,-0.20259,5.0788,-66.628,2.9339,12
0.58779,-1.1068,3.1846,-0.70748,-0.16327,-11.695,3.2732,17.422,-0.48609,-0.90994,0.0039293,-15.386,7.3098,7.4496,-10.482,-5.6007,-1.0717,-0.93137,-0.40657,-0.20259,10.228,-90.338,68.978,12
-1.3395,-0.70092,5.1159,-0.89168,-0.35583,-10.343,-2.232,13.431,-0.47495,-0.89869,-0.22397,42.288,-65.927,16.408,-13.817,-6.2769,-3.6888,-0.93137,-0.40657,-0.20259,14.857,31.486,168.94,12
-21.487,-4.4161,1.9394,-0.97541,-0.19676,14.098,-15.095,-13.437,-0.47495,-0.89869,-0.22397,8.6842,-152.93,-0.66458,-21.204,-7.7728,-1.2845,-0.93137,-0.40657,-0.20259,6.2351,66.953,258.66,12
-21.825,-2.6816,-9.2203,1.0215,0.98378,6.0668,-2.0788,-15.804,-0.47495,-0.89869,-0.22397,51.144,118.94,3.9927,-21.256,-11.51,2.0495,-1.0196,-0.24641,-0.14871,-3.7009,24.879,342.64,12
-21.91,0.53341,-9.5941,1.7708,1.8085,9.5537,-18.967,23.137,-0.48794,-0.90994,-0.14538,-5.0248,45.738,-6.9947,-21.313,-16.869,6.0524,-1.0196,-0.24641,-0.14871,-6.3791,8.4144,453.94,12
-21.715,-7.7068,-5.5778,-1.0801,-0.050235,12.536,-19.087,14.098,-0.48794,-0.90994,-0.14538,-4.402,50.136,2.3284,-21.271,-18.694,5.607,-1.0196,-0.24641,-0.14871,-2.8346,-14.165,558.93,12
-21.811,-1.3915,-2.8621,-0.90842,0.075353,1.8901,-19.192,6.5489,-0.48794,-0.90994,-0.14538,-1.7123,-6.0379,14.958,-21.242,-18.667,6.2958,-0.99412,0.36345,-0.12716,9.6465,-94.599,567.93,12
-21.815,-1.676,-3.7087,-0.85819,0.32234,-6.7367,-19.278,0.92707,-0.48794,-0.90994,-0.14538,-40.028,-55.563,4.5308,-21.207,-18.699,4.1484,-0.99412,0.36345,-0.12716,21.936,-194.22,509.6,12
-14.672,-1.2283,-2.9527,-0.79958,0.0083726,-6.7502,-19.261,2.657,-0.48052,-0.91182,-0.17485,-52.073,-89.021,-21.156,-21.166,-18.576,3.3941,-0.99412,0.36345,-0.12716,32.199,-227.13,386.31,12
-3.2211,1.9656,-0.79152,-0.72004,-0.25118,-6.1229,-19.082,14.547,-0.48052,-0.91182,-0.17485,-32.782,-120.59,-44.459,-8.1041,-9.7262,1.3783,-0.99412,0.36345,-0.12716,15.834,-140.13,249.37,12
4.6994,2.9075,2.8406,-0.27211,0.29723,-7.5427,-16.028,2.1544,-0.48052,-0.91182,-0.17485,7.8598,-105.95,-21.32,-1.3839,-2.1881,3.1927,-0.7098,0.80082,0.19397,-33.791,-21.799,163.8,12
5.9472,0.62068,0.44533,-0.19676,0.11303,-1.9229,-5.5246,-3.9413,-0.43043,-0.92871,-0.11984,-23.548,-174.26,-3.2698,3.2279,-1.883,4.6975,-0.7098,0.80082,0.19397,-74.834,39.05,109.67,12
6.8065,-0.92931,0.74794,0.020931,0.30979,17.638,-8.4127,0.31825,-0.43043,-0.92871,-0.11984,-22.527,-165.83,-19.248,5.4912,-3.4987,5.1271,-0.7098,0.80082,0.19397,-78.02,7.6945,38.074,12
5.6264,-1.5203,1.0947,0.03349,0.5191,7.5315,1.7177,-9.4221,-0.43043,-0.92871,-0.11984,1.2472,-36.893,-11.489,17.757,-0.32798,-2.7976,-0.61373,0.86242,0.31466,-63.41,-39.347,-41.669,12
1.0619,-1.5823,1.7207,-0.16745,0.35165,12.803,-7.2502,5.6718,-0.43043,-0.92871,-0.11984,19.09,44.947,-22.621,19.31,3.4453,-7.4736,-0.61373,0.86242,0.31466,-59.291,13.423,-150.78,12
-2.6978,-0.96677,2.0604,-0.40188,0.029304,1.6326,-3.547,7.6723,-0.39889,-0.94371,-0.037328,53.197,136.72,-22.345,19.243,2.1817,-6.8284,-0.61373,0.86242,0.31466,-65.39,85.752,-237.91,12
-2.5449,-0.53234,2.2047,-0.5191,-0.14233,-1.5076,-1.3354,6.064,-0.39889,-0.94371,-0.037328,90.826,147.53,-13.104,12.44,0.18937,-4.0634,-0.61373,0.86242,0.31466,-58.634,115.08,-293.3,12
-0.39063,-0.67071,2.0344,-0.5484,-0.13396,-1.5269,-1.9347,4.5547,-0.39889,-0.94371,-0.037328,114.62,115.18,-5.8973,4.7573,0.15039,-1.9612,-0.78627,0.65092,0.34698,-50.032,95.522,-334.45,12
1.2136,-0.58078,1.7162,-0.53166,-0.13815,0.95071,-4.1168,2.1787,-0.37477,-0.95872,0.037328,137.93,105.23,-0.63616,2.4016,-1.4723,-1.2299,-0.78627,0.65092,0.34698,-47.898,57.593,-350.27,12
1.6842,-1.3809,0.38098,-0.40188,-0.11303,-2.2006,-5.3455,0.10655,-0.37477,-0.95872,0.037328,156.04,119.17,9.3961,0.64831,-3.0327,-1.2662,-0.78627,0.65092,0.34698,-45.705,43.476,-362.36,12
0.30702,-0.70431,-0.97918,-0.38095,-0.10466,-3.9036,-6.7646,-1.2106,-0.37477,-0.95872,0.037328,164.06,97.442,18.832,-0.82842,-5.5454,-0.53769,-1.0137,0.20945,0.26509,-42.606,30.293,-370.83,12
-0.19905,-0.65364,-2.5115,-0.49817,-0.050235,-4.5523,-8.95,-1.9305,-0.37477,-0.95872,0.037328,167.32,74.107,24.484,-2.0614,-7.5411,-1.1062,-1.0137,0.20945,0.26509,-41.766,24.525,-366.06,12
-0.53777,-0.88914,-2.5327,-0.52747,-0.18001,-2.0853,-8.9036,-6.2056,-0.47124,-0.83114,0.30648,160.97,20.225,25.438,-2.6588,-8.8841,-1.413,-1.0137,0.20945,0.26509,-41.808,20.241,-340.75,12
-2.0539,0.16797,-1.6796,-0.58608,-0.1842,7.1039,-5.9121,-16.954,-0.47124,-0.83114,0.30648,111.53,-14.326,12.631,-4.2039,-9.0652,-1.5158,-1.0137,0.20945,0.26509,-42.307,24.276,-300.73,12
-4.3597,0.81195,-0.70587,-0.57771,-0.14233,6.8972,-0.83601,-18.254,-0.47124,-0.83114,0.30648,70.298,23.701,9.3238,-6.3687,-11.907,1.2588,-1.0314,-0.26283,0.17457,-34.62,20.967,-242.78,12
-7.391,-2.6699,-2.0192,2.7211,1.1094,5.0111,2.195,-18.121,-0.53432,-0.66417,0.51473,24.221,23.244,4.9108,-6.9469,-13.071,2.9194,-1.0314,-0.26283,0.17457,-12.996,10.996,-165.71,12
-17.268,-2.2426,-15.233,-0.65725,-0.071167,19.484,-6.5502,-18.383,-0.53432,-0.66417,0.51473,-47.006,-35.493,-33.626,-7.4763,-11.759,2.1308,-1.0314,-0.26283,0.17457,12.598,-14.904,-98.516,12
-21.948,4.9634,-15.259,-0.66562,0.10884,-21.736,-4.0622,-6.2226,-0.53432,-0.66417,0.51473,-101.67,333.68,49.635,-6.5794,-12.605,1.5156,-0.95098,-0.48871,0.16164,37.85,-21.15,-44.519,12
-22.002,7.1731,-16.081,-0.59445,-0.35583,13.227,-18.956,23.164,-0.60482,-0.76923,0.29077,-88.812,-36.727,-42.012,-3.8042,-17.593,-0.32758,-0.95098,-0.48871,0.16164,60.566,-11.631,4.5767,12
-21.797,-2.08,-15.819,-0.64469,-0.16745,-4.1893,20.79,-0.17946,-0.60482,-0.76923,0.29077,-233.6,-130.14,-41.213,-1.4587,-18.672,-0.15233,-0.95098,-0.48871,0.16164,82.525,65.767,34.928,12
-21.772,-4.8355,-17.014,-0.64469,1.2936,2.5747,-13.04,-18.835,-0.60482,-0.76923,0.29077,-48.776,85.258,7.3379,-6.9194,-18.744,-5.4372,-0.95098,-0.48871,0.16164,79.733,145.68,19.993,12
-21.806,-3.1559,-13.284,-0.22606,0.13396,-9.4486,-18.751,-18.709,-0.60482,-0.76923,0.29077,-18.867,-11.738,-26.922,-9.7003,-18.698,-2.7578,-0.96078,-0.44559,0.11853,51.992,100.49,-7.9073,12
-21.863,0.21682,-8.191,-0.12559,0.67818,6.6659,-13.168,-11.883,-0.59184,-0.8424,0.047151,20.524,12.272,-16.262,-6.0951,-18.633,2.7142,-0.96078,-0.44559,0.11853,4.5462,41.69,-73.25,12
-15.17,-0.61442,0.81839,0.2135,0.27211,-1.4389,-17.149,-7.976,-0.59184,-0.8424,0.047151,80.05,10.392,-2.8593,-4.9756,-18.619,1.0586,-0.96078,-0.44559,0.11853,-46.556,30.192,-130.84,12
-3.6348,-2.6053,6.3866,0.10466,0.11722,-5.7367,-16.182,-10.262,-0.59184,-0.8424,0.047151,120.93,-78.824,6.1618,-10.134,-18.666,0.35835,-0.93137,-0.52567,-0.034483,-88.498,1.2347,-219.11,12
8.1237,-4.1665,0.53028,-0.037677,0.14652,-0.78084,-19.344,-7.6312,-0.57328,-0.79925,0.23576,187.87,-116.92,25.117,-8.1907,-18.638,2.2348,-0.93137,-0.52567,-0.034483,-100.61,-24.756,-289.49,12
19.075,-2.2305,-7.3692,-0.11303,0.050235,-1.0832,-19.155,9.2606,-0.57328,-0.79925,0.23576,232.35,-76.452,52.827,-9.944,-18.62,6.0065,-0.93137,-0.52567,-0.034483,-86.371,-37.481,-313.63,12
15.379,2.2502,-7.6185,-0.096285,0.69492,2.9428,-16.328,-18.985,-0.57328,-0.79925,0.23576,141.96,-131.33,27.334,-9.4103,-8.9999,9.0083,-0.93137,-0.52567,-0.034483,-59.86,-25.545,-273.14,12
-1.078,3.9005,-2.2384,-0.32234,0.36839,13.267,-11.692,-18.671,-0.57328,-0.79925,0.23576,62.21,-203.56,-9.8868,-7.9886,4.6573,6.7329,-0.7,-0.79466,-0.12931,-22.399,22.247,-211.5,12
-10.278,1.7634,-2.7781,-0.43956,-0.092098,3.8098,5.1781,-14.859,-0.52505,-0.55159,0.6444,-43.452,-186.72,10.384,-10.414,14.799,5.8545,-0.7,-0.79466,-0.12931,-3.5116,43.813,-141.3,12
-8.5766,0.54937,-0.8874,-0.40607,-0.2135,11.853,0.66039,-18.119,-0.52505,-0.55159,0.6444,-74.954,38.364,31.563,-10.957,9.0455,4.546,-0.7,-0.79466,-0.12931,-13.265,20.025,-115.99,12
1.1642,-0.63551,0.06912,-0.36002,0.066981,-4.9181,-3.3134,-14.507,-0.52505,-0.55159,0.6444,-143.1,71.706,28.696,-10.137,-1.0475,4.2497,-0.54314,-0.91581,-0.20905,-11.246,-11.452,-85.67,12
5.8798,-2.0716,-0.091707,-0.43119,-0.050235,-1.0353,-13.284,-6.6121,-0.48052,-0.66792,0.56974,-183.96,15.418,6.9883,-9.144,-3.9189,4.1061,-0.54314,-0.91581,-0.20905,1.0688,-36.75,-80.478,12
2.5587,-1.1689,0.2527,-0.57771,-0.34328,-2.6342,-14.25,-4.1972,-0.48052,-0.66792,0.56974,-185.63,39.471,2.4522,-7.1863,-4.2869,2.3065,-0.54314,-0.91581,-0.20905,13.455,-36.901,-65.066,12
2.5274,-0.10763,0.15873,-0.58189,0.0083726,-3.3437,-12.246,-3.7603,-0.48052,-0.66792,0.56974,-190.38,30.344,4.2256,-6.2195,-3.5184,0.15741,-0.54314,-0.91581,-0.20905,27.05,-5.9799,-26.475,12
3.7745,-0.34337,0.73752,-0.74097,-0.19676,-1.5604,-13.177,-0.85153,-0.50649,-0.85741,0.18468,-188.1,25.551,0.33182,-7.4276,-4.23,0.99683,-0.48235,-0.97125,-0.1681,30.548,2.7647,52.93,12
1.8334,-0.7613,3.2157,0.84144,0.60701,-0.46102,-12.118,5.0457,-0.50649,-0.85741,0.18468,-174.51,57.158,-1.4105,-6.0703,-3.5315,2.8547,-0.48235,-0.97125,-0.1681,36.485,21.905,139.86,12
-1.0337,-1.3465,3.3104,2.1141,1.9508,-5.0514,-5.0263,10.24,-0.50649,-0.85741,0.18468,-151.28,86.467,0.57364,-6.6124,-4.5706,3.9381,-0.48235,-0.97125,-0.1681,38.957,35.777,222.8,12
-1.3281,-1.7753,2.4613,-1.1261,-0.18838,-4.6227,2.4533,13.649,-0.50649,-0.85741,0.18468,-109.52,60.545,4.471,-8.7536,-6.0719,3.811,-0.60588,-0.87885,-0.11422,35.768,22.063,300.13,12
-5.4689,-0.79841,3.665,-0.72004,-0.1842,-7.9169,7.2976,-7.8601,-0.50649,-0.89681,-0.21611,-60.799,18.957,10.983,-8.6952,-10.065,3.528,-0.60588,-0.87885,-0.11422,38.194,-4.7059,366.15,12
-20.222,-1.0277,1.7391,-0.61538,-0.28467,11.094,-9.3625,10.289,-0.50649,-0.89681,-0.21611,-12.643,-62.442,-5.7605,-11.8,-13.492,4.8254,-0.60588,-0.87885,-0.11422,43.211,-5.6401,422.94,12
-21.751,-5.3987,-9.149,-0.4898,0.1214,1.7731,-19.228,2.9834,-0.50649,-0.89681,-0.21611,-28.906,32.95,0.82582,-14.11,-18.588,8.206,-0.60588,-0.87885,-0.11422,55.478,-17.777,491.9,12
-21.928,2.9594,-9.7863,-0.36839,0.12977,-5.2562,-19.257,1.0367,-0.49536,-0.87617,-0.27505,20.104,54.845,33.826,-20.889,-18.598,11.153,-0.96078,-0.47639,0.0086207,74.788,-43.593,543.09,12
-21.975,6.3021,-6.7276,-0.16745,0.18838,19.077,-19.159,5.9203,-0.49536,-0.87617,-0.27505,7.4015,0.84342,18.025,-21.375,-18.696,9.3881,-0.96078,-0.47639,0.0086207,86.377,-69.654,561.99,12
-21.868,0.95682,-3.4086,-0.012559,0.29723,4.8014,-19.014,22.347,-0.49536,-0.87617,-0.27505,5.218,-71.612,12.589,-21.35,-18.635,9.5474,-0.96078,-0.47639,0.0086207,100.56,-69.332,553.97,12
-21.864,-0.22621,-3.2835,0.15908,0.47724,-18.691,-19.488,-14.109,-0.49536,-0.87617,-0.27505,-41.704,-65.821,6.2542,-21.262,-18.667,7.2958,-1.0255,0.24435,0.19397,112.87,-95.614,515.13,12
-21.876,-0.63884,-3.447,0.016745,0.37258,-4.6636,-19.359,-9.1917,-0.57699,-0.85553,-0.24558,-34.9,-35.431,-15.975,-21.201,-18.694,4.607,-1.0255,0.24435,0.19397,103.24,-88.991,459.99,12
-14.544,-2.0998,-3.5574,-0.10884,0.33909,-10.181,-19.346,-9.8816,-0.57699,-0.85553,-0.24558,-11.193,37.176,-11.981,-16.531,-15.917,2.3396,-1.0255,0.24435,0.19397,83.248,-59.445,400.09,12
-5.5162,-1.4637,-4.6054,-0.34328,0.062794,-7.6536,-19.235,6.2221,-0.57699,-0.85553,-0.24558,-22.037,1.6883,-47.628,-11.973,-5.3411,-0.11081,-1.0255,0.24435,0.19397,55.888,-48.586,333.37,12
2.8004,1.3926,-3.1273,-0.47305,0.096285,-5.153,-19.193,9.3846,-0.50464,-0.8743,-0.30648,39.886,-87.738,-41.912,-6.0964,4.63,-1.9977,-0.74118,0.76591,0.23922,20.654,-53.137,260.51,12
8.9745,2.2843,-1.2786,-0.49398,0.041863,1.2733,-10.929,4.1538,-0.50464,-0.8743,-0.30648,15.071,-75.564,-14.986,2.0447,8.6396,-3.0368,-0.74118,0.76591,0.23922,-21.203,-55.702,179.92,12
7.3082,0.75339,-1.3638,-0.42282,0.19257,5.4332,-5.6931,3.9572,-0.50464,-0.8743,-0.30648,18.118,-88.255,-8.2821,13.728,7.097,-4.3014,-0.74118,0.76591,0.23922,-47.367,-32.922,126.82,12
4.9372,-0.3942,0.92242,-0.2135,0.23025,2.4097,-2.4369,3.8398,-0.50464,-0.8743,-0.30648,12.886,-81.597,-2.3277,19.299,9.9006,-8.9425,-0.52745,0.90965,0.33405,-59.033,21.305,75.141,12
1.1504,-1.9621,2.4129,-0.16327,0.24699,0.22623,-6.2898,-9.1768,-0.49351,-0.90056,-0.16699,-23.57,-114.08,3.4881,19.225,10.181,-6.9076,-0.52745,0.90965,0.33405,-79.066,64.7,-15.586,12
-1.8831,-2.8125,1.589,-0.56096,-0.075353,17.402,-9.4661,-6.018,-0.49351,-0.90056,-0.16699,-7.996,-71.113,-10.24,19.256,6.669,-7.1041,-0.52745,0.90965,0.33405,-94.447,52.603,-115.41,12
-1.9075,-2.0988,1.9164,-0.58608,-0.10047,6.6131,-5.1366,5.1531,-0.49351,-0.90056,-0.16699,27.148,77.527,-14.45,18.712,2.6737,-6.6267,-0.52745,0.90965,0.33405,-107.47,43.04,-177.31,12
-1.2347,0.6225,2.1718,-0.63213,-0.15908,-0.11681,-0.37159,9.3761,-0.51206,-0.92308,-0.13163,65.517,131.82,-5.8032,13.064,0.34767,-5.2326,-0.60196,0.80903,0.45259,-102.42,63.279,-235.53,12
0.79699,1.0594,2.9375,-0.6112,0.0083726,-5.6918,1.9447,10.311,-0.51206,-0.92308,-0.13163,102.13,127.97,7.2116,6.1711,-4.1964,-4.6369,-0.60196,0.80903,0.45259,-90.242,60.164,-280.75,12
1.1366,1.2495,2.4493,2.943,2.1559,-2.2393,-0.71254,5.9732,-0.51206,-0.92308,-0.13163,128.14,77.618,12.823,2.3771,-7.5206,-4.0635,-0.60196,0.80903,0.45259,-80.022,22.901,-330.71,12
0.59188,0.7092,-0.63091,-1.214,-0.32234,0.28626,-3.5283,1.6285,-0.49722,-0.90056,0.011788,153.33,70.393,15.277,1.0413,-10.848,-5.7611,-0.85882,0.45791,0.51509,-70.452,10.481,-365.41,12
-0.76056,-1.3661,-0.51242,-0.77865,-0.17164,-0.36573,-6.2575,-0.99361,-0.49722,-0.90056,0.011788,168.84,66.935,21.928,0.74673,-13.982,-7.2304,-0.85882,0.45791,0.51509,-72.557,15.384,-385.36,12
-0.47985,-2.2699,-3.7938,-0.70748,-0.29723,-1.9987,-7.7374,-0.46936,-0.49722,-0.90056,0.011788,176.63,65.573,26.836,1.8533,-17.137,-6.7319,-0.85882,0.45791,0.51509,-74.779,44.509,-378.84,12
-0.38352,0.48922,-3.8507,-0.65725,-0.26374,-4.3837,-7.536,-5.0873,-0.49722,-0.90056,0.011788,172.0,52.959,30.951,1.1333,-18.652,-4.2243,-0.85882,0.45791,0.51509,-68.549,93.008,-350.32,12
-3.2558,0.16533,-2.6167,-0.54422,-0.15489,3.2986,-7.1501,-14.022,-0.60482,-0.78236,0.29273,145.68,7.534,23.707,-1.6464,-18.599,-2.9195,-0.98039,-0.063655,0.4569,-58.389,103.61,-296.79,12
-5.9364,0.86178,0.8144,-0.41026,-0.020931,9.5293,-2.8762,-18.309,-0.60482,-0.78236,0.29273,80.474,3.7824,13.071,-1.4295,-16.588,-3.819,-0.98039,-0.063655,0.4569,-51.658,94.565,-250.35,12
-9.0682,-1.642,-2.4425,-0.41863,-0.2135,9.1917,1.4821,-18.126,-0.60482,-0.78236,0.29273,32.494,16.923,-0.097605,-2.6635,-15.155,-2.4973,-0.98039,-0.063655,0.4569,-43.928,77.563,-218.62,12
-21.059,-2.6045,-11.119,-0.31397,-0.054422,19.434,-2.4197,-18.208,-0.65492,-0.66229,0.4224,-39.591,-41.255,-28.089,-4.2385,-14.067,0.30707,-0.97451,-0.42505,0.20905,-34.961,40.737,-189.92,12
-21.92,2.0775,-16.539,-0.046049,-0.16327,-19.021,1.2843,-16.126,-0.65492,-0.66229,0.4224,-111.16,333.77,41.021,-3.5795,-14.442,1.7987,-0.97451,-0.42505,0.20905,-26.988,-5.8137,-154.63,12
-21.88,1.0585,-16.621,-0.17164,-0.041863,-15.611,-19.108,22.878,-0.65492,-0.66229,0.4224,-75.009,6.9886,-14.731,-4.0854,-18.629,0.058112,-0.97451,-0.42505,0.20905,-22.542,-28.035,-121.83,12
-21.642,-9.7983,-17.566,0.17164,0.75772,-14.767,-7.8928,-10.074,-0.65492,-0.66229,0.4224,-148.54,138.73,-12.414,-5.3479,-18.658,-0.84959,-0.97451,-0.42505,0.20905,-13.353,-24.712,-70.778,12
-21.655,-9.181,-14.668,-0.32653,0.071167,2.3119,-9.0282,-18.657,-0.66048,-0.80488,0.082515,-52.621,19.058,-2.89,-3.4562,-18.676,-5.5692,-0.87647,-0.6037,0.17241,-1.6425,51.194,-0.18378,12
-21.765,-4.1678,-7.0067,-0.29304,0.19257,-4.8947,-18.307,-12.881,-0.66048,-0.80488,0.082515,16.454,14.881,-25.009,-5.7525,-18.78,-9.9911,-0.87647,-0.6037,0.17241,40.608,218.76,-24.841,12
-13.681,-2.3083,-0.018277,-0.15071,0.5191,2.1081,-14.164,-10.5,-0.66048,-0.80488,0.082515,80.25,0.11493,-9.5427,-20.253,-18.873,-13.287,-0.87647,-0.6037,0.17241,30.081,333.09,-55.076,12
-2.9655,0.29382,4.0159,-0.25955,0.1842,-3.2196,-19.333,-6.603,-0.59926,-0.83865,0.072692,124.0,-84.726,12.364,-20.744,-18.876,-13.579,-0.82745,-0.62628,-0.21121,26.309,332.87,-80.781,12
11.598,4.4335,1.578,-0.32234,0.2428,-6.5605,-19.337,-4.9804,-0.59926,-0.83865,0.072692,185.86,-122.04,38.196,-20.874,-18.843,-10.265,-0.82745,-0.62628,-0.21121,14.641,333.01,-78.489,12
18.963,3.3887,-5.7687,-0.56096,-0.31397,-0.50044,-19.225,4.2004,-0.59926,-0.83865,0.072692,211.2,-69.084,59.815,-21.083,-15.929,-3.9215,-0.82745,-0.62628,-0.21121,-5.1055,297.35,-34.123,12
12.178,1.6834,-6.6695,-0.60283,-0.17164,14.046,-4.6292,-18.362,-0.60482,-0.61163,0.52063,133.39,-214.36,24.151,-21.472,-1.4112,4.8774,-0.82745,-0.62628,-0.21121,-15.243,145.35,19.18,12
-1.0761,1.785,-3.8183,-0.62376,-0.058608,6.3097,-5.5509,-18.454,-0.60482,-0.61163,0.52063,69.257,-194.82,7.9224,-17.596,11.979,11.859,-0.38235,-0.67762,-0.71983,-10.644,-5.202,68.07,12
-9.5774,0.083661,-1.7819,-0.69911,0.037677,12.126,9.5258,-17.715,-0.60482,-0.61163,0.52063,-15.513,-163.51,23.735,-13.213,21.532,13.243,-0.38235,-0.67762,-0.71983,7.3044,-149.27,89.003,12
-8.3111,-0.60488,0.66135,1.4526,0.62794,11.874,-5.7483,-18.398,-0.60482,-0.61163,0.52063,-94.653,-10.063,20.32,-3.0199,20.478,2.8364,-0.38235,-0.67762,-0.71983,9.991,-185.82,121.55,12
-0.37908,-1.248,1.1929,0.41863,0.65306,3.7739,-3.9535,-9.212,-0.44156,-0.61726,0.64047,-143.01,24.916,13.578,1.912,10.531,-3.911,-0.6,-0.6078,-0.60776,-8.4003,-103.94,69.102,12
4.7743,-3.3591,0.27663,-0.97541,-0.50235,-1.1713,-9.7275,-5.4252,-0.44156,-0.61726,0.64047,-163.15,51.907,5.1971,2.2305,6.7507,-2.9333,-0.6,-0.6078,-0.60776,-11.416,-28.513,4.75,12
4.0586,-1.4128,-1.1272,-0.71167,-0.25118,-4.6464,-10.902,-3.0916,-0.44156,-0.61726,0.64047,-166.09,74.688,6.904,-3.0899,4.7209,-0.90979,-0.6,-0.6078,-0.60776,-15.314,-41.292,-42.854,12
3.0906,0.52212,0.37331,-0.49398,0.041863,-4.2819,-8.0548,-0.52889,-0.50093,-0.82364,0.31631,-165.34,50.277,-0.081965,-5.3314,-0.31516,-0.51576,-0.6,-0.6078,-0.60776,-11.467,-87.457,-82.026,12
2.2061,1.3122,2.297,-0.55678,-0.20094,1.3889,-9.5162,2.8402,-0.50093,-0.82364,0.31631,-164.5,45.315,-4.0896,-9.6795,-3.7909,-0.085376,-0.6,-0.6078,-0.60776,-4.075,-120.25,-68.915,12
-0.60883,0.13845,2.7177,-0.38932,0.1214,-0.45244,-6.9708,3.9074,-0.50093,-0.82364,0.31631,-136.85,124.67,-5.1475,-9.1891,-4.6182,-2.8247,-0.6,-0.6078,-0.60776,-7.5378,-161.32,-5.3967,12
-3.2736,-0.96791,3.6182,-0.25118,0.10047,-6.8605,-1.2002,9.6839,-0.50093,-0.82364,0.31631,-115.91,119.69,-5.0836,-8.0479,-7.6585,-2.8517,-0.6,-0.6078,-0.60776,-7.7772,-149.36,65.598,12
-3.2674,-1.782,4.2291,0.03349,0.18001,-7.4034,4.8572,11.46,-0.50649,-0.89681,-0.086444,-68.185,74.994,-1.5507,-8.3995,-9.8008,-1.0838,-0.8,-0.62628,-0.25216,3.2903,-119.8,146.39,12
-2.3033,-0.49293,3.5556,0.075353,0.15489,-13.036,2.0371,10.638,-0.50649,-0.89681,-0.086444,-22.914,-1.9727,5.6728,-6.3273,-10.532,-1.2454,-0.8,-0.62628,-0.25216,14.028,-51.428,261.44,12
-8.9958,-0.20784,2.6971,0.037677,0.025118,1.5036,-8.5045,1.0377,-0.50649,-0.89681,-0.086444,-19.739,-126.59,8.1542,-7.9717,-11.378,-1.8189,-0.8,-0.62628,-0.25216,14.089,44.423,354.71,12
-21.726,-7.1539,-6.3386,0.075353,0.020931,19.776,-8.3844,10.07,-0.51206,-0.88368,-0.16896,24.937,-49.974,-24.963,-15.285,-13.48,-0.017759,-0.98824,-0.28542,-0.17457,3.1366,80.265,425.25,12
-21.906,3.3657,-14.034,-0.083726,0.29304,9.0401,-19.093,11.448,-0.51206,-0.88368,-0.16896,-15.022,39.233,-22.747,-21.09,-16.91,-0.022595,-0.98824,-0.28542,-0.17457,-8.26,35.757,482.15,12
-21.973,5.7155,-8.6751,-0.10047,0.34328,14.46,-19.031,15.756,-0.51206,-0.88368,-0.16896,-13.749,6.1925,-4.9817,-21.035,-18.746,-1.5935,-0.98824,-0.28542,-0.17457,-20.005,-7.6537,521.34,12
-21.841,-1.4009,-6.9998,-0.14233,0.61538,-1.7046,-19.236,3.1566,-0.51206,-0.88368,-0.16896,4.4549,3.6252,25.993,-20.925,-18.792,-5.2209,-0.98824,-0.28542,-0.17457,-20.544,-43.619,517.71,12
-21.766,-4.1032,-6.4009,-0.1842,0.427,-12.961,-19.339,-3.1903,-0.5102,-0.8818,-0.18075,-43.771,-10.755,14.98,-20.769,-18.834,-9.4209,-0.97255,0.34908,-0.19181,-26.105,-150.9,492.32,12
-21.824,-2.7183,-4.5394,-0.071167,0.38514,-6.2055,-19.329,-6.2056,-0.5102,-0.8818,-0.18075,-72.164,30.997,4.7408,-20.847,-12.945,-8.4597,-0.97255,0.34908,-0.19181,-21.884,-177.67,468.49,12
-17.805,-0.66482,-1.8283,-0.34746,0.0041863,-9.5217,-19.265,7.1394,-0.5102,-0.8818,-0.18075,-70.035,33.177,-12.062,-12.886,-4.646,-11.597,-0.97255,0.34908,-0.19181,-26.881,-156.66,387.31,12
-8.5272,-0.91272,-2.1032,-0.46049,-0.029304,-5.7316,-19.211,8.6488,-0.52505,-0.8818,-0.2947,-24.059,-55.356,-40.379,-0.23396,5.4531,-7.6857,-0.71176,0.82341,0.19828,-64.196,-82.06,277.88,12
-1.8619,-0.84561,-1.1393,-0.48561,-0.025118,-3.1656,-7.5822,-4.7545,-0.52505,-0.8818,-0.2947,14.472,-70.787,-7.0852,2.3482,0.81124,-4.8761,-0.71176,0.82341,0.19828,-113.56,8.5288,176.7,12
3.017,-0.8511,-2.7819,-0.68655,-0.054422,3.5543,0.21277,-1.4955,-0.52505,-0.8818,-0.2947,20.096,-116.35,-1.9801,3.821,-1.5585,2.1512,-0.71176,0.82341,0.19828,-123.71,17.246,76.415,12
7.1129,0.92268,-0.30643,1.3229,0.98378,6.3915,-0.075904,1.3205,-0.50464,-0.88555,-0.20236,37.249,-73.584,-2.1737,4.2791,-4.8402,8.9767,-0.71176,0.82341,0.19828,-104.81,-49.886,-11.706,12
5.5045,-0.98227,0.70107,1.1722,1.2433,-2.6593,-2.4383,-9.1798,-0.50464,-0.88555,-0.20236,26.974,-80.637,15.418,11.452,-3.107,3.303,-0.57255,0.84189,0.43534,-83.217,-99.066,-62.407,12
2.5912,-1.7804,0.82924,-1.0173,-0.41863,16.173,-7.1419,-9.237,-0.50464,-0.88555,-0.20236,37.736,-72.487,-6.3791,18.61,-2.535,0.49825,-0.57255,0.84189,0.43534,-76.372,-42.987,-110.12,12
-0.1362,-1.776,1.7033,-0.65725,-0.41026,6.3302,-0.51635,-0.15002,-0.50464,-0.88555,-0.20236,57.515,58.507,-9.8162,13.586,-5.7231,1.693,-0.57255,0.84189,0.43534,-55.983,74.965,-127.5,12
-2.0319,-1.9423,0.27783,-0.58608,-0.44375,-0.042588,0.77859,1.6218,-0.51391,-0.88555,-0.053045,71.767,96.53,-3.555,5.7845,-5.6394,3.0618,-0.66471,0.67556,0.55172,-43.734,132.91,-146.25,12
-2.0155,-0.73782,0.049386,-0.56934,-0.30141,-3.9877,2.6224,2.8308,-0.51391,-0.88555,-0.053045,87.504,77.841,1.3676,-0.87462,-6.3373,3.2665,-0.66471,0.67556,0.55172,-29.551,114.9,-154.45,12
-0.30768,0.23272,-0.34748,-0.43119,-0.23862,-2.6776,3.1565,3.7665,-0.51391,-0.88555,-0.053045,96.677,37.382,2.4545,-5.5262,-5.6258,3.4166,-0.66471,0.67556,0.55172,-18.844,54.602,-166.63,12
1.1651,0.32975,-0.49664,-0.23025,0.046049,-0.49493,-0.034572,1.4933,-0.52134,-0.88555,0.039293,111.17,19.255,0.61429,-4.5251,-4.0382,2.1835,-0.66471,0.67556,0.55172,-9.0086,-21.145,-181.56,12
0.096204,0.74534,0.30919,-0.046049,0.1214,-0.52865,-0.61838,-1.4425,-0.52134,-0.88555,0.039293,122.26,30.888,-1.8883,-2.4938,-3.9356,1.4386,-0.85294,0.48871,0.47198,-7.7804,-41.95,-173.74,12
-0.51272,0.38363,-0.49179,0.037677,0.14652,-2.0893,-2.7271,-0.42808,-0.52134,-0.88555,0.039293,136.25,27.995,1.0354,-0.60514,-2.2707,0.92813,-0.85294,0.48871,0.47198,-5.831,-26.544,-173.86,12
-0.33805,-0.26902,-0.70842,-0.0041863,0.1214,-0.72709,-2.2144,-7.5763,-0.52134,-0.88555,0.039293,111.34,14.666,0.94537,0.24393,-3.7388,1.1151,-0.85294,0.48871,0.47198,-6.8253,35.603,-148.87,12
0.58612,0.49196,-1.1347,-0.041863,0.066981,2.6665,-4.3384,-8.0965,-0.54731,-0.81614,0.26326,102.47,25.397,1.8813,-1.7803,-3.6942,1.5757,-0.93725,0.31006,0.48491,0.079715,97.738,-117.22,12
-0.43407,0.99645,-1.0893,-0.12977,0.037677,0.23652,-2.2108,-10.192,-0.54731,-0.81614,0.26326,82.276,56.792,7.1661,-7.0904,-4.2291,3.0906,-0.93725,0.31006,0.48491,9.2256,114.66,-85.078,12
-1.8016,1.6979,0.12124,-0.25118,-0.07954,-0.38457,-2.0003,-12.906,-0.54731,-0.81614,0.26326,34.217,38.557,14.659,-10.517,-3.8749,3.5146,-0.93725,0.31006,0.48491,20.553,80.425,-49.491,12
-7.2554,2.6665,1.8505,-0.2135,-0.15908,19.461,-5.2129,-18.316,-0.60853,-0.7242,0.38114,-55.395,-11.006,-24.756,-9.7805,-3.5945,3.5494,-0.93725,0.31006,0.48491,29.437,35.288,-17.093,12
-21.709,-8.0009,-15.562,-0.16745,0.44375,-6.6574,-7.9882,-18.622,-0.60853,-0.7242,0.38114,-100.24,134.4,8.0202,-9.6865,-3.4065,4.3505,-1.0098,0.24846,0.26293,43.238,15.008,19.487,12
-21.914,2.2693,-16.522,-0.029304,-0.71167,16.112,-19.063,10.52,-0.60853,-0.7242,0.38114,-66.599,-5.2056,-6.2639,-13.381,-5.3552,5.4822,-1.0098,0.24846,0.26293,49.068,5.5481,59.41,12
-21.834,-1.2294,-12.026,-0.050235,0.26792,-21.702,-19.559,-17.31,-0.60853,-0.7242,0.38114,-158.65,195.71,-6.432,-21.485,-10.032,7.8422,-1.0098,0.24846,0.26293,57.936,-23.235,93.81,12
-21.843,-1.2609,-11.913,-0.50654,-0.11303,16.966,20.77,-9.1669,-0.60853,-0.7242,0.38114,-79.163,-10.401,-20.679,-21.418,-13.473,7.743,-0.98824,0.34908,0.24353,71.9,-81.057,96.833,12
-21.796,-3.6545,-9.8763,-0.49817,-0.037677,-18.536,-19.417,-18.896,-0.60853,-0.7242,0.38114,-11.172,19.745,-12.672,-21.396,-15.536,7.3794,-0.98824,0.34908,0.24353,68.074,-140.55,60.168,12
-21.808,-1.5038,-7.788,-0.56934,-0.046049,9.8204,-11.775,-5.2406,-0.60853,-0.7242,0.38114,28.895,8.7019,-12.498,-21.393,-18.667,8.3271,-0.98824,0.34908,0.24353,52.511,-99.006,6.7334,12
-16.16,-1.5794,-4.6895,0.20931,0.25118,1.4217,-14.406,-6.9248,-0.58442,-0.85553,-0.015717,82.552,-0.091577,3.9776,-21.419,-17.482,8.803,-0.98824,0.34908,0.24353,57.665,-14.516,-14.586,12
-6.9337,-1.7986,0.19602,3.2779,2.0345,-2.8325,-19.324,-6.6508,-0.58442,-0.85553,-0.015717,118.57,-74.58,24.781,-21.463,-11.364,7.5672,-0.91176,0.42916,0.39871,30.398,59.571,-37.894,12
1.99,-0.006191,0.58892,-0.72841,-0.42282,-0.162,-19.306,-4.894,-0.58442,-0.85553,-0.015717,182.28,-111.91,43.072,-21.418,-9.8377,6.2269,-0.91176,0.42916,0.39871,-2.3283,72.374,-42.648,12
10.737,-2.0145,-1.9497,-0.67399,-0.32653,0.28174,-19.23,1.8018,-0.61781,-0.73921,0.34774,211.33,-19.361,73.456,-13.773,-3.783,6.6963,-0.91176,0.42916,0.39871,-8.441,35.614,-58.648,12
16.491,-0.29356,-5.6685,-0.6112,-0.28467,18.217,-16.02,-18.827,-0.61781,-0.73921,0.34774,142.22,-165.46,12.807,-8.9647,-1.7393,5.0693,-0.97059,0.37372,0.24569,-15.809,16.981,-78.103,12
9.7725,4.3063,-2.6756,-0.55259,0.029304,1.346,-8.3649,-18.665,-0.61781,-0.73921,0.34774,94.052,-81.491,5.716,4.1005,-0.75434,-0.43355,-0.97059,0.37372,0.24569,-21.254,-24.864,-57.577,12
1.9657,5.2484,-0.65396,-0.59445,0.087912,-7.612,10.483,-16.021,-0.61781,-0.73921,0.34774,-17.598,-241.29,8.9698,13.015,1.975,-2.495,-0.97059,0.37372,0.24569,-14.815,8.6474,-39.372,12
-8.3889,1.7705,-0.58803,-0.46049,0.25118,18.459,-0.72515,-18.06,-0.50649,-0.56285,0.64833,-70.587,-122.05,18.361,13.477,4.7884,-3.1564,-0.97059,0.37372,0.24569,-14.195,52.709,-24.638,12
-12.51,-2.7962,-0.56745,-0.26792,0.1214,7.0222,-3.121,-11.107,-0.50649,-0.56285,0.64833,-98.259,16.028,26.192,11.706,7.5892,-3.0789,-0.99216,0.32238,0.26509,-15.281,69.779,-60.931,12
-3.9391,-3.0461,-0.33731,-0.15071,0.10047,2.8502,-6.5974,-6.2701,-0.50649,-0.56285,0.64833,-140.72,37.554,15.426,6.8414,6.3218,-1.8193,-0.99216,0.32238,0.26509,-19.397,71.056,-100.74,12
1.5093,-1.7286,0.6339,-0.087912,-0.020931,-1.9965,-8.0967,-5.706,-0.47124,-0.72045,0.50295,-147.07,75.783,4.6367,3.6153,3.5863,-1.3728,-0.99216,0.32238,0.26509,-17.586,54.683,-139.17,12
5.984,-0.71719,-0.075073,-0.10884,0.087912,-3.8966,-10.418,-4.164,-0.47124,-0.72045,0.50295,-160.84,32.618,-5.7674,-1.2676,1.3646,0.46407,-1.049,0.1807,0.12284,-11.579,26.98,-162.96,12
7.4803,0.22759,-0.12689,-0.35583,-0.36002,0.70241,-9.7802,-1.7841,-0.47124,-0.72045,0.50295,-163.92,-0.74615,-11.433,-2.8948,0.038144,0.81441,-1.049,0.1807,0.12284,-0.69508,2.3052,-151.3,12
6.3172,0.30406,0.15368,-0.34746,-0.15071,3.1376,-7.6837,-0.050725,-0.47124,-0.72045,0.50295,-154.47,45.214,-7.4638,-2.4376,0.14205,-0.79498,-1.049,0.1807,0.12284,4.0634,11.363,-111.95,12
0.54676,-0.065088,3.0152,-0.23025,0.2135,-2.6599,-7.7143,2.8273,-0.48423,-0.88931,0.16503,-143.99,94.1,-7.7293,-2.8569,0.65679,-0.32133,-1.049,0.1807,0.12284,1.1747,63.612,-62.345,12
-5.3312,-1.6238,4.5275,-0.27211,0.058608,-2.5055,-4.3126,6.3635,-0.48423,-0.88931,0.16503,-127.93,93.206,-7.6087,-5.6123,-0.095569,1.4431,-1.0529,0.020534,0.038793,0.92895,110.85,-21.307,12
-5.6164,-2.5112,4.0898,-0.14233,-0.071167,-4.5815,-1.0663,11.193,-0.48423,-0.88931,0.16503,-98.447,84.471,-3.6377,-11.4,-0.33569,3.4311,-1.0529,0.020534,0.038793,7.084,97.982,4.938,12
-5.5524,-1.167,5.0844,-0.25536,-0.20513,-9.7897,3.5403,16.402,-0.48052,-0.90994,-0.18271,-43.866,48.329,0.10543,-15.174,0.070973,4.0973,-1.0529,0.020534,0.038793,9.9736,9.9317,41.255,12
-15.541,-3.2468,1.0552,-0.41444,-0.26792,-5.3173,0.26717,-5.9565,-0.48052,-0.90994,-0.18271,-18.798,-47.885,0.85482,-14.056,-0.64918,5.0821,-1.0451,0.022587,-0.11853,11.221,-44.913,93.453,12
-21.723,-5.7651,-11.877,-0.36839,0.11722,5.3362,-14.514,10.942,-0.48052,-0.90994,-0.18271,22.167,-20.038,-4.8606,-17.55,-3.6543,9.5673,-1.0451,0.022587,-0.11853,26.468,-28.207,163.99,12
-21.892,2.1659,-13.226,-0.18838,0.11303,0.083926,-19.027,23.039,-0.42672,-0.9212,-0.2279,18.605,78.53,-18.473,-21.664,-7.5003,13.969,-1.0451,0.022587,-0.11853,54.171,-22.782,262.32,12
-21.736,-6.1165,-9.0768,0.31397,0.46886,19.846,-19.023,12.56,-0.42672,-0.9212,-0.2279,3.6088,11.524,12.078,-21.559,-9.6349,12.508,-1.0451,0.022587,-0.11853,89.994,-31.164,367.45,12
-21.89,0.54284,-4.4564,3.3867,2.5536,-5.9504,-19.266,4.0605,-0.42672,-0.9212,-0.2279,8.5757,-1.9206,33.037,-21.517,-6.7951,9.4936,-1.0137,0.31006,-0.060345,116.21,-66.679,417.43,12
-21.934,1.7667,-0.61995,-0.96285,0.0041863,-13.892,-19.382,-3.5143,-0.42672,-0.9212,-0.2279,-32.77,-18.938,3.2979,-21.485,-1.1811,6.8889,-1.0137,0.31006,-0.060345,119.98,-84.831,420.94,12
-17.297,1.22,-1.9218,-0.43537,0.45212,-11.022,-19.317,0.95517,-0.51391,-0.87992,-0.23183,-40.509,0.038113,-21.557,-21.449,-0.78779,6.221,-1.0137,0.31006,-0.060345,107.29,-79.057,386.69,12
-6.2877,0.74926,0.60428,-0.46468,-0.18838,-8.0338,-19.176,12.138,-0.51391,-0.87992,-0.23183,-36.549,-17.616,-39.208,-21.385,1.4769,2.6884,-0.76863,0.74333,-0.0064655,84.893,-92.368,321.76,12
2.9949,0.25677,1.56,-0.42282,-0.12977,-0.66422,-17.26,-8.1717,-0.51391,-0.87992,-0.23183,30.47,-75.351,-16.883,-16.655,4.8257,-2.4254,-0.76863,0.74333,-0.0064655,37.799,-80.111,248.13,12
7.6315,-0.76517,0.31008,-0.37677,0.092098,3.4752,-4.5943,-2.997,-0.46011,-0.90432,-0.22986,-2.4437,-121.26,-2.7789,-8.8141,2.2074,-1.2646,-0.76863,0.74333,-0.0064655,-39.668,-70.898,220.85,12
9.4475,-1.1605,0.24293,-0.20513,0.0083726,7.6959,-1.9972,1.2688,-0.46011,-0.90432,-0.22986,29.696,-67.82,-3.0903,0.49117,-5.9439,2.6091,-0.76863,0.74333,-0.0064655,-80.958,-70.64,187.17,12
6.1562,-1.747,1.0533,0.22187,0.48561,-10.428,-1.0381,4.1146,-0.46011,-0.90432,-0.22986,31.306,-139.76,9.4295,8.068,-9.4711,1.891,-0.5451,0.93224,0.11853,-67.622,-119.49,142.8,12
-0.46617,-1.439,1.0073,0.43119,0.46468,9.5079,-1.6219,0.19107,-0.46011,-0.90432,-0.22986,32.594,-190.23,8.6098,19.374,-6.6291,-5.9148,-0.5451,0.93224,0.11853,-45.902,-119.77,63.818,12
-2.8349,-0.17529,0.55265,0.31816,0.19676,4.9931,-1.2162,1.1558,-0.48237,-0.90994,-0.05501,67.393,-58.289,3.8526,19.44,-2.9302,-10.022,-0.5451,0.93224,0.11853,-38.466,-22.572,-63.359,12
-2.8766,-0.10958,1.0112,0.2135,0.0041863,6.4249,-2.7328,0.97969,-0.48237,-0.90994,-0.05501,91.324,20.738,-5.6414,16.775,-1.7193,-8.9297,-0.46471,0.95277,0.32974,-40.207,54.685,-179.69,12
-0.2995,-0.68136,1.1703,0.012559,-0.016745,6.1017,-3.8388,2.2545,-0.48237,-0.90994,-0.05501,110.84,85.497,-6.2463,11.781,-3.1729,-5.2941,-0.46471,0.95277,0.32974,-49.267,100.24,-243.5,12
2.0438,-0.67425,0.78142,-0.13815,-0.092098,5.4907,-5.2681,-0.073079,-0.49165,-0.8818,0.12967,121.74,126.86,-8.7539,3.0758,-5.7229,-1.2861,-0.46471,0.95277,0.32974,-36.78,92.152,-277.11,12
1.6159,-0.99841,0.44699,-0.12977,-0.1214,3.6726,-5.4802,-1.4873,-0.49165,-0.8818,0.12967,127.13,144.97,-7.744,0.25982,-3.4086,-1.8579,-0.46471,0.95277,0.32974,-27.538,28.944,-309.14,12
1.5241,-0.95318,-0.12789,-0.037677,0.096285,1.8095,-5.2665,-2.8911,-0.49165,-0.8818,0.12967,129.84,145.31,-7.8016,0.73893,-2.2986,-3.8649,-0.75882,0.7269,0.29095,-30.885,-0.53287,-320.11,12
0.24461,-1.6242,-0.96723,0.050235,0.087912,-0.28438,-4.4088,-3.2545,-0.49165,-0.8818,0.12967,132.59,124.0,-9.3752,-0.65785,-2.7416,-4.1579,-0.75882,0.7269,0.29095,-39.354,-3.6694,-315.55,12
0.33485,-0.58072,-2.1996,0.075353,0.74516,-7.2217,-3.9472,-2.6446,-0.49165,-0.8818,0.12967,124.42,117.65,-1.6447,-0.25781,-2.0107,-4.0693,-0.75882,0.7269,0.29095,-44.779,-7.4967,-304.43,12
1.8201,0.91407,-2.7177,-0.17164,0.22606,-3.3549,-4.0975,-1.8322,-0.49165,-0.8818,0.12967,86.091,16.387,6.3394,-0.48327,-2.9225,-3.2503,-0.96471,0.38193,0.34698,-50.497,13.173,-275.87,12
4.2638,2.4682,-2.1568,-0.32653,-0.51491,5.0731,-3.2799,-7.1966,-0.49165,-0.8818,0.12967,59.922,-38.214,0.1938,-2.6855,-3.7357,-2.5722,-0.96471,0.38193,0.34698,-49.093,45.854,-236.82,12
6.7798,2.929,-1.2732,-0.2763,-0.34746,6.416,-3.5346,-9.8938,-0.61224,-0.71482,0.38114,40.643,-29.764,-7.0087,-7.0717,-3.9828,0.71753,-0.96471,0.38193,0.34698,-42.735,53.295,-194.17,12
-2.4695,1.7593,-0.62061,0.46049,0.23443,1.3064,-3.9608,-5.9766,-0.61224,-0.71482,0.38114,26.665,-13.111,-10.359,-9.3368,-4.3001,0.99333,-0.96471,0.38193,0.34698,-33.173,22.004,-137.71,12
-19.739,2.589,-0.86173,3.3114,2.1183,8.4604,-9.5825,-18.645,-0.61224,-0.71482,0.38114,9.5366,-17.343,-17.045,-12.193,-6.6469,1.3135,-1.0275,0.080082,0.27802,-19.26,12.95,-67.302,12
-21.78,-4.4207,-17.082,-0.75772,-0.046049,12.68,-4.768,-18.382,-0.54917,-0.73734,0.41454,-61.129,212.35,-26.153,-13.757,-9.0308,0.92346,-1.0275,0.080082,0.27802,-6.5506,-8.7366,-9.0689,12
-22.022,10.201,0.31808,-0.1842,0.90842,19.562,-19.011,-18.932,-0.54917,-0.73734,0.41454,-157.22,-80.446,-24.045,-13.011,-9.3185,-4.8513,-1.0275,0.080082,0.27802,5.2377,3.1203,8.7378,12
-21.645,-11.671,-10.071,-0.31397,-0.19257,-21.571,-19.406,-2.9881,-0.54917,-0.73734,0.41454,-97.937,333.46,69.62,-20.658,-9.5488,-4.8837,-1.049,0.036961,0.28233,-16.968,-9.2232,4.446,12
-21.849,-0.47127,-15.127,-0.35583,-0.092098,19.723,7.5632,19.69,-0.54917,-0.73734,0.41454,-184.52,-199.07,-100.96,-20.566,-13.812,1.8094,-1.049,0.036961,0.28233,-44.639,6.4945,5.9015,12
-21.863,0.22103,-11.643,-0.29723,-0.012559,15.711,-13.286,-18.705,-0.54917,-0.87992,0.074656,3.5189,23.268,-33.059,-21.628,-18.562,16.78,-1.049,0.036961,0.28233,-53.701,33.813,42.631,12
-21.902,3.1655,-6.1256,-0.11722,0.062794,-4.7374,-12.112,-7.278,-0.54917,-0.87992,0.074656,-1.2206,12.489,-25.497,-21.983,-18.511,23.949,-1.049,0.036961,0.28233,-29.201,42.162,67.225,12
-21.901,2.1023,-2.8424,0.037677,-0.037677,5.0273,-14.493,-8.7056,-0.54917,-0.87992,0.074656,46.655,14.396,-2.8087,-21.873,-18.5,23.95,-1.0686,0.051335,0.23276,-17.916,75.539,76.865,12
-11.909,-0.013653,1.5777,0.16327,-0.041863,-2.5048,-17.544,-7.8189,-0.51763,-0.88743,0.10609,82.542,-78.073,22.362,-21.863,-18.491,23.94,-1.0686,0.051335,0.23276,2.9093,-86.089,-3.4131,12
0.67748,-1.5507,2.2078,0.075353,-0.16327,1.3472,-19.36,-12.194,-0.51763,-0.88743,0.10609,141.57,-112.42,46.489,-16.524,-15.769,24.066,-1.0686,0.051335,0.23276,29.085,-125.58,-24.877,12
11.619,-3.1927,-2.4452,0.029304,-0.071167,-4.195,-19.247,2.0686,-0.51763,-0.88743,0.10609,200.96,-74.487,64.258,-9.9455,-11.287,18.279,-1.0353,0.073922,0.33405,33.625,-12.68,-0.28372,12
19.064,-2.7071,-9.2121,-0.1214,-0.56515,-2.3959,-19.15,12.685,-0.51763,-0.88743,0.10609,227.05,-87.225,60.978,-2.8104,-4.0397,10.027,-1.0353,0.073922,0.33405,20.709,96.014,39.526,12
18.923,5.8641,-6.8828,-0.071167,0.37258,12.892,-19.408,-19.019,-0.56957,-0.65478,0.50491,82.575,-131.83,15.251,9.7942,0.12485,1.4854,-1.0353,0.073922,0.33405,6.3818,225.26,100.04,12
-0.9935,6.7459,1.1861,-0.11303,0.10047,-18.214,12.663,-17.893,-0.56957,-0.65478,0.50491,28.318,-152.21,24.765,14.872,4.6769,-3.3078,-1.0353,0.073922,0.33405,7.3012,335.14,127.84,12
-17.408,1.7045,-5.0255,-0.34328,-0.066981,19.484,-3.5092,-15.272,-0.56957,-0.65478,0.50491,-101.33,-260.82,14.159,8.6711,6.179,1.9027,-1.049,0.17659,-0.06681,6.7636,335.25,137.94,12
-12.06,-2.0511,-1.9004,-0.25118,-0.071167,14.907,-4.8141,-12.102,-0.30241,-0.58724,0.70923,-78.001,53.257,42.874,10.773,7.0257,2.57,-1.049,0.17659,-0.06681,16.534,235.09,95.453,12
0.13455,-1.6768,1.1438,-0.43956,-0.74097,0.93824,-1.5925,-7.7682,-0.30241,-0.58724,0.70923,-134.22,74.553,33.541,0.86393,8.3542,-4.5823,-1.049,0.17659,-0.06681,9.1113,157.09,19.189,12
4.3097,-2.3526,1.1883,-0.56515,-0.57352,-6.7012,-9.2777,-7.9684,-0.30241,-0.58724,0.70923,-169.46,73.621,16.939,1.4206,-0.38227,0.77255,-0.72549,0.27721,-0.67241,31.466,4.7469,-56.458,12
5.1753,-2.2002,0.94935,-0.59027,-0.42282,-8.8852,-13.026,-4.6047,-0.45083,-0.78987,0.41454,-184.5,38.175,12.976,10.613,-5.2235,-5.3549,-0.72549,0.27721,-0.67241,44.227,42.05,-88.345,12
5.6184,-1.6274,0.68511,-0.63213,-0.2135,0.34436,-11.89,0.096437,-0.45083,-0.78987,0.41454,-189.08,-39.394,9.0818,-0.63169,-5.1788,-6.8839,-0.72549,0.27721,-0.67241,31.538,101.75,-65.369,12
4.6796,-1.6552,-0.50686,0.65306,-0.17164,0.28705,-9.6056,3.7934,-0.45083,-0.78987,0.41454,-175.79,0.657,17.362,-4.6809,-3.3718,-6.179,-0.72549,0.27721,-0.67241,8.9844,36.68,-43.508,12
0.19684,-1.2564,2.6027,2.989,1.8713,0.65467,-4.3361,5.0085,-0.45083,-0.78987,0.41454,-154.21,20.992,25.962,-2.562,-0.53423,-6.4225,-0.65686,0.1848,-0.78879,-5.97,-40.447,-39.787,12
-3.8924,-2.3514,0.94627,-0.80377,-0.51491,2.866,-1.149,6.8775,-0.49536,-0.89681,0.062868,-122.1,72.23,26.539,0.36809,1.0903,-5.9663,-0.65686,0.1848,-0.78879,-22.127,-40.398,-32.891,12
-5.782,-2.3156,2.5495,-0.36002,-0.60701,-3.4036,-0.33179,12.366,-0.49536,-0.89681,0.062868,-84.817,81.399,23.393,-0.044587,1.9749,-3.5054,-0.65686,0.1848,-0.78879,-35.397,-20.852,-15.301,12
-9.8901,-2.4638,2.1467,-0.35165,-0.37258,-4.1376,-1.5751,-2.068,-0.49536,-0.89681,0.062868,-65.554,40.839,19.085,-1.1444,2.3636,-1.6422,-0.70392,0.1807,-0.72629,-44.258,-9.2971,6.067,12
-21.757,-5.0763,1.0273,-0.26792,-0.092098,6.0352,-7.0608,10.749,-0.52876,-0.89306,-0.18861,-15.648,68.964,10.157,-3.7139,2.596,-1.4015,-0.70392,0.1807,-0.72629,-44.045,-5.9471,32.753,12
-21.766,-4.6409,-3.1335,-0.058608,0.1842,10.21,-19.066,14.201,-0.52876,-0.89306,-0.18861,-7.1455,115.85,-26.557,-5.8764,4.7961,-2.3852,-0.70392,0.1807,-0.72629,-36.601,2.4241,60.616,12
-21.693,-8.8078,-7.5822,0.054422,0.17582,2.1254,-16.957,23.132,-0.52876,-0.89306,-0.18861,-8.8117,70.18,-1.1028,-14.623,3.2568,-0.31632,-0.70392,0.1807,-0.72629,-23.293,22.608,114.11,12
-21.741,-5.3897,-7.0114,0.029304,0.075353,19.873,-19.047,12.142,-0.52876,-0.89306,-0.18861,17.601,-6.0476,-9.0939,-21.194,-0.045127,-4.5127,-0.70392,0.1807,-0.72629,10.618,38.476,210.3,12
-21.719,-5.4745,-3.5664,0.0,-0.1842,-7.6475,-19.373,-8.6181,-0.51763,-0.87617,-0.25147,-21.929,-42.166,8.941,-20.764,-2.1747,-17.473,-0.70392,0.1807,-0.72629,26.114,133.87,327.34,12
-21.773,-5.3101,0.14315,-0.13815,-0.23443,-10.916,-19.417,-12.028,-0.51763,-0.87617,-0.25147,-55.832,-6.5976,-4.1565,-20.743,-0.53402,-17.402,-0.70392,0.1807,-0.72629,-7.3028,221.24,374.54,12
-21.776,-4.13,-1.7085,-0.25955,-0.25536,5.7805,-19.345,-13.743,-0.51763,-0.87617,-0.25147,0.33053,8.804,-5.0009,-20.763,-4.6703,-15.025,-0.3451,0.47844,-0.86207,-56.103,80.95,361.97,12
-12.7,-5.9081,-3.7107,-0.5191,-0.36421,2.7366,-17.519,-13.244,-0.52505,-0.84803,-0.29666,46.193,21.006,12.575,-20.92,-2.8172,-10.724,-0.3451,0.47844,-0.86207,-57.422,-122.76,279.86,12
-6.2695,-4.7057,-2.3709,-0.61957,-0.41863,-3.7101,-19.293,-2.5434,-0.52505,-0.84803,-0.29666,56.401,-21.665,-2.7873,-21.051,7.4622,-10.783,-0.3451,0.47844,-0.86207,-36.195,-190.44,266.88,12
2.3047,-1.6009,-3.2599,-0.53166,-0.3977,-4.1253,-19.186,9.1036,-0.52505,-0.84803,-0.29666,77.641,-102.61,-18.853,-16.987,3.3312,-14.875,-0.31176,0.68378,-0.72198,-21.772,-148.51,281.92,12
7.1728,2.4719,-0.61964,-0.34328,-0.37677,2.635,-19.223,3.461,-0.52505,-0.84803,-0.29666,106.53,-85.102,-0.99094,-11.543,-0.19489,-15.489,-0.31176,0.68378,-0.72198,-12.814,-96.511,336.09,12
10.46,3.2734,-0.71592,-0.29304,-0.20513,2.0658,-2.8144,1.7237,-0.54545,-0.87617,-0.070727,77.258,-114.53,5.9494,-0.21019,-6.2059,-17.592,-0.31176,0.68378,-0.72198,-17.465,-148.61,366.84,12
6.5339,1.084,-0.86033,-0.40188,-0.32234,8.6444,-2.3993,-4.2835,-0.54545,-0.87617,-0.070727,21.348,-128.1,-1.599,10.626,-11.019,-17.874,-0.31176,0.68378,-0.72198,-32.915,-149.72,331.16,12
-0.38624,-0.38473,0.71274,-0.44793,-0.1842,2.787,3.6304,-0.32186,-0.54545,-0.87617,-0.070727,-18.091,-68.626,1.3367,19.801,-9.748,-17.8,-0.23725,0.83573,-0.58621,-49.506,-121.16,248.24,12
-2.6773,-1.4907,0.93952,-0.50235,-0.38095,13.451,-9.7175,-3.4347,-0.5102,-0.88743,0.11591,-44.25,-93.135,-11.171,19.616,-7.3741,-13.41,-0.23725,0.83573,-0.58621,-62.076,-49.601,132.11,12
-1.5796,0.69906,1.2419,-0.59864,-0.50654,5.9836,-3.6333,6.9719,-0.5102,-0.88743,0.11591,-17.391,30.449,-15.974,19.388,-5.8732,-6.3249,-0.23725,0.83573,-0.58621,-60.689,-0.71267,13.234,12
-0.072646,1.1071,2.3523,2.1476,0.86238,1.5091,-3.8866,12.331,-0.5102,-0.88743,0.11591,5.5476,56.642,-22.467,19.101,-5.2096,-1.9584,-0.2,0.94251,-0.43534,-51.681,20.386,-100.15,12
1.1568,-0.26377,1.271,0.5191,0.42282,-3.8096,-0.51931,13.415,-0.48423,-0.89681,0.076621,58.348,82.352,-13.535,13.769,-5.1988,0.11506,-0.2,0.94251,-0.43534,-40.499,43.485,-192.94,12
2.8343,-0.80543,0.54856,-0.84982,-0.65306,3.536,-0.84406,1.7327,-0.48423,-0.89681,0.076621,91.085,74.319,-15.696,9.6879,-5.574,0.5963,-0.2,0.94251,-0.43534,-30.898,51.985,-258.9,12
2.6988,-0.09215,1.8128,-0.6405,-0.58608,-6.8331,-4.5543,3.9748,-0.48423,-0.89681,0.076621,100.04,103.59,-1.4494,5.88,-6.1728,1.7226,-0.2,0.94251,-0.43534,-24.026,56.983,-296.72,12
2.3518,-0.92115,-0.4829,-0.427,-0.48142,3.179,-4.8933,0.76629,-0.48423,-0.89681,0.076621,106.69,43.704,-6.467,0.85544,-7.3207,3.9256,-0.38627,0.9117,-0.40086,-10.166,42.653,-318.32,12
1.01,-0.49882,0.38669,-0.34328,-0.54422,3.4813,-7.0268,0.28764,-0.4898,-0.86116,0.19843,111.37,60.721,-6.0092,-0.8763,-6.463,3.6977,-0.38627,0.9117,-0.40086,1.4455,0.9217,-323.81,12
0.17789,-0.81378,-0.26271,-0.15908,-0.45212,-0.003319,-7.201,2.6712,-0.4898,-0.86116,0.19843,116.92,82.317,-4.4603,-0.6886,-5.5021,1.7874,-0.38627,0.9117,-0.40086,3.2782,-31.249,-326.7,12
-0.040157,-0.5174,-0.82551,0.058608,-0.32234,-5.1877,-5.0521,2.7059,-0.4898,-0.86116,0.19843,115.98,61.959,2.6884,0.49917,-5.4715,-0.14857,-0.7,0.67556,-0.38147,-4.4195,-46.976,-328.14,12
-1.5912,-0.74377,-1.9617,0.32234,-0.12559,-0.4541,-6.4052,-4.8769,-0.53432,-0.76548,0.37721,101.74,-2.4853,2.1748,1.536,-6.2511,-0.11464,-0.7,0.67556,-0.38147,-13.54,-43.417,-326.19,12
-3.9075,-0.077923,-3.186,0.28467,-0.13815,2.9001,-6.3615,-16.352,-0.53432,-0.76548,0.37721,65.543,-7.2609,-0.66106,2.0568,-7.0023,0.77489,-0.7,0.67556,-0.38147,-16.089,-28.976,-318.44,12
-5.8647,1.8194,-3.9626,0.26374,-0.10884,1.5223,-1.1334,-18.291,-0.53432,-0.76548,0.37721,26.21,-2.2804,-1.2229,1.2582,-6.8798,1.0206,-0.7,0.67556,-0.38147,-13.288,-18.214,-310.19,12
-11.272,-0.05563,-1.6682,0.20094,-0.092098,1.5537,1.9767,-18.167,-0.53432,-0.76548,0.37721,-17.174,28.796,-5.1393,0.43734,-7.0789,1.1148,-0.93137,0.37372,-0.30172,-10.495,-8.1703,-301.21,12
-21.794,-3.2273,-4.1115,0.17164,0.10047,19.48,-8.3233,-18.471,-0.54545,-0.70169,0.4499,-239.98,-47.325,-69.186,-1.2139,-8.0552,1.4827,-0.93137,0.37372,-0.30172,-8.8379,-4.0751,-289.31,12
-22.054,8.2428,-16.027,0.28467,0.012559,-21.502,-19.327,1.9228,-0.54545,-0.70169,0.4499,-199.13,56.303,-17.071,-3.4994,-9.9935,2.6462,-0.93137,0.37372,-0.30172,-5.5459,-15.991,-279.73,12
-21.984,6.7907,-15.199,0.51491,1.3312,8.1661,-19.194,-0.54468,-0.54545,-0.70169,0.4499,-102.94,28.185,7.6932,-9.3044,-14.912,0.78564,-1.0059,0.0082136,-0.28233,-0.87909,-34.049,-284.15,12
-21.801,-2.8564,-12.931,0.20094,0.49398,-21.322,-19.176,19.015,-0.57328,-0.85178,0.082515,-109.09,91.183,62.165,-21.163,-18.737,-0.666,-1.0059,0.0082136,-0.28233,-1.9457,-68.901,-249.53,12
-21.655,-9.1695,-10.762,0.075353,0.071167,10.625,8.4459,-17.784,-0.57328,-0.85178,0.082515,-92.675,28.266,-3.4797,-21.256,-18.732,1.7717,-1.0059,0.0082136,-0.28233,23.502,-91.494,-160.35,12
-21.799,-2.4685,-7.2748,-0.19676,-0.14652,0.43374,-19.375,-11.714,-0.57328,-0.85178,0.082515,3.7501,-2.6063,-4.6665,-21.005,-18.796,-4.5648,-1.0059,0.0082136,-0.28233,77.834,63.468,-145.29,12
-19.117,1.3127,-3.924,-0.3349,-0.22606,1.8146,-15.152,-11.239,-0.58256,-0.86116,-0.02554,61.65,13.145,-3.2403,-20.896,-18.869,-9.8601,-1.0,-0.26078,-0.19181,75.609,200.07,-153.56,12
-7.8416,0.66636,-0.74003,-0.51073,-0.41026,1.6827,-15.232,-12.266,-0.58256,-0.86116,-0.02554,119.66,-12.206,0.61493,-20.887,-18.842,-9.1608,-1.0,-0.26078,-0.19181,53.984,227.81,-178.09,12
2.5752,-3.0044,-2.0388,-0.57352,-0.30979,-0.71898,-19.333,-6.5363,-0.58256,-0.86116,-0.02554,159.45,-97.191,15.965,-20.965,-18.806,-6.5653,-1.0,-0.26078,-0.19181,19.416,110.41,-174.0,12
13.984,-1.7319,-4.7453,3.0686,1.5531,1.6355,-19.1,12.822,-0.58256,-0.86116,-0.02554,273.57,-112.28,44.713,-21.122,-14.498,-1.7665,-0.76863,-0.48871,-0.51509,-16.284,-12.561,-147.13,12
16.264,3.9764,-4.6105,-1.0508,-0.7619,3.0085,-15.051,-9.0975,-0.57328,-0.74484,0.35363,171.55,-98.046,39.829,-18.003,-7.5539,4.6119,-0.76863,-0.48871,-0.51509,-28.378,-55.036,-87.382,12
6.6666,3.0338,-2.7691,-0.89168,-0.56096,12.402,-19.378,-19.012,-0.57328,-0.74484,0.35363,83.409,-90.192,-6.5383,-7.2077,3.3348,7.4792,-0.76863,-0.48871,-0.51509,-19.221,-54.973,-35.575,12
-4.0034,0.16942,-2.7637,-0.80795,-0.62376,-1.7293,7.5786,-17.388,-0.57328,-0.74484,0.35363,-10.989,-124.84,-6.7569,1.1391,13.638,8.8173,-0.76863,-0.48871,-0.51509,-8.3074,-40.797,13.599,12
-9.4897,-0.26384,-2.2974,-0.71586,-0.39351,5.7796,0.81838,-18.162,-0.49907,-0.61914,0.57564,-79.312,-70.95,8.3563,2.4954,18.766,8.5633,-0.79216,-0.50103,-0.46983,-0.21137,-21.137,27.644,12
-3.7337,-1.1917,-0.7283,-0.59445,-0.50654,-0.85777,-2.8631,-10.068,-0.49907,-0.61914,0.57564,-132.12,-42.165,11.578,6.071,17.172,3.244,-0.79216,-0.50103,-0.46983,-3.9024,4.7302,15.398,12
2.2236,-1.5858,0.19412,-0.43537,-0.3056,5.2553,-9.0697,-5.9843,-0.49907,-0.61914,0.57564,-154.48,-35.336,4.8859,6.5752,16.038,-2.1877,-0.79216,-0.50103,-0.46983,-7.0994,80.004,-10.328,12
3.5767,-1.0576,0.24166,-0.24699,-0.43119,1.9735,-8.4954,-3.9988,-0.49907,-0.61914,0.57564,-153.14,28.871,2.4856,-3.1565,10.673,-2.6747,-0.75686,-0.48665,-0.5194,-14.551,124.81,-19.59,12
3.1275,-1.3251,0.28074,0.046049,-0.046049,-0.042983,-7.5114,-2.626,-0.46382,-0.803,0.37328,-152.76,43.362,-4.1605,-11.785,4.4002,2.0221,-0.75686,-0.48665,-0.5194,-13.843,51.942,-10.183,12
1.9405,-1.5696,2.3324,0.07954,-0.32234,-2.5652,-7.5717,2.2312,-0.46382,-0.803,0.37328,-149.18,34.336,-9.1923,-14.011,-0.37185,-2.1853,-0.75686,-0.48665,-0.5194,-10.941,-52.788,9.6953,12
0.70137,-1.2301,3.5103,0.083726,-0.041863,-1.0172,-4.4144,5.092,-0.46382,-0.803,0.37328,-127.44,35.77,-6.0341,-8.5206,-1.5214,-6.1386,-0.75686,-0.48665,-0.5194,-15.429,-88.708,79.279,12
-0.92486,-1.7367,3.0437,0.14233,-0.40607,-2.6161,-0.55149,7.2275,-0.47124,-0.9137,0.031434,-100.56,41.923,0.72623,-7.8815,-2.2586,-4.8629,-0.7549,-0.45585,-0.56034,-21.51,-68.461,137.8,12
-1.4964,-1.9466,2.2564,0.38095,-0.22606,-3.3801,0.60993,8.5175,-0.47124,-0.9137,0.031434,-63.108,32.374,9.7407,-8.0518,-4.1888,-4.8761,-0.7549,-0.45585,-0.56034,-24.814,-57.663,179.86,12
-0.32607,-1.8783,1.6415,0.1842,-0.28048,-5.3763,-1.1361,8.1707,-0.47124,-0.9137,0.031434,-24.119,17.489,15.748,-8.2686,-4.934,-4.403,-0.7549,-0.45585,-0.56034,-23.043,-42.221,219.46,12
-2.866,-2.6604,0.55004,0.0041863,-0.52329,4.0057,-7.9941,-4.3596,-0.47124,-0.9137,0.031434,-22.645,-62.893,8.7297,-11.81,-6.6046,-2.4552,-0.90196,-0.22793,-0.43534,-23.3,-49.944,263.57,12
-16.325,-0.91998,-4.1249,0.14233,-0.38095,6.8656,-9.2778,6.8756,-0.50093,-0.90432,-0.092338,10.04,51.643,-3.7475,-13.055,-8.7459,-1.5935,-0.90196,-0.22793,-0.43534,-13.761,-65.505,314.1,12
-21.842,-4.369,-6.1511,0.29304,0.046049,10.819,-18.947,23.119,-0.50093,-0.90432,-0.092338,-25.49,13.099,-10.732,-16.65,-11.435,-0.51968,-0.90196,-0.22793,-0.43534,-0.22978,-76.838,374.05,12
-21.769,-3.4808,-11.061,0.2763,-0.28885,17.003,-18.936,23.213,-0.50093,-0.90432,-0.092338,-14.157,33.536,8.6058,-20.001,-13.977,1.3428,-0.90196,-0.22793,-0.43534,21.828,-79.272,443.11,12
-21.787,-4.0895,-8.7996,0.35165,0.025118,6.0696,-19.104,12.345,-0.48237,-0.91182,-0.15914,6.1713,36.819,28.946,-21.223,-16.062,2.7802,-0.99216,0.2115,-0.24569,44.045,-65.831,484.57,12
-21.77,-3.3964,-4.3478,0.20931,0.07954,-6.5198,-19.316,-1.906,-0.48237,-0.91182,-0.15914,-22.507,0.04158,34.216,-21.258,-10.144,2.6491,-0.99216,0.2115,-0.24569,64.978,-73.108,449.32,12
-21.712,-3.7869,-0.59346,1.415,0.56515,-17.771,-19.331,3.5224,-0.48237,-0.91182,-0.15914,-74.628,9.7371,14.671,-21.392,-0.10234,3.7657,-0.99216,0.2115,-0.24569,62.591,-96.356,390.66,12
-21.846,-1.1307,-0.69124,3.3197,1.8168,-4.3978,-19.389,-11.211,-0.53247,-0.86492,-0.23183,-63.749,28.344,-17.046,-21.437,1.2316,4.1553,-0.81176,0.68788,-0.12284,41.656,-107.29,347.03,12
-12.43,-3.7387,-4.2207,-0.19257,0.56934,-7.0234,-19.309,-0.22319,-0.53247,-0.86492,-0.23183,-54.854,22.75,-30.732,-21.508,6.2485,3.8541,-0.81176,0.68788,-0.12284,6.8538,-50.705,272.12,12
-7.2284,-3.7292,1.0433,-0.34746,-0.083726,-5.927,-19.232,7.4583,-0.53247,-0.86492,-0.23183,-20.728,-46.031,-61.174,-19.995,7.7558,3.5753,-0.81176,0.68788,-0.12284,-58.936,-4.9361,209.7,12
4.9465,-0.85791,-0.17195,-0.60283,-0.80795,-1.0126,-8.5033,-8.7478,-0.53247,-0.86492,-0.23183,46.632,-93.31,-26.118,-18.153,4.5955,6.5527,-0.81176,0.68788,-0.12284,-111.66,0.57245,181.52,12
12.361,3.1511,1.2941,-0.36421,-0.14233,-0.9739,-2.9358,-6.4482,-0.43785,-0.9137,-0.24165,41.055,-116.19,-2.6895,-13.166,-0.96486,8.5143,-0.59412,0.89117,0.0064655,-129.54,-63.587,172.41,12
14.083,2.4393,0.45112,-0.22606,-0.12559,8.6621,-5.9009,-2.9584,-0.43785,-0.9137,-0.24165,32.63,-119.78,-4.6497,1.095,-5.108,3.2029,-0.59412,0.89117,0.0064655,-122.04,-139.56,168.99,12
6.0805,1.5285,0.70599,-0.046049,0.51491,5.6004,-5.201,-1.2874,-0.43785,-0.9137,-0.24165,25.189,-48.509,2.723,19.391,-8.4421,-7.2138,-0.59412,0.89117,0.0064655,-100.53,-124.83,138.95,12
-1.2745,-0.41715,1.0467,0.14233,0.53585,1.6721,-0.50138,-0.63335,-0.46011,-0.93996,-0.10216,10.782,-42.86,13.633,19.722,-10.15,-16.018,-0.39804,0.95072,0.375,-80.758,-14.786,55.933,12
-2.8157,-0.62976,1.5749,0.29723,0.19257,14.056,-10.303,-0.60376,-0.46011,-0.93996,-0.10216,-5.8056,-57.557,0.98028,19.652,-10.715,-13.505,-0.39804,0.95072,0.375,-76.521,121.69,-48.596,12
-1.9904,0.5299,2.5951,0.18838,-0.037677,4.6675,-3.4933,6.1116,-0.46011,-0.93996,-0.10216,18.313,64.221,-2.7401,15.094,-8.0213,-5.1302,-0.39804,0.95072,0.375,-63.345,110.75,-204.18,12
1.0447,-0.21275,2.1177,0.012559,-0.20931,-2.9782,-1.6854,9.6776,-0.46011,-0.93996,-0.10216,43.179,104.52,4.729,16.839,-7.6775,-3.7485,-0.39804,0.95072,0.375,-56.904,18.718,-381.11,12
3.7517,0.29166,2.8684,0.062794,0.10047,-4.743,-1.4648,9.9522,-0.4731,-0.92683,-0.090373,72.912,76.335,6.4364,16.245,-11.968,-8.8484,-0.60196,0.79261,0.47629,-44.235,46.866,-493.77,12
2.1922,-1.531,0.74642,-0.3349,-0.49817,-3.3852,-4.0644,7.4192,-0.4731,-0.92683,-0.090373,104.95,78.767,9.3788,7.829,-15.432,-10.157,-0.60196,0.79261,0.47629,-39.769,98.526,-550.16,12
1.0947,-1.7034,-0.27962,-0.17164,-0.1214,-5.0331,-5.1091,7.9025,-0.4731,-0.92683,-0.090373,120.9,54.204,13.346,4.1957,-17.563,-9.3365,-0.60196,0.79261,0.47629,-46.376,120.0,-569.28,12
-2.0081,-1.11,-2.121,-0.012559,-0.10466,0.78756,-5.9057,4.4834,-0.51206,-0.89681,0.041257,141.3,10.881,13.371,4.3292,-18.654,-6.4223,-0.99412,0.21355,0.33405,-48.646,162.33,-567.22,12
-3.7504,1.157,-4.2959,-0.012559,-0.11722,2.3203,-7.6737,2.9312,-0.51206,-0.89681,0.041257,163.65,28.822,8.4158,-0.4055,-18.679,-5.9235,-0.99412,0.21355,0.33405,-40.381,216.88,-548.46,12
-3.6944,3.9144,-4.2267,-0.25955,-0.59027,-4.1593,-4.4371,-6.0864,-0.51206,-0.89681,0.041257,161.32,60.405,13.919,-11.792,-18.72,-4.0193,-0.99412,0.21355,0.33405,-29.784,145.46,-529.13,12
-5.2302,2.9259,-2.8735,-0.42282,-0.64887,-3.0046,-4.2772,-11.879,-0.56401,-0.76923,0.33399,115.18,-0.78478,17.618,-10.155,-15.105,-3.4636,-0.99412,0.21355,0.33405,-45.983,15.714,-507.21,12
-8.6319,2.302,-0.44545,-0.27211,-0.60283,15.931,-3.1522,-18.186,-0.56401,-0.76923,0.33399,73.874,-15.785,4.4524,-7.4176,-14.363,-4.2911,-0.9549,-0.4846,-0.053879,-69.446,-50.563,-461.53,12
-10.626,-1.5272,-2.348,-0.51491,-0.38932,-0.3163,1.2243,-18.161,-0.56401,-0.76923,0.33399,49.059,67.399,7.2914,-6.4632,-12.275,-1.4679,-0.9549,-0.4846,-0.053879,-80.399,-86.626,-412.66,12
-20.789,-4.9697,-8.6683,2.4197,1.0173,19.431,-4.2223,-18.267,-0.56401,-0.76923,0.33399,-35.373,-161.85,-30.286,-6.1071,-10.064,1.5905,-0.9549,-0.4846,-0.053879,-89.514,-118.37,-365.59,12
-21.933,2.2187,-16.527,0.51491,0.89168,12.804,-8.1059,-18.506,-0.55102,-0.72795,0.44401,-160.26,334.26,-31.162,-5.4592,-14.555,3.491,-0.61373,-0.88501,-0.077586,-93.805,-152.53,-337.9,12
-21.964,4.7515,-16.309,-0.17164,0.64469,-21.305,-19.158,22.839,-0.55102,-0.72795,0.44401,-50.283,63.989,45.532,-3.6486,-18.598,3.1534,-0.61373,-0.88501,-0.077586,-78.94,-156.12,-319.15,12
-21.869,0.51387,-16.691,-0.19257,0.854,6.8983,0.57614,-13.673,-0.55102,-0.72795,0.44401,-174.11,12.75,-26.804,-1.0864,-18.652,-3.2347,-0.61373,-0.88501,-0.077586,-77.082,-113.92,-271.52,12
-21.807,-4.0707,-12.714,-0.2763,-0.13815,1.3497,-11.891,-18.758,-0.5603,-0.85929,0.053045,-35.505,24.759,4.2143,2.0596,-18.714,-10.415,-0.61373,-0.88501,-0.077586,-96.715,-30.578,-196.21,12
-20.911,-3.9289,-6.8062,-0.25118,0.083726,-2.2741,-16.52,-15.359,-0.5603,-0.85929,0.053045,25.083,-2.6361,0.2462,6.3453,-18.719,-11.936,-0.33137,-1.0452,-0.10129,-6.743,61.786,-107.61,12
-11.08,-1.5322,-1.2958,-0.33909,-0.25118,1.8446,-17.512,-10.607,-0.5603,-0.85929,0.053045,88.899,1.1294,9.0332,4.4236,-18.656,-4.5682,-0.33137,-1.0452,-0.10129,42.97,131.79,82.574,12
1.0466,0.19348,-1.13,-0.2428,-0.03349,-1.471,-19.301,-10.282,-0.5603,-0.85929,0.053045,139.22,-50.016,22.391,4.724,-18.613,-3.264,-0.33137,-1.0452,-0.10129,32.024,150.31,235.24,12
15.746,1.1039,-2.7217,-0.058608,0.25955,-8.9954,-19.323,-3.5561,-0.59369,-0.82552,0.16503,207.32,-76.385,44.958,-2.0421,-18.621,0.94397,-0.33333,-1.0329,-0.18319,45.789,198.3,293.16,12
19.001,0.94077,-6.389,0.046049,0.046049,-0.75808,-19.039,1.0717,-0.59369,-0.82552,0.16503,242.2,-38.385,55.569,-7.2356,-18.639,5.068,-0.33333,-1.0329,-0.18319,40.363,122.48,273.95,12
9.6564,3.5412,-2.0392,-0.075353,0.020931,9.9374,-15.674,-18.872,-0.59369,-0.82552,0.16503,89.298,-133.0,7.7692,-4.7073,-7.0574,5.2617,-0.33333,-1.0329,-0.18319,51.629,-25.647,263.74,12
-4.2282,2.8244,0.20156,-0.34328,-0.10047,-3.1827,-0.044539,-18.315,-0.53803,-0.57599,0.59528,42.306,-172.17,3.7615,5.4465,6.6125,3.2473,-0.33333,-1.0329,-0.18319,68.467,-101.24,270.97,12
-7.6292,-0.35711,-2.2216,-0.52747,-0.25955,19.333,8.2092,-17.698,-0.53803,-0.57599,0.59528,-54.476,-98.721,22.856,18.62,13.063,-2.701,-0.62157,-0.87474,-0.086207,71.784,-56.777,256.16,12
-4.0934,-0.88347,-0.5953,-0.46886,-0.016745,3.0827,-3.552,-12.626,-0.53803,-0.57599,0.59528,-112.72,4.43,26.885,19.093,21.883,-5.7288,-0.62157,-0.87474,-0.086207,48.468,53.251,201.16,12
1.2662,-1.1889,-0.043845,-0.53585,-0.25955,0.96969,-5.5715,-9.623,-0.53803,-0.57599,0.59528,-148.07,-14.483,13.929,6.95,15.757,-0.25379,-0.62157,-0.87474,-0.086207,0.92384,146.24,142.6,12
4.011,-1.0558,0.50497,-0.31816,-0.062794,-2.4366,-9.8673,-4.549,-0.44156,-0.67167,0.57957,-158.84,12.598,11.709,-5.2839,2.7322,3.2199,-0.80392,-0.69815,-0.1056,-12.008,91.876,64.906,12
2.9056,0.17515,0.54208,-0.62794,-0.16327,-4.384,-10.274,-0.71381,-0.44156,-0.67167,0.57957,-165.02,20.549,13.196,0.59941,1.6547,-1.5318,-0.80392,-0.69815,-0.1056,0.1505,15.05,-1.2305,12
1.4171,0.8625,2.0355,-0.73679,-0.016745,0.69082,-9.3716,-1.5138,-0.44156,-0.67167,0.57957,-157.73,8.9167,4.7969,-0.84107,-0.96642,-2.6421,-0.80392,-0.69815,-0.1056,7.4868,12.592,-40.048,12
-0.95346,1.2085,3.4456,-0.77865,-0.15071,-1.0018,-7.9189,4.1461,-0.47495,-0.85178,0.26523,-159.0,46.911,11.08,-10.972,-8.2784,1.159,-0.80392,-0.69815,-0.1056,17.277,4.2267,-13.776,12
-4.6829,-1.2063,5.8493,-0.81633,-0.55678,0.35593,-6.3982,5.7253,-0.47495,-0.85178,0.26523,-139.53,87.083,5.9602,-9.7981,-9.9508,-1.0809,-0.80588,-0.6961,-0.1681,22.886,-27.34,83.764,12
-8.0881,-5.1899,2.8171,0.77865,0.36002,-2.927,-0.49574,8.8418,-0.47495,-0.85178,0.26523,-105.3,108.03,8.2408,-4.6515,-8.3749,-0.49166,-0.80588,-0.6961,-0.1681,24.662,24.534,173.17,12
-10.223,-7.0155,0.42123,2.5495,1.8252,-2.8467,-8.0744,12.359,-0.52134,-0.90807,-0.10216,-74.977,29.924,8.271,-10.09,-9.0465,1.3498,-0.80588,-0.6961,-0.1681,24.508,45.097,232.89,12
-12.161,-2.5313,-2.4699,-0.73679,-0.20513,-0.77005,-5.1792,14.754,-0.52134,-0.90807,-0.10216,-12.03,39.203,3.889,-12.492,-10.089,1.0893,-0.88627,-0.5462,-0.15733,24.986,21.004,292.35,12
